# k, P_{cc}, P_{hc,r}, P_{hc,0}
#  Realization 9
8.018244989216327667e-03 7.354230499267578125e+01 1.009985809326171875e+02 1.222539672851562500e+02
1.401655934751033783e-02 5.009489822387695312e+01 6.645620727539062500e+01 7.788060760498046875e+01
1.969251595437526703e-02 4.790440368652343750e+01 6.579950714111328125e+01 7.410164642333984375e+01
2.551339380443096161e-02 5.568025588989257812e+01 7.449062347412109375e+01 8.930895996093750000e+01
3.202908113598823547e-02 4.603487014770507812e+01 6.053689956665039062e+01 7.025431060791015625e+01
3.846523538231849670e-02 3.752869415283203125e+01 4.980453491210937500e+01 5.946002197265625000e+01
4.443310573697090149e-02 3.448381423950195312e+01 4.602338790893554688e+01 5.421626663208007812e+01
5.042308941483497620e-02 3.201683807373046875e+01 4.324635696411132812e+01 5.011623764038085938e+01
5.690929666161537170e-02 2.778651809692382812e+01 3.747310256958007812e+01 4.412791824340820312e+01
6.341847032308578491e-02 2.292563056945800781e+01 3.047925186157226562e+01 3.609319305419921875e+01
6.949992477893829346e-02 2.467838478088378906e+01 3.263666915893554688e+01 3.821889877319335938e+01
7.558133453130722046e-02 2.241740989685058594e+01 2.981424713134765625e+01 3.449559402465820312e+01
8.196274191141128540e-02 1.995412635803222656e+01 2.695882606506347656e+01 3.123791503906250000e+01
8.830232173204421997e-02 1.730361938476562500e+01 2.329300880432128906e+01 2.722834205627441406e+01
9.435217082500457764e-02 1.526176166534423828e+01 2.053477859497070312e+01 2.388901519775390625e+01
1.005600690841674805e-01 1.344184589385986328e+01 1.797024917602539062e+01 2.064796066284179688e+01
1.070138886570930481e-01 1.253591918945312500e+01 1.658550071716308594e+01 1.916464614868164062e+01
1.134273484349250793e-01 1.162884521484375000e+01 1.566752433776855469e+01 1.798546028137207031e+01
1.196089535951614380e-01 1.054395961761474609e+01 1.407849121093750000e+01 1.603302383422851562e+01
1.257804334163665771e-01 1.032322883605957031e+01 1.371112346649169922e+01 1.559263420104980469e+01
1.321490257978439331e-01 1.009331130981445312e+01 1.336257362365722656e+01 1.504098129272460938e+01
1.384563297033309937e-01 9.283841133117675781e+00 1.245267868041992188e+01 1.407939434051513672e+01
1.446497291326522827e-01 8.914870262145996094e+00 1.182872676849365234e+01 1.324859619140625000e+01
1.508535146713256836e-01 8.304925918579101562e+00 1.099507713317871094e+01 1.234553527832031250e+01
1.571729034185409546e-01 7.517482280731201172e+00 9.898590087890625000e+00 1.109846687316894531e+01
1.635417938232421875e-01 7.090270042419433594e+00 9.385517120361328125e+00 1.054401874542236328e+01
1.698256134986877441e-01 6.716392517089843750e+00 8.824688911437988281e+00 9.849195480346679688e+00
1.761013567447662354e-01 6.411161899566650391e+00 8.387048721313476562e+00 9.279150009155273438e+00
1.823998540639877319e-01 5.985084533691406250e+00 7.907547950744628906e+00 8.687630653381347656e+00
1.886507123708724976e-01 5.906862735748291016e+00 7.768934249877929688e+00 8.429474830627441406e+00
1.949081569910049438e-01 5.721243858337402344e+00 7.499818325042724609e+00 8.151258468627929688e+00
2.011425346136093140e-01 5.295880317687988281e+00 6.956201076507568359e+00 7.536112308502197266e+00
2.073954045772552490e-01 5.169503688812255859e+00 6.754759311676025391e+00 7.298779964447021484e+00
2.137389332056045532e-01 4.970398426055908203e+00 6.533822536468505859e+00 7.007132053375244141e+00
2.200330942869186401e-01 4.718297004699707031e+00 6.141619205474853516e+00 6.583499908447265625e+00
2.262930423021316528e-01 4.517337322235107422e+00 5.826565265655517578e+00 6.183137893676757812e+00
2.325985133647918701e-01 4.340778827667236328e+00 5.664117813110351562e+00 5.989993572235107422e+00
2.388891130685806274e-01 4.163272380828857422e+00 5.396953582763671875e+00 5.696436882019042969e+00
2.451218813657760620e-01 3.972784996032714844e+00 5.130338191986083984e+00 5.359208106994628906e+00
2.513737380504608154e-01 3.858998060226440430e+00 4.992239475250244141e+00 5.189317703247070312e+00
2.577070593833923340e-01 3.726782798767089844e+00 4.811402320861816406e+00 4.989320278167724609e+00
2.640204429626464844e-01 3.511177301406860352e+00 4.490084648132324219e+00 4.581934452056884766e+00
2.702898085117340088e-01 3.455333709716796875e+00 4.430670738220214844e+00 4.470531940460205078e+00
2.765615284442901611e-01 3.367540359497070312e+00 4.327229499816894531e+00 4.322033405303955078e+00
2.828698754310607910e-01 3.236815452575683594e+00 4.142569065093994141e+00 4.167818069458007812e+00
2.891486585140228271e-01 3.138072252273559570e+00 4.006502151489257812e+00 3.961095809936523438e+00
2.953523397445678711e-01 3.052508831024169922e+00 3.900384187698364258e+00 3.862142801284790039e+00
3.016075491905212402e-01 3.030107736587524414e+00 3.851386785507202148e+00 3.760675668716430664e+00
3.079382479190826416e-01 2.882844924926757812e+00 3.682798385620117188e+00 3.551538944244384766e+00
3.142760396003723145e-01 2.828785419464111328e+00 3.590854644775390625e+00 3.459210872650146484e+00
3.205462992191314697e-01 2.758543968200683594e+00 3.516927719116210938e+00 3.333953142166137695e+00
3.268128037452697754e-01 2.680572986602783203e+00 3.385118484497070312e+00 3.205115556716918945e+00
3.331238031387329102e-01 2.604206562042236328e+00 3.270548582077026367e+00 3.062160253524780273e+00
3.394046723842620850e-01 2.547844886779785156e+00 3.186612367630004883e+00 2.971275806427001953e+00
3.456391692161560059e-01 2.482254981994628906e+00 3.102496385574340820e+00 2.862208127975463867e+00
3.518808186054229736e-01 2.416045427322387695e+00 3.015638113021850586e+00 2.758603334426879883e+00
3.582032322883605957e-01 2.368126630783081055e+00 2.937224864959716797e+00 2.656177759170532227e+00
3.645117878913879395e-01 2.289083957672119141e+00 2.857586860656738281e+00 2.566555261611938477e+00
3.707640767097473145e-01 2.232866287231445312e+00 2.789705991744995117e+00 2.461873531341552734e+00
3.770540952682495117e-01 2.214755058288574219e+00 2.749922752380371094e+00 2.437205314636230469e+00
3.833588361740112305e-01 2.141365051269531250e+00 2.658904314041137695e+00 2.334239006042480469e+00
3.896513879299163818e-01 2.113764047622680664e+00 2.604332208633422852e+00 2.265746355056762695e+00
3.958770036697387695e-01 2.084238767623901367e+00 2.575655221939086914e+00 2.195706605911254883e+00
4.021126329898834229e-01 2.025328397750854492e+00 2.505064010620117188e+00 2.110488176345825195e+00
4.084537327289581299e-01 1.980549812316894531e+00 2.432832956314086914e+00 2.038364410400390625e+00
4.147696197032928467e-01 1.959709048271179199e+00 2.392179012298583984e+00 1.990694999694824219e+00
4.210544228553771973e-01 1.922157526016235352e+00 2.353226184844970703e+00 1.941138982772827148e+00
4.273288547992706299e-01 1.883755922317504883e+00 2.302349090576171875e+00 1.861745834350585938e+00
4.336213767528533936e-01 1.853730916976928711e+00 2.264203071594238281e+00 1.829201579093933105e+00
4.399181902408599854e-01 1.828184127807617188e+00 2.227234125137329102e+00 1.788861393928527832e+00
4.461484551429748535e-01 1.767515778541564941e+00 2.152920484542846680e+00 1.687636017799377441e+00
4.524188637733459473e-01 1.751191377639770508e+00 2.124105453491210938e+00 1.659149050712585449e+00
4.587154984474182129e-01 1.709548354148864746e+00 2.070443153381347656e+00 1.603292226791381836e+00
4.650256633758544922e-01 1.689264297485351562e+00 2.037960290908813477e+00 1.570072293281555176e+00
4.713141322135925293e-01 1.657767534255981445e+00 1.992914557456970215e+00 1.513416767120361328e+00
4.775804579257965088e-01 1.623322486877441406e+00 1.969961047172546387e+00 1.479503154754638672e+00
4.838812351226806641e-01 1.617821931838989258e+00 1.942901134490966797e+00 1.444722771644592285e+00
4.901502430438995361e-01 1.582485437393188477e+00 1.910725831985473633e+00 1.410676956176757812e+00
4.963996410369873047e-01 1.561581134796142578e+00 1.872860670089721680e+00 1.371261358261108398e+00
5.026662349700927734e-01 1.523121237754821777e+00 1.827479481697082520e+00 1.321855902671813965e+00
5.089647173881530762e-01 1.513819336891174316e+00 1.800829172134399414e+00 1.277027726173400879e+00
5.152750611305236816e-01 1.480384945869445801e+00 1.763634324073791504e+00 1.241686701774597168e+00
5.215665102005004883e-01 1.468838334083557129e+00 1.747056007385253906e+00 1.225825667381286621e+00
5.278289914131164551e-01 1.455561757087707520e+00 1.743654847145080566e+00 1.198549747467041016e+00
5.341163873672485352e-01 1.424478888511657715e+00 1.681303501129150391e+00 1.151879191398620605e+00
5.404307842254638672e-01 1.405457139015197754e+00 1.665032982826232910e+00 1.119850039482116699e+00
5.466980934143066406e-01 1.397663116455078125e+00 1.647276282310485840e+00 1.099196910858154297e+00
5.529599189758300781e-01 1.372591018676757812e+00 1.618270993232727051e+00 1.064075827598571777e+00
5.592443943023681641e-01 1.358409643173217773e+00 1.605033040046691895e+00 1.041939139366149902e+00
5.655549764633178711e-01 1.334411978721618652e+00 1.572336435317993164e+00 1.015768527984619141e+00
5.718548893928527832e-01 1.327199935913085938e+00 1.558826923370361328e+00 9.924556016921997070e-01
5.781230330467224121e-01 1.305854916572570801e+00 1.535689949989318848e+00 9.731746912002563477e-01
5.844058990478515625e-01 1.290294528007507324e+00 1.522513389587402344e+00 9.559869766235351562e-01
5.906696915626525879e-01 1.273122906684875488e+00 1.498442530632019043e+00 9.308843612670898438e-01
5.969164371490478516e-01 1.264023303985595703e+00 1.484696030616760254e+00 9.120915532112121582e-01
6.031712889671325684e-01 1.243156075477600098e+00 1.457339525222778320e+00 8.828845024108886719e-01
6.094692349433898926e-01 1.236398816108703613e+00 1.450188398361206055e+00 8.689873814582824707e-01
6.158122420310974121e-01 1.207527637481689453e+00 1.407137989997863770e+00 8.463162779808044434e-01
6.221026778221130371e-01 1.203562855720520020e+00 1.410965204238891602e+00 8.321865797042846680e-01
6.283664703369140625e-01 1.185475945472717285e+00 1.378222227096557617e+00 8.120784759521484375e-01
6.346465945243835449e-01 1.181808352470397949e+00 1.371312141418457031e+00 7.847073078155517578e-01
6.409400701522827148e-01 1.165237784385681152e+00 1.356706976890563965e+00 7.646383643150329590e-01
6.472375988960266113e-01 1.150763392448425293e+00 1.335082292556762695e+00 7.613176703453063965e-01
6.534771919250488281e-01 1.133392572402954102e+00 1.317958354949951172e+00 7.405189275741577148e-01
6.597641706466674805e-01 1.122982621192932129e+00 1.308622717857360840e+00 7.298386096954345703e-01
6.660755872726440430e-01 1.118849754333496094e+00 1.300193548202514648e+00 7.130200862884521484e-01
6.723406314849853516e-01 1.101625442504882812e+00 1.274069190025329590e+00 6.882013082504272461e-01
6.786084175109863281e-01 1.086456537246704102e+00 1.254601120948791504e+00 6.835080385208129883e-01
6.849139928817749023e-01 1.081983923912048340e+00 1.252305150032043457e+00 6.637241840362548828e-01
6.912255883216857910e-01 1.065405488014221191e+00 1.230589151382446289e+00 6.553543210029602051e-01
6.974714994430541992e-01 1.064545154571533203e+00 1.226546525955200195e+00 6.448801159858703613e-01
7.037312388420104980e-01 1.052450656890869141e+00 1.209946155548095703e+00 6.192528009414672852e-01
7.100222706794738770e-01 1.038603544235229492e+00 1.195896029472351074e+00 6.117091178894042969e-01
7.163255810737609863e-01 1.034497380256652832e+00 1.191130876541137695e+00 6.064950823783874512e-01
7.226014137268066406e-01 1.022297024726867676e+00 1.174722313880920410e+00 5.970264077186584473e-01
7.288721799850463867e-01 1.005521297454833984e+00 1.149237990379333496e+00 5.749399662017822266e-01
7.351884245872497559e-01 1.006901144981384277e+00 1.157535076141357422e+00 5.715906023979187012e-01
7.414690256118774414e-01 9.925791621208190918e-01 1.136501193046569824e+00 5.563518404960632324e-01
7.477109432220458984e-01 9.866536855697631836e-01 1.125499486923217773e+00 5.489044189453125000e-01
7.539890408515930176e-01 9.684655666351318359e-01 1.108651161193847656e+00 5.329561829566955566e-01
7.602919936180114746e-01 9.630835652351379395e-01 1.101289987564086914e+00 5.246683359146118164e-01
7.665897607803344727e-01 9.511771202087402344e-01 1.082653522491455078e+00 5.112839341163635254e-01
7.728743553161621094e-01 9.447476267814636230e-01 1.085504174232482910e+00 5.089060068130493164e-01
7.791499495506286621e-01 9.392524361610412598e-01 1.069611430168151855e+00 5.012360811233520508e-01
7.854521274566650391e-01 9.325765371322631836e-01 1.062360525131225586e+00 4.962453842163085938e-01
7.917414903640747070e-01 9.238023161888122559e-01 1.056918859481811523e+00 4.764319360256195068e-01
7.979945540428161621e-01 9.173837304115295410e-01 1.047579288482666016e+00 4.753503799438476562e-01
8.042516112327575684e-01 9.043908715248107910e-01 1.034158349037170410e+00 4.677164554595947266e-01
