# k, P_{cc}, P_{hh,r}, P_{hh,0}, P_{hh,2}, P_{hh,4}, P_{h0,hr}, P_{h2,hr}, P_{hc,r}, P_{hc,0}, P_{hc,2}, P_{hc,4}, P_pSN
#  Realization 15
8.018244989216327667e-03 5.837293624877929688e+01 2.442303466796875000e+02 2.898989562988281250e+02 -9.399343872070312500e+01 7.057927608489990234e+00 2.648965454101562500e+02 -2.728653144836425781e+01 1.170380630493164062e+02 1.273396377563476562e+02 -1.382487106323242188e+01 4.586838245391845703e+00 1.304188346862792969e+01
1.401655934751033783e-02 7.245512390136718750e+01 2.966685485839843750e+02 3.555977783203125000e+02 -9.136873626708984375e+01 -9.639338684082031250e+01 3.237563476562500000e+02 -2.683435821533203125e+01 1.445117187500000000e+02 1.577931060791015625e+02 -1.498914527893066406e+01 -4.036675453186035156e+00 1.304188346862792969e+01
1.969251595437526703e-02 5.354701614379882812e+01 2.183820190429687500e+02 2.649137268066406250e+02 -4.014126968383789062e+01 1.235461578369140625e+02 2.392543792724609375e+02 -1.823378562927246094e+01 1.056157455444335938e+02 1.164124221801757812e+02 -8.012964248657226562e+00 6.372366905212402344e+00 1.304188346862792969e+01
2.551339380443096161e-02 5.191886901855468750e+01 2.178679656982421875e+02 2.771819152832031250e+02 1.453620147705078125e+02 1.591918945312500000e+02 2.443137054443359375e+02 1.308647060394287109e+01 1.043539047241210938e+02 1.177667541503906250e+02 7.752781867980957031e+00 6.043405532836914062e+00 1.304188346862792969e+01
3.202908113598823547e-02 4.066989135742187500e+01 1.617508697509765625e+02 2.051215972900390625e+02 9.122381591796875000e+01 -5.900690078735351562e+01 1.812537231445312500e+02 8.868322372436523438e+00 7.922414398193359375e+01 8.910020446777343750e+01 3.784290552139282227e+00 -3.198555707931518555e+00 1.304188346862792969e+01
3.846523538231849670e-02 3.818829345703125000e+01 1.615819854736328125e+02 2.047197570800781250e+02 1.081659469604492188e+02 -1.445254135131835938e+01 1.808486175537109375e+02 1.110086345672607422e+01 7.619516754150390625e+01 8.574363708496093750e+01 5.309232234954833984e+00 -9.322585463523864746e-01 1.304188346862792969e+01
4.443310573697090149e-02 3.459439468383789062e+01 1.426987762451171875e+02 1.797290496826171875e+02 8.437729644775390625e+01 4.627165603637695312e+01 1.591545257568359375e+02 7.688338279724121094e+00 6.798414611816406250e+01 7.627201843261718750e+01 3.802692651748657227e+00 2.271133422851562500e+00 1.304188346862792969e+01
5.042308941483497620e-02 2.803801727294921875e+01 1.193210754394531250e+02 1.514846343994140625e+02 7.955052185058593750e+01 -1.684527754783630371e+00 1.335240173339843750e+02 8.205101966857910156e+00 5.536043167114257812e+01 6.257681655883789062e+01 4.236073970794677734e+00 -5.013327002525329590e-01 1.304188346862792969e+01
5.690929666161537170e-02 2.686498451232910156e+01 1.181347579956054688e+02 1.464354858398437500e+02 5.008460235595703125e+01 2.125370688736438751e-02 1.305751495361328125e+02 3.383580207824707031e+00 5.417921066284179688e+01 6.037205886840820312e+01 1.931385397911071777e+00 -8.447647094726562500e-02 1.304188346862792969e+01
6.341847032308578491e-02 2.514409637451171875e+01 1.085188674926757812e+02 1.358637237548828125e+02 5.688933944702148438e+01 1.099321460723876953e+01 1.203594131469726562e+02 4.486975669860839844e+00 4.992327499389648438e+01 5.586341094970703125e+01 2.187448978424072266e+00 4.932521879673004150e-01 1.304188346862792969e+01
6.949992477893829346e-02 2.205641174316406250e+01 9.793888854980468750e+01 1.225012435913085938e+02 7.042105102539062500e+01 2.521102142333984375e+01 1.085158462524414062e+02 7.491654396057128906e+00 4.432741165161132812e+01 4.950583267211914062e+01 3.391052484512329102e+00 7.233429551124572754e-01 1.304188346862792969e+01
7.558133453130722046e-02 2.069740295410156250e+01 9.123699188232421875e+01 1.115151290893554688e+02 3.802924728393554688e+01 -8.837488174438476562e+00 9.983151245117187500e+01 2.943444490432739258e+00 4.124995803833007812e+01 4.559332656860351562e+01 1.404340744018554688e+00 -2.034752368927001953e-01 1.304188346862792969e+01
8.196274191141128540e-02 1.868817710876464844e+01 8.591456604003906250e+01 1.046782913208007812e+02 3.007051467895507812e+01 1.257665824890136719e+01 9.366728210449218750e+01 1.300292372703552246e+00 3.781178665161132812e+01 4.162480926513671875e+01 6.873289942741394043e-01 3.343873918056488037e-01 1.304188346862792969e+01
8.830232173204421997e-02 1.596103286743164062e+01 7.556417846679687500e+01 9.150495910644531250e+01 2.661447334289550781e+01 4.067409992218017578e+00 8.196711730957031250e+01 1.271732568740844727e+00 3.261145782470703125e+01 3.584482192993164062e+01 8.741958141326904297e-01 2.008476108312606812e-01 1.304188346862792969e+01
9.435217082500457764e-02 1.461623096466064453e+01 6.857877349853515625e+01 8.391770172119140625e+01 2.928225517272949219e+01 -9.383572578430175781e+00 7.471957397460937500e+01 2.102007627487182617e+00 2.962440299987792969e+01 3.258835601806640625e+01 7.936065196990966797e-01 -4.295855760574340820e-01 1.304188346862792969e+01
1.005600690841674805e-01 1.312065601348876953e+01 6.356798553466796875e+01 7.732860565185546875e+01 2.872562789916992188e+01 1.434259772300720215e+00 6.884195709228515625e+01 2.091974973678588867e+00 2.672013282775878906e+01 2.931336021423339844e+01 1.026665687561035156e+00 6.716480944305658340e-03 1.304188346862792969e+01
1.070138886570930481e-01 1.260923480987548828e+01 6.145552444458007812e+01 7.493453979492187500e+01 2.573726654052734375e+01 3.824498891830444336e+00 6.653900909423828125e+01 1.396214127540588379e+00 2.577433967590332031e+01 2.827341842651367188e+01 7.102152109146118164e-01 2.627655677497386932e-02 1.304188346862792969e+01
1.134273484349250793e-01 1.158407402038574219e+01 5.746129989624023438e+01 6.883255004882812500e+01 2.509521865844726562e+01 1.391626453399658203e+01 6.152584457397460938e+01 1.645951986312866211e+00 2.376148796081542969e+01 2.576949310302734375e+01 9.129607081413269043e-01 5.060209035873413086e-01 1.304188346862792969e+01
1.196089535951614380e-01 1.075424575805664062e+01 5.424720001220703125e+01 6.566426086425781250e+01 2.308030700683593750e+01 -9.439945816993713379e-01 5.819318389892578125e+01 1.237746953964233398e+00 2.207361984252929688e+01 2.402141571044921875e+01 5.860183835029602051e-01 -1.722812950611114502e-01 1.304188346862792969e+01
1.257804334163665771e-01 1.036500453948974609e+01 5.314097976684570312e+01 6.412765502929687500e+01 2.074395561218261719e+01 1.423667907714843750e+00 5.689228439331054688e+01 1.131738662719726562e+00 2.139793205261230469e+01 2.326111602783203125e+01 6.621189713478088379e-01 -4.775388538837432861e-02 1.304188346862792969e+01
1.321490257978439331e-01 1.000119781494140625e+01 4.989263153076171875e+01 6.016810226440429688e+01 2.225540542602539062e+01 2.767550706863403320e+00 5.323778533935546875e+01 1.427091717720031738e+00 2.025684356689453125e+01 2.194665718078613281e+01 7.823317646980285645e-01 1.047829240560531616e-01 1.304188346862792969e+01
1.384563297033309937e-01 9.528760910034179688e+00 5.007329940795898438e+01 5.895567703247070312e+01 1.740552902221679688e+01 6.683059692382812500e+00 5.269446563720703125e+01 6.275647282600402832e-01 1.982056617736816406e+01 2.114591979980468750e+01 2.556778490543365479e-01 1.333250701427459717e-01 1.304188346862792969e+01
1.446497291326522827e-01 8.674184799194335938e+00 4.602495574951171875e+01 5.498749923706054688e+01 2.193262290954589844e+01 5.763896107673645020e-01 4.857631301879882812e+01 1.647352218627929688e+00 1.796529769897460938e+01 1.927506637573242188e+01 7.069037556648254395e-01 -4.439974948763847351e-02 1.304188346862792969e+01
1.508535146713256836e-01 8.097819328308105469e+00 4.388220214843750000e+01 5.232493972778320312e+01 2.128202247619628906e+01 -1.303429007530212402e+00 4.614464950561523438e+01 1.541191220283508301e+00 1.684349632263183594e+01 1.803892326354980469e+01 7.125371694564819336e-01 -5.506823584437370300e-02 1.304188346862792969e+01
1.571729034185409546e-01 7.453285217285156250e+00 4.171965789794921875e+01 4.986363983154296875e+01 1.657202911376953125e+01 1.844206213951110840e+00 4.380642700195312500e+01 6.625455617904663086e-01 1.564659023284912109e+01 1.674387931823730469e+01 3.991054594516754150e-01 3.966051340103149414e-02 1.304188346862792969e+01
1.635417938232421875e-01 6.953361511230468750e+00 3.894194030761718750e+01 4.657732772827148438e+01 1.745100402832031250e+01 1.550876259803771973e+00 4.067282867431640625e+01 9.251877069473266602e-01 1.445192337036132812e+01 1.542535781860351562e+01 4.815625548362731934e-01 6.414548028260469437e-03 1.304188346862792969e+01
1.698256134986877441e-01 6.546449184417724609e+00 3.734778213500976562e+01 4.472377395629882812e+01 1.714006423950195312e+01 4.752423286437988281e+00 3.897071838378906250e+01 8.606449961662292480e-01 1.366982746124267578e+01 1.458360671997070312e+01 5.089701414108276367e-01 1.502617448568344116e-01 1.304188346862792969e+01
1.761013567447662354e-01 6.201059818267822266e+00 3.582651901245117188e+01 4.309201812744140625e+01 1.647842407226562500e+01 3.409773826599121094e+00 3.730009078979492188e+01 7.502045035362243652e-01 1.292145538330078125e+01 1.377282333374023438e+01 4.028474390506744385e-01 1.392476558685302734e-01 1.304188346862792969e+01
1.823998540639877319e-01 6.086048126220703125e+00 3.613212585449218750e+01 4.280069351196289062e+01 1.222714710235595703e+01 5.002392768859863281e+00 3.721685409545898438e+01 -5.775332823395729065e-02 1.294015884399414062e+01 1.360050964355468750e+01 1.009034663438796997e-01 1.464889943599700928e-01 1.304188346862792969e+01
1.886507123708724976e-01 5.897001266479492188e+00 3.514073181152343750e+01 4.112150192260742188e+01 1.387612628936767578e+01 4.151149749755859375e+00 3.584527587890625000e+01 4.752483367919921875e-01 1.249219608306884766e+01 1.301659584045410156e+01 2.851930558681488037e-01 1.161949113011360168e-01 1.304188346862792969e+01
1.949081569910049438e-01 5.524377346038818359e+00 3.385762023925781250e+01 3.970169448852539062e+01 1.250445365905761719e+01 4.466076374053955078e+00 3.441872024536132812e+01 2.129920274019241333e-01 1.178142833709716797e+01 1.222531986236572266e+01 1.261415332555770874e-01 6.973934173583984375e-02 1.304188346862792969e+01
2.011425346136093140e-01 5.230156898498535156e+00 3.241880035400390625e+01 3.837593078613281250e+01 1.175413799285888672e+01 3.488953828811645508e+00 3.297511291503906250e+01 7.172395009547472000e-03 1.115594577789306641e+01 1.158452606201171875e+01 7.192771881818771362e-02 9.487526118755340576e-02 1.304188346862792969e+01
2.073954045772552490e-01 5.198834896087646484e+00 3.226935195922851562e+01 3.776593780517578125e+01 1.131848716735839844e+01 4.274175643920898438e+00 3.253782272338867188e+01 -5.759583413600921631e-02 1.105604457855224609e+01 1.140735912322998047e+01 1.147840470075607300e-01 1.127162501215934753e-01 1.304188346862792969e+01
2.137389332056045532e-01 4.809266090393066406e+00 3.080422782897949219e+01 3.664616394042968750e+01 1.332877349853515625e+01 3.699924230575561523e+00 3.110845565795898438e+01 2.443374246358871460e-01 1.027085685729980469e+01 1.063567543029785156e+01 2.104558348655700684e-01 6.072097271680831909e-02 1.304188346862792969e+01
2.200330942869186401e-01 4.645607471466064453e+00 3.035443496704101562e+01 3.566218566894531250e+01 1.131158542633056641e+01 5.719051361083984375e+00 3.035748291015625000e+01 -1.797832399606704712e-01 9.984780311584472656e+00 1.023955535888671875e+01 1.181886792182922363e-01 6.811337918043136597e-02 1.304188346862792969e+01
2.262930423021316528e-01 4.485777854919433594e+00 2.967460250854492188e+01 3.476093673706054688e+01 1.093103599548339844e+01 -1.122374653816223145e+00 2.951544189453125000e+01 -5.132665485143661499e-02 9.648944854736328125e+00 9.853055000305175781e+00 1.139766201376914978e-01 -5.332782119512557983e-02 1.304188346862792969e+01
2.325985133647918701e-01 4.151794433593750000e+00 2.821712112426757812e+01 3.283880615234375000e+01 1.125797557830810547e+01 3.561170101165771484e+00 2.780460548400878906e+01 1.884669298306107521e-03 8.924753189086914062e+00 9.044382095336914062e+00 5.781868472695350647e-02 7.554107904434204102e-02 1.304188346862792969e+01
2.388891130685806274e-01 4.064860820770263672e+00 2.804762077331542969e+01 3.247563171386718750e+01 1.146012878417968750e+01 3.030433416366577148e+00 2.749549674987792969e+01 8.036758005619049072e-02 8.867691040039062500e+00 8.938622474670410156e+00 1.247311756014823914e-01 3.814349696040153503e-02 1.304188346862792969e+01
2.451218813657760620e-01 3.944019794464111328e+00 2.735088539123535156e+01 3.175052070617675781e+01 1.113035297393798828e+01 3.728612661361694336e+00 2.663951301574707031e+01 -4.778710007667541504e-02 8.552356719970703125e+00 8.544217109680175781e+00 4.154769703745841980e-02 6.857764720916748047e-02 1.304188346862792969e+01
2.513737380504608154e-01 3.786988735198974609e+00 2.663191223144531250e+01 3.079513549804687500e+01 7.985100746154785156e+00 2.131124973297119141e+00 2.569266891479492188e+01 -6.382892727851867676e-01 8.220058441162109375e+00 8.133241653442382812e+00 -1.457300335168838501e-01 2.420396357774734497e-02 1.304188346862792969e+01
2.577070593833923340e-01 3.662422180175781250e+00 2.620204925537109375e+01 3.041124725341796875e+01 9.169365882873535156e+00 9.401308298110961914e-01 2.532696723937988281e+01 -2.783833742141723633e-01 7.997121810913085938e+00 7.968039512634277344e+00 -4.565625265240669250e-02 2.856906130909919739e-02 1.304188346862792969e+01
2.640204429626464844e-01 3.594377517700195312e+00 2.575434494018554688e+01 2.988531875610351562e+01 9.057374000549316406e+00 3.149526834487915039e+00 2.481098747253417969e+01 -3.240689933300018311e-01 7.793939590454101562e+00 7.670157909393310547e+00 -2.482519112527370453e-02 7.414804399013519287e-02 1.304188346862792969e+01
2.702898085117340088e-01 3.495789289474487305e+00 2.567670059204101562e+01 2.969613265991210938e+01 9.346122741699218750e+00 2.474948644638061523e+00 2.456965255737304688e+01 -3.490093350410461426e-01 7.662231922149658203e+00 7.530162334442138672e+00 -8.533090353012084961e-03 4.303722456097602844e-02 1.304188346862792969e+01
2.765615284442901611e-01 3.405146121978759766e+00 2.501876258850097656e+01 2.872885704040527344e+01 9.721913337707519531e+00 4.438231945037841797e+00 2.370717811584472656e+01 -2.635526955127716064e-01 7.409543037414550781e+00 7.235554218292236328e+00 -1.734407059848308563e-02 8.774636685848236084e-02 1.304188346862792969e+01
2.828698754310607910e-01 3.284816980361938477e+00 2.426398658752441406e+01 2.779541206359863281e+01 7.412524223327636719e+00 1.801313757896423340e+00 2.274636077880859375e+01 -6.678489446640014648e-01 7.149075031280517578e+00 6.892474651336669922e+00 -1.069367751479148865e-01 5.399584397673606873e-02 1.304188346862792969e+01
2.891486585140228271e-01 3.149238824844360352e+00 2.412597656250000000e+01 2.763766479492187500e+01 6.909068584442138672e+00 2.079741239547729492e+00 2.252141380310058594e+01 -7.727349996566772461e-01 6.922567367553710938e+00 6.647089481353759766e+00 -1.368128210306167603e-01 4.143558815121650696e-02 1.304188346862792969e+01
2.953523397445678711e-01 3.044892311096191406e+00 2.344420814514160156e+01 2.672773361206054688e+01 7.085780620574951172e+00 1.588804841041564941e+00 2.164537620544433594e+01 -7.120900154113769531e-01 6.682234764099121094e+00 6.328738689422607422e+00 -1.618073284626007080e-01 1.567218825221061707e-02 1.304188346862792969e+01
3.016075491905212402e-01 2.996131658554077148e+00 2.288060760498046875e+01 2.612798881530761719e+01 7.382593631744384766e+00 2.157568693161010742e+00 2.105271530151367188e+01 -6.717603206634521484e-01 6.510689735412597656e+00 6.178705215454101562e+00 -1.146796420216560364e-01 4.835538193583488464e-02 1.304188346862792969e+01
3.079382479190826416e-01 2.907072782516479492e+00 2.280500411987304688e+01 2.579961585998535156e+01 7.547194004058837891e+00 2.569224357604980469e+00 2.070524406433105469e+01 -6.923637390136718750e-01 6.354124546051025391e+00 5.934878826141357422e+00 -1.025271862745285034e-01 5.745675787329673767e-02 1.304188346862792969e+01
3.142760396003723145e-01 2.880351305007934570e+00 2.257815551757812500e+01 2.563466262817382812e+01 7.310078144073486328e+00 2.411670446395874023e+00 2.043901634216308594e+01 -7.619149088859558105e-01 6.288693428039550781e+00 5.877091407775878906e+00 -1.319273114204406738e-01 8.100634068250656128e-02 1.304188346862792969e+01
3.205462992191314697e-01 2.831082582473754883e+00 2.247474479675292969e+01 2.515527725219726562e+01 5.567965030670166016e+00 1.568841814994812012e+00 2.010812377929687500e+01 -1.001429438591003418e+00 6.220029354095458984e+00 5.758334159851074219e+00 -2.095041871070861816e-01 4.495354741811752319e-02 1.304188346862792969e+01
3.268128037452697754e-01 2.791245698928833008e+00 2.200747680664062500e+01 2.492252349853515625e+01 6.119470119476318359e+00 1.188179016113281250e+00 1.964163208007812500e+01 -9.482313990592956543e-01 6.042088508605957031e+00 5.562444686889648438e+00 -2.038156390190124512e-01 5.593737587332725525e-02 1.304188346862792969e+01
3.331238031387329102e-01 2.733995199203491211e+00 2.185178565979003906e+01 2.482856941223144531e+01 6.997530460357666016e+00 1.929159641265869141e+00 1.938372039794921875e+01 -8.327954411506652832e-01 5.956264019012451172e+00 5.437344551086425781e+00 -1.825090348720550537e-01 5.161522701382637024e-02 1.304188346862792969e+01
3.394046723842620850e-01 2.707648992538452148e+00 2.186792373657226562e+01 2.457864761352539062e+01 5.953815937042236328e+00 3.148756980895996094e+00 1.922857666015625000e+01 -1.006224393844604492e+00 5.895126342773437500e+00 5.299252033233642578e+00 -2.539853155612945557e-01 8.859805017709732056e-02 1.304188346862792969e+01
3.456391692161560059e-01 2.655550479888916016e+00 2.166175651550292969e+01 2.460703277587890625e+01 6.004154205322265625e+00 3.344827890396118164e+00 1.900848960876464844e+01 -1.109396696090698242e+00 5.796842098236083984e+00 5.205545902252197266e+00 -2.598339617252349854e-01 1.062973588705062866e-01 1.304188346862792969e+01
3.518808186054229736e-01 2.626732587814331055e+00 2.150951766967773438e+01 2.416884422302246094e+01 6.243809700012207031e+00 3.921926259994506836e+00 1.856843757629394531e+01 -1.089519143104553223e+00 5.690403938293457031e+00 5.066020011901855469e+00 -2.258592098951339722e-01 1.096410900354385376e-01 1.304188346862792969e+01
3.582032322883605957e-01 2.586450576782226562e+00 2.119246101379394531e+01 2.348555946350097656e+01 5.603834629058837891e+00 3.529738426208496094e+00 1.810632324218750000e+01 -1.131005764007568359e+00 5.573951244354248047e+00 4.895947933197021484e+00 -2.264260202646255493e-01 1.152472943067550659e-01 1.304188346862792969e+01
3.645117878913879395e-01 2.544284105300903320e+00 2.108073616027832031e+01 2.351049041748046875e+01 5.730320930480957031e+00 3.907255649566650391e+00 1.790379524230957031e+01 -1.200826644897460938e+00 5.474212169647216797e+00 4.781121253967285156e+00 -2.646518945693969727e-01 1.055074185132980347e-01 1.304188346862792969e+01
3.707640767097473145e-01 2.537398815155029297e+00 2.116871261596679688e+01 2.375561332702636719e+01 6.205020904541015625e+00 5.192353248596191406e+00 1.791810989379882812e+01 -1.239925980567932129e+00 5.475764751434326172e+00 4.766740798950195312e+00 -2.764023542404174805e-01 1.357542127370834351e-01 1.304188346862792969e+01
3.770540952682495117e-01 2.566814422607421875e+00 2.120457458496093750e+01 2.368841552734375000e+01 5.841388225555419922e+00 5.897196292877197266e+00 1.777563667297363281e+01 -1.360334038734436035e+00 5.490770339965820312e+00 4.723295688629150391e+00 -3.213424384593963623e-01 1.316352635622024536e-01 1.304188346862792969e+01
3.833588361740112305e-01 2.523147821426391602e+00 2.125106811523437500e+01 2.348702430725097656e+01 5.804178714752197266e+00 7.081200599670410156e+00 1.768837738037109375e+01 -1.342506289482116699e+00 5.406029224395751953e+00 4.621391296386718750e+00 -3.101516664028167725e-01 1.646269857883453369e-01 1.304188346862792969e+01
3.896513879299163818e-01 2.558483839035034180e+00 2.162811851501464844e+01 2.378030776977539062e+01 5.690585136413574219e+00 9.209588050842285156e+00 1.773894882202148438e+01 -1.469615936279296875e+00 5.496793746948242188e+00 4.618050575256347656e+00 -3.316738009452819824e-01 2.272627055644989014e-01 1.304188346862792969e+01
3.958770036697387695e-01 2.587674617767333984e+00 2.196324729919433594e+01 2.421573638916015625e+01 5.578746318817138672e+00 1.057770633697509766e+01 1.785995674133300781e+01 -1.662881731986999512e+00 5.565701961517333984e+00 4.667169570922851562e+00 -3.639764785766601562e-01 2.409107089042663574e-01 1.304188346862792969e+01
4.021010994911193848e-01 2.636819124221801758e+00 2.280621910095214844e+01 2.491962623596191406e+01 5.336493492126464844e+00 1.065576744079589844e+01 1.856778144836425781e+01 -1.676167726516723633e+00 5.732383251190185547e+00 4.768473148345947266e+00 -3.897106647491455078e-01 2.518305778503417969e-01 1.304188346862792969e+01
