# k, P_{cc}, P_{hh,r}, P_{hh,0}, P_{hh,2}, P_{hh,4}, P_{h0,hr}, P_{h2,hr}, P_{hc,r}, P_{hc,0}, P_{hc,2}, P_{hc,4}, P_pSN
#  Realization 88
8.018244989216327667e-03 9.100446319580078125e+01 3.635454406738281250e+02 5.083416442871093750e+02 5.813543090820312500e+02 -1.440644287109375000e+03 4.287663879394531250e+02 9.158860778808593750e+01 1.776401977539062500e+02 2.118146972656250000e+02 5.039582061767578125e+01 -6.514686584472656250e+01 1.303003883361816406e+01
1.401655934751033783e-02 4.889817810058593750e+01 1.925915374755859375e+02 2.489860534667968750e+02 1.748774414062500000e+02 9.798940277099609375e+01 2.176783294677734375e+02 1.964221954345703125e+01 9.417163848876953125e+01 1.070862045288085938e+02 8.968225479125976562e+00 5.125032424926757812e+00 1.303003883361816406e+01
1.969251595437526703e-02 7.063311004638671875e+01 2.889720458984375000e+02 3.771267395019531250e+02 3.130620422363281250e+02 2.782423400878906250e+02 3.283375854492187500e+02 3.759609985351562500e+01 1.407704162597656250e+02 1.602424468994140625e+02 1.765052795410156250e+01 9.203808784484863281e+00 1.303003883361816406e+01
2.551339380443096161e-02 4.913930892944335938e+01 1.944312286376953125e+02 2.387746276855468750e+02 2.905410957336425781e+01 4.932209014892578125e+01 2.143881072998046875e+02 -3.960632562637329102e+00 9.534039306640625000e+01 1.055599517822265625e+02 -2.288594961166381836e+00 3.267702579498291016e+00 1.303003883361816406e+01
3.202908113598823547e-02 4.637319183349609375e+01 1.913772125244140625e+02 2.426163330078125000e+02 9.449583435058593750e+01 -2.434491539001464844e+01 2.142627258300781250e+02 7.232172012329101562e+00 9.188762664794921875e+01 1.033499679565429688e+02 3.547073125839233398e+00 -1.212554931640625000e+00 1.303003883361816406e+01
3.846523538231849670e-02 3.895452499389648438e+01 1.602218170166015625e+02 2.011779785156250000e+02 7.248554229736328125e+01 -5.588186264038085938e+01 1.785422668457031250e+02 5.595052719116210938e+00 7.668714904785156250e+01 8.574858856201171875e+01 1.775288105010986328e+00 -2.451935052871704102e+00 1.303003883361816406e+01
4.443310573697090149e-02 3.398577117919921875e+01 1.447024536132812500e+02 1.819286193847656250e+02 1.082881851196289062e+02 1.011772613525390625e+02 1.610384521484375000e+02 1.099350261688232422e+01 6.766972351074218750e+01 7.590424346923828125e+01 5.648579120635986328e+00 3.963630676269531250e+00 1.303003883361816406e+01
5.042308941483497620e-02 3.042278289794921875e+01 1.303712005615234375e+02 1.610131988525390625e+02 3.684858322143554688e+01 -1.540231323242187500e+01 1.437457733154296875e+02 2.719864845275878906e-01 6.081416702270507812e+01 6.752503204345703125e+01 3.364918529987335205e-01 -6.956928968429565430e-01 1.303003883361816406e+01
5.690929666161537170e-02 2.541741180419921875e+01 1.096344223022460938e+02 1.369038238525390625e+02 5.057077789306640625e+01 -2.869269752502441406e+01 1.214776916503906250e+02 3.984253644943237305e+00 5.055263519287109375e+01 5.645632171630859375e+01 2.017016172409057617e+00 -1.522609949111938477e+00 1.303003883361816406e+01
6.341847032308578491e-02 2.470746231079101562e+01 1.087354965209960938e+02 1.336196136474609375e+02 6.666805267333984375e+01 4.191436767578125000e+01 1.194266128540039062e+02 6.752920150756835938e+00 4.953879547119140625e+01 5.490102386474609375e+01 3.193425655364990234e+00 1.758664608001708984e+00 1.303003883361816406e+01
6.949992477893829346e-02 2.423665046691894531e+01 1.036719741821289062e+02 1.296253814697265625e+02 4.301074218750000000e+01 2.884019470214843750e+01 1.145537033081054688e+02 1.542346358299255371e+00 4.794651412963867188e+01 5.341573715209960938e+01 1.157764315605163574e+00 9.761083722114562988e-01 1.303003883361816406e+01
7.558133453130722046e-02 2.172635650634765625e+01 9.735985565185546875e+01 1.183629989624023438e+02 4.882190322875976562e+01 4.775462627410888672e+00 1.061418304443359375e+02 4.367599010467529297e+00 4.367625808715820312e+01 4.803367996215820312e+01 2.213058710098266602e+00 4.142862930893898010e-02 1.303003883361816406e+01
8.196274191141128540e-02 1.958256721496582031e+01 8.647646331787109375e+01 1.051340789794921875e+02 3.651576995849609375e+01 -9.845792770385742188e+00 9.414467620849609375e+01 2.864055395126342773e+00 3.890353012084960938e+01 4.268653488159179688e+01 1.241747975349426270e+00 -4.143570661544799805e-01 1.303003883361816406e+01
8.830232173204421997e-02 1.724029350280761719e+01 7.783258819580078125e+01 9.632267761230468750e+01 5.206624984741210938e+01 1.058040904998779297e+01 8.522192382812500000e+01 5.437715530395507812e+00 3.445470809936523438e+01 3.815875244140625000e+01 2.480125665664672852e+00 3.262861669063568115e-01 1.303003883361816406e+01
9.435217082500457764e-02 1.480361175537109375e+01 6.981295776367187500e+01 8.574905395507812500e+01 3.077523231506347656e+01 -2.066027879714965820e+00 7.584696197509765625e+01 1.704333543777465820e+00 2.998336410522460938e+01 3.299486541748046875e+01 8.312979340553283691e-01 5.532368645071983337e-02 1.303003883361816406e+01
1.005600690841674805e-01 1.334251308441162109e+01 6.306409835815429688e+01 7.748373413085937500e+01 3.206038665771484375e+01 -7.959806442260742188e+00 6.851212310791015625e+01 2.599375486373901367e+00 2.681884765625000000e+01 2.954584503173828125e+01 1.307731270790100098e+00 -3.023354709148406982e-01 1.303003883361816406e+01
1.070138886570930481e-01 1.209743309020996094e+01 5.922333908081054688e+01 7.227539825439453125e+01 2.882305335998535156e+01 1.082347869873046875e+01 6.382849502563476562e+01 1.869581341743469238e+00 2.470052528381347656e+01 2.701328659057617188e+01 9.348080754280090332e-01 3.979314267635345459e-01 1.303003883361816406e+01
1.134273484349250793e-01 1.171200370788574219e+01 5.825022888183593750e+01 7.062014007568359375e+01 2.889591979980468750e+01 1.407903003692626953e+01 6.246110916137695312e+01 2.051621437072753906e+00 2.400974082946777344e+01 2.614407920837402344e+01 1.130152344703674316e+00 4.736769497394561768e-01 1.303003883361816406e+01
1.196089535951614380e-01 1.066931247711181641e+01 5.245105361938476562e+01 6.440583038330078125e+01 2.401523399353027344e+01 3.393179655075073242e+00 5.639716720581054688e+01 1.246830940246582031e+00 2.157247543334960938e+01 2.355261230468750000e+01 5.571677088737487793e-01 -1.437914208509027958e-03 1.303003883361816406e+01
1.257804334163665771e-01 1.071558570861816406e+01 5.423656845092773438e+01 6.540183258056640625e+01 2.405681610107421875e+01 -5.748514175415039062e+00 5.788383865356445312e+01 1.578080058097839355e+00 2.198877334594726562e+01 2.383340072631835938e+01 7.965574264526367188e-01 -3.216202855110168457e-01 1.303003883361816406e+01
1.321490257978439331e-01 9.991462707519531250e+00 5.062232589721679688e+01 6.070781707763671875e+01 1.972426033020019531e+01 -2.748762130737304688e+00 5.351372146606445312e+01 8.601745963096618652e-01 2.040251922607421875e+01 2.192921257019042969e+01 4.598969817161560059e-01 -1.259116828441619873e-01 1.303003883361816406e+01
1.384563297033309937e-01 9.246393203735351562e+00 4.795550537109375000e+01 5.704753494262695312e+01 2.235382080078125000e+01 6.446836471557617188e+00 5.036602401733398438e+01 1.427551269531250000e+00 1.895149040222167969e+01 2.029333305358886719e+01 7.397350072860717773e-01 2.168519943952560425e-01 1.303003883361816406e+01
1.446497291326522827e-01 8.755846977233886719e+00 4.627206802368164062e+01 5.592906188964843750e+01 2.163808441162109375e+01 -5.771309733390808105e-01 4.891020584106445312e+01 1.175156950950622559e+00 1.802932167053222656e+01 1.939927673339843750e+01 5.599368810653686523e-01 -1.391034722328186035e-01 1.303003883361816406e+01
1.508535146713256836e-01 7.973556518554687500e+00 4.351803207397460938e+01 5.187565994262695312e+01 2.086322593688964844e+01 -3.284475564956665039e+00 4.543906784057617188e+01 1.325267672538757324e+00 1.656158065795898438e+01 1.763710212707519531e+01 5.608053803443908691e-01 -1.774967312812805176e-01 1.303003883361816406e+01
1.571729034185409546e-01 7.332397460937500000e+00 4.077064514160156250e+01 4.891063308715820312e+01 1.648979759216308594e+01 1.114904403686523438e+00 4.251601028442382812e+01 6.154138445854187012e-01 1.527540969848632812e+01 1.626485252380371094e+01 3.483819961547851562e-01 7.552719861268997192e-02 1.303003883361816406e+01
1.635417938232421875e-01 7.060490131378173828e+00 3.955480575561523438e+01 4.702805328369140625e+01 1.712592124938964844e+01 7.451012611389160156e+00 4.094485473632812500e+01 6.941726803779602051e-01 1.469003391265869141e+01 1.548086357116699219e+01 3.022868633270263672e-01 1.938966512680053711e-01 1.303003883361816406e+01
1.698256134986877441e-01 6.692978858947753906e+00 3.901681137084960938e+01 4.659141540527343750e+01 1.696465492248535156e+01 5.409232974052429199e-01 4.036403656005859375e+01 6.612043976783752441e-01 1.412477874755859375e+01 1.490007209777832031e+01 3.831864595413208008e-01 -4.699330031871795654e-02 1.303003883361816406e+01
1.761013567447662354e-01 6.283475399017333984e+00 3.707676315307617188e+01 4.374749755859375000e+01 1.613199615478515625e+01 3.256320714950561523e+00 3.805259323120117188e+01 6.861698031425476074e-01 1.322386455535888672e+01 1.385052108764648438e+01 3.830566704273223877e-01 8.643622696399688721e-02 1.303003883361816406e+01
1.823998540639877319e-01 5.941948413848876953e+00 3.545053482055664062e+01 4.225056076049804688e+01 1.556098461151123047e+01 4.498363971710205078e+00 3.633118438720703125e+01 4.533052146434783936e-01 1.259600639343261719e+01 1.317010784149169922e+01 2.551382184028625488e-01 1.613600999116897583e-01 1.303003883361816406e+01
1.886507123708724976e-01 5.787456035614013672e+00 3.425632858276367188e+01 4.096733474731445312e+01 1.360584831237792969e+01 3.603873968124389648e+00 3.495897293090820312e+01 4.350940510630607605e-02 1.211993598937988281e+01 1.259771537780761719e+01 8.308029174804687500e-02 2.832048386335372925e-02 1.303003883361816406e+01
1.949081569910049438e-01 5.651475429534912109e+00 3.417924880981445312e+01 4.003911972045898438e+01 1.331647777557373047e+01 -8.834789395332336426e-01 3.451440429687500000e+01 2.605491578578948975e-01 1.195976543426513672e+01 1.230887413024902344e+01 1.333861351013183594e-01 -1.260274499654769897e-01 1.303003883361816406e+01
2.011425346136093140e-01 5.404983997344970703e+00 3.328276443481445312e+01 3.918100738525390625e+01 1.266841888427734375e+01 2.685050010681152344e+00 3.342116928100585938e+01 2.312028547748923302e-03 1.150591278076171875e+01 1.181876087188720703e+01 3.778813779354095459e-02 2.059537917375564575e-02 1.303003883361816406e+01
2.073954045772552490e-01 5.143886566162109375e+00 3.237371826171875000e+01 3.823172760009765625e+01 1.396064662933349609e+01 2.681704759597778320e+00 3.251136779785156250e+01 2.780269980430603027e-01 1.097815513610839844e+01 1.125155067443847656e+01 1.602906137704849243e-01 4.970636591315269470e-02 1.303003883361816406e+01
2.137389332056045532e-01 4.904811382293701172e+00 3.112736701965332031e+01 3.613191604614257812e+01 9.739183425903320312e+00 1.212467312812805176e+00 3.083937835693359375e+01 -3.511437475681304932e-01 1.045588111877441406e+01 1.054877281188964844e+01 -4.528573155403137207e-02 2.263774350285530090e-02 1.303003883361816406e+01
2.200330942869186401e-01 4.607561111450195312e+00 2.987281990051269531e+01 3.536921691894531250e+01 1.313310909271240234e+01 1.928510427474975586e+00 2.966778755187988281e+01 8.334420621395111084e-02 9.821751594543457031e+00 9.976744651794433594e+00 1.394210457801818848e-01 1.330321561545133591e-02 1.303003883361816406e+01
2.262930423021316528e-01 4.467109680175781250e+00 2.962369537353515625e+01 3.471094894409179688e+01 1.163473129272460938e+01 2.464420557022094727e+00 2.914835357666015625e+01 -1.313306838274002075e-01 9.619044303894042969e+00 9.716079711914062500e+00 7.022610306739807129e-02 2.392305620014667511e-02 1.303003883361816406e+01
2.325985133647918701e-01 4.275000095367431641e+00 2.846254158020019531e+01 3.319841384887695312e+01 1.140972042083740234e+01 4.527987003326416016e+00 2.765973472595214844e+01 -1.784601807594299316e-01 9.153776168823242188e+00 9.119979858398437500e+00 2.166265435516834259e-02 8.991049230098724365e-02 1.303003883361816406e+01
2.388891130685806274e-01 4.149516105651855469e+00 2.771661567687988281e+01 3.274958801269531250e+01 1.179231357574462891e+01 1.380816698074340820e+00 2.706731796264648438e+01 -7.589630037546157837e-02 8.847576141357421875e+00 8.873317718505859375e+00 8.408306539058685303e-02 3.857772797346115112e-02 1.303003883361816406e+01
2.451218813657760620e-01 3.994338035583496094e+00 2.745991706848144531e+01 3.179181098937988281e+01 1.035396957397460938e+01 3.326505661010742188e+00 2.634754943847656250e+01 -3.571123480796813965e-01 8.623977661132812500e+00 8.506180763244628906e+00 -8.766507729887962341e-03 6.707279384136199951e-02 1.303003883361816406e+01
2.513737380504608154e-01 3.834991693496704102e+00 2.685242652893066406e+01 3.137756729125976562e+01 1.028466987609863281e+01 4.626977920532226562e+00 2.564111900329589844e+01 -4.792897105216979980e-01 8.291187286376953125e+00 8.114460945129394531e+00 -3.034543804824352264e-02 7.733624428510665894e-02 1.303003883361816406e+01
2.577070593833923340e-01 3.756844520568847656e+00 2.655141830444335938e+01 3.091094970703125000e+01 8.308142662048339844e+00 1.860076189041137695e+00 2.524665260314941406e+01 -7.822059392929077148e-01 8.139649391174316406e+00 7.940848350524902344e+00 -1.845874488353729248e-01 1.939484663307666779e-02 1.303003883361816406e+01
2.640204429626464844e-01 3.618361949920654297e+00 2.551616859436035156e+01 2.988365936279296875e+01 9.172260284423828125e+00 2.365797281265258789e+00 2.420671463012695312e+01 -5.024152398109436035e-01 7.796535968780517578e+00 7.589111328125000000e+00 -6.295161694288253784e-02 7.782028615474700928e-02 1.303003883361816406e+01
2.702898085117340088e-01 3.526708364486694336e+00 2.535607910156250000e+01 2.915126228332519531e+01 7.546898365020751953e+00 9.245359301567077637e-01 2.361277389526367188e+01 -8.285791277885437012e-01 7.639743804931640625e+00 7.297759532928466797e+00 -1.728950142860412598e-01 8.920352905988693237e-03 1.303003883361816406e+01
2.765615284442901611e-01 3.438675880432128906e+00 2.490795898437500000e+01 2.874618530273437500e+01 8.360264778137207031e+00 3.054856300354003906e+00 2.307049942016601562e+01 -8.053956031799316406e-01 7.451206684112548828e+00 7.102883338928222656e+00 -1.494322866201400757e-01 4.429345205426216125e-02 1.303003883361816406e+01
2.828698754310607910e-01 3.287066698074340820e+00 2.428387069702148438e+01 2.772297668457031250e+01 7.268100738525390625e+00 1.102631807327270508e+00 2.226766204833984375e+01 -8.338526487350463867e-01 7.117815017700195312e+00 6.729852199554443359e+00 -1.535181701183319092e-01 3.307287767529487610e-02 1.303003883361816406e+01
2.891486585140228271e-01 3.229399681091308594e+00 2.392925834655761719e+01 2.746452331542968750e+01 7.591771125793457031e+00 1.983454585075378418e+00 2.191566848754882812e+01 -7.889143228530883789e-01 6.982599258422851562e+00 6.617126464843750000e+00 -1.618048697710037231e-01 5.327003076672554016e-02 1.303003883361816406e+01
2.953523397445678711e-01 3.136059284210205078e+00 2.369404029846191406e+01 2.697379684448242188e+01 7.741761207580566406e+00 2.107933998107910156e+00 2.142679405212402344e+01 -7.940844893455505371e-01 6.838010787963867188e+00 6.349667549133300781e+00 -1.539673954248428345e-01 4.926010966300964355e-02 1.303003883361816406e+01
3.016075491905212402e-01 3.039223432540893555e+00 2.326890563964843750e+01 2.642546081542968750e+01 7.404082298278808594e+00 2.792402267456054688e+00 2.088453102111816406e+01 -7.992183566093444824e-01 6.609970092773437500e+00 6.120594024658203125e+00 -1.688481569290161133e-01 7.034154981374740601e-02 1.303003883361816406e+01
3.079382479190826416e-01 2.988185167312622070e+00 2.307106590270996094e+01 2.632317543029785156e+01 7.051168441772460938e+00 1.662978768348693848e+00 2.070970916748046875e+01 -9.652042984962463379e-01 6.498978137969970703e+00 6.000192642211914062e+00 -1.928848177194595337e-01 2.216936089098453522e-02 1.303003883361816406e+01
3.142760396003723145e-01 2.902476787567138672e+00 2.248440170288085938e+01 2.552733230590820312e+01 7.526510238647460938e+00 3.126787185668945312e+00 1.991153526306152344e+01 -8.500147461891174316e-01 6.291651725769042969e+00 5.747562408447265625e+00 -1.373553127050399780e-01 6.176637858152389526e-02 1.303003883361816406e+01
3.205462992191314697e-01 2.850036621093750000e+00 2.228738212585449219e+01 2.534638023376464844e+01 6.667744159698486328e+00 2.068503141403198242e+00 1.968125724792480469e+01 -9.915603995323181152e-01 6.138343811035156250e+00 5.563373565673828125e+00 -2.192547619342803955e-01 8.466915041208267212e-02 1.303003883361816406e+01
3.268128037452697754e-01 2.728509902954101562e+00 2.193024253845214844e+01 2.486868667602539062e+01 6.407484531402587891e+00 3.055138111114501953e+00 1.906146621704101562e+01 -1.134416103363037109e+00 5.944535255432128906e+00 5.302396297454833984e+00 -2.600236535072326660e-01 8.177701383829116821e-02 1.303003883361816406e+01
3.331238031387329102e-01 2.760375022888183594e+00 2.184260940551757812e+01 2.457405090332031250e+01 6.021477699279785156e+00 3.261205673217773438e+00 1.881927871704101562e+01 -1.184164881706237793e+00 5.945444107055664062e+00 5.293584346771240234e+00 -2.684544622898101807e-01 9.410595893859863281e-02 1.303003883361816406e+01
3.394046723842620850e-01 2.727067708969116211e+00 2.166941261291503906e+01 2.456910133361816406e+01 6.836600780487060547e+00 3.152265787124633789e+00 1.865725517272949219e+01 -1.089788794517517090e+00 5.878841876983642578e+00 5.205015182495117188e+00 -2.636655569076538086e-01 7.944688946008682251e-02 1.303003883361816406e+01
3.456391692161560059e-01 2.688096046447753906e+00 2.149123764038085938e+01 2.413386917114257812e+01 5.680466651916503906e+00 3.183422565460205078e+00 1.834826660156250000e+01 -1.235557198524475098e+00 5.795167446136474609e+00 5.099833965301513672e+00 -2.875203788280487061e-01 8.190592378377914429e-02 1.303003883361816406e+01
3.518808186054229736e-01 2.633389711380004883e+00 2.123106575012207031e+01 2.373234367370605469e+01 5.706221580505371094e+00 3.395838022232055664e+00 1.778134918212890625e+01 -1.359061121940612793e+00 5.638081073760986328e+00 4.859909534454345703e+00 -3.156919777393341064e-01 8.862783759832382202e-02 1.303003883361816406e+01
3.582032322883605957e-01 2.629447698593139648e+00 2.131244659423828125e+01 2.380316734313964844e+01 5.274110317230224609e+00 3.653451919555664062e+00 1.776778030395507812e+01 -1.436323404312133789e+00 5.638100147247314453e+00 4.831150531768798828e+00 -3.424394130706787109e-01 9.430178999900817871e-02 1.303003883361816406e+01
3.645117878913879395e-01 2.622474670410156250e+00 2.114237594604492188e+01 2.352052116394042969e+01 5.444222450256347656e+00 4.520962715148925781e+00 1.745478630065917969e+01 -1.474294781684875488e+00 5.590435981750488281e+00 4.733721256256103516e+00 -3.322485983371734619e-01 9.630331397056579590e-02 1.303003883361816406e+01
3.707640767097473145e-01 2.577492952346801758e+00 2.109208297729492188e+01 2.328672790527343750e+01 4.957762241363525391e+00 5.486286163330078125e+00 1.724514198303222656e+01 -1.497109532356262207e+00 5.509253025054931641e+00 4.641626358032226562e+00 -3.409728407859802246e-01 1.587196737527847290e-01 1.303003883361816406e+01
3.770540952682495117e-01 2.567129611968994141e+00 2.103749084472656250e+01 2.352626991271972656e+01 5.287032127380371094e+00 5.670802116394042969e+00 1.715678405761718750e+01 -1.574764132499694824e+00 5.456117630004882812e+00 4.570768356323242188e+00 -3.782150447368621826e-01 1.413115859031677246e-01 1.303003883361816406e+01
3.833588361740112305e-01 2.606153249740600586e+00 2.160304641723632812e+01 2.386035728454589844e+01 5.004535675048828125e+00 6.936595439910888672e+00 1.747406387329101562e+01 -1.629874825477600098e+00 5.570674419403076172e+00 4.651611328125000000e+00 -3.774990439414978027e-01 1.794472038745880127e-01 1.303003883361816406e+01
3.896513879299163818e-01 2.616731643676757812e+00 2.158791923522949219e+01 2.380317687988281250e+01 5.135390281677246094e+00 8.371286392211914062e+00 1.719683456420898438e+01 -1.755018234252929688e+00 5.554981708526611328e+00 4.565748691558837891e+00 -3.982874453067779541e-01 1.920049488544464111e-01 1.303003883361816406e+01
3.958770036697387695e-01 2.592642307281494141e+00 2.199840354919433594e+01 2.444361305236816406e+01 6.456261157989501953e+00 1.115178775787353516e+01 1.741109275817871094e+01 -1.763492465019226074e+00 5.539334774017333984e+00 4.503061294555664062e+00 -4.012022614479064941e-01 2.237846255302429199e-01 1.303003883361816406e+01
4.021010994911193848e-01 2.625005483627319336e+00 2.248209953308105469e+01 2.480835914611816406e+01 5.783031940460205078e+00 1.154777431488037109e+01 1.770730209350585938e+01 -1.875894308090209961e+00 5.622199058532714844e+00 4.549181461334228516e+00 -4.105481207370758057e-01 2.525524795055389404e-01 1.303003883361816406e+01
