# k, P_{cc}, P_{hh,r}, P_{hh,0}, P_{hh,2}, P_{hh,4}, P_{h0,hr}, P_{h2,hr}, P_{hc,r}, P_{hc,0}, P_{hc,2}, P_{hc,4}, P_pSN
#  Realization 179
8.018244989216327667e-03 5.423790740966796875e+01 2.210964355468750000e+02 2.522961730957031250e+02 -1.983240966796875000e+02 4.307014160156250000e+02 2.348291320800781250e+02 -4.842979812622070312e+01 1.061531295776367188e+02 1.137372665405273438e+02 -2.189119529724121094e+01 2.347401046752929688e+01 1.285843849182128906e+01
1.401655934751033783e-02 7.218569183349609375e+01 2.655528259277343750e+02 3.197331542968750000e+02 -6.770007324218750000e+01 2.035508270263671875e+02 2.898794860839843750e+02 -2.564692878723144531e+01 1.362127380371093750e+02 1.489187469482421875e+02 -1.481360340118408203e+01 1.181862735748291016e+01 1.285843849182128906e+01
1.969251595437526703e-02 6.147468566894531250e+01 2.147463226318359375e+02 2.910584411621093750e+02 3.366556396484375000e+02 2.741762695312500000e+02 2.482922363281250000e+02 4.271032714843750000e+01 1.122586669921875000e+02 1.301266174316406250e+02 2.182554244995117188e+01 1.172145175933837891e+01 1.285843849182128906e+01
2.551339380443096161e-02 5.461248779296875000e+01 2.157384490966796875e+02 2.632571411132812500e+02 -1.977566146850585938e+01 -1.959080815315246582e+00 2.372618713378906250e+02 -1.272281360626220703e+01 1.063999862670898438e+02 1.174072036743164062e+02 -6.977010726928710938e+00 -9.690870046615600586e-01 1.285843849182128906e+01
3.202908113598823547e-02 5.266312408447265625e+01 1.995797729492187500e+02 2.533786926269531250e+02 1.178477172851562500e+02 -5.651948547363281250e+01 2.237710113525390625e+02 1.154890918731689453e+01 1.001642227172851562e+02 1.128190002441406250e+02 6.011865615844726562e+00 -2.834751367568969727e+00 1.285843849182128906e+01
3.846523538231849670e-02 4.143667221069335938e+01 1.687123718261718750e+02 2.035399627685546875e+02 -9.075148582458496094e+00 6.868474483489990234e+00 1.843804779052734375e+02 -8.771510124206542969e+00 8.134787750244140625e+01 8.941445922851562500e+01 -4.435341358184814453e+00 8.661288022994995117e-01 1.285843849182128906e+01
4.443310573697090149e-02 3.405565261840820312e+01 1.367063751220703125e+02 1.690431518554687500e+02 3.436032485961914062e+01 -5.648994827270507812e+01 1.510683593750000000e+02 2.275983989238739014e-01 6.598256683349609375e+01 7.344071197509765625e+01 4.303613305091857910e-02 -2.659757137298583984e+00 1.285843849182128906e+01
5.042308941483497620e-02 3.496370315551757812e+01 1.390220031738281250e+02 1.745587463378906250e+02 1.035057601928710938e+02 5.266320419311523438e+01 1.547355346679687500e+02 1.139100074768066406e+01 6.737921905517578125e+01 7.537814331054687500e+01 5.254915237426757812e+00 2.510677814483642578e+00 1.285843849182128906e+01
5.690929666161537170e-02 3.031938743591308594e+01 1.221908950805664062e+02 1.541557159423828125e+02 7.407131195068359375e+01 -1.491917037963867188e+01 1.361439666748046875e+02 7.010054588317871094e+00 5.857695770263671875e+01 6.586233520507812500e+01 4.004871368408203125e+00 -8.785128593444824219e-01 1.285843849182128906e+01
6.341847032308578491e-02 2.752168464660644531e+01 1.133910598754882812e+02 1.409197998046875000e+02 6.538918304443359375e+01 2.235561561584472656e+01 1.253863677978515625e+02 6.294403076171875000e+00 5.352518081665039062e+01 5.960385131835937500e+01 2.637423992156982422e+00 1.074745535850524902e+00 1.285843849182128906e+01
6.949992477893829346e-02 2.527599334716796875e+01 1.034339904785156250e+02 1.266805877685546875e+02 2.871202850341796875e+01 7.710657119750976562e+00 1.134761123657226562e+02 3.643759787082672119e-01 4.887017822265625000e+01 5.388861846923828125e+01 -1.326700001955032349e-01 5.384533405303955078e-01 1.285843849182128906e+01
7.558133453130722046e-02 2.344348716735839844e+01 9.658406066894531250e+01 1.198619461059570312e+02 4.845959091186523438e+01 -1.960427474975585938e+01 1.064291381835937500e+02 3.923441171646118164e+00 4.533212661743164062e+01 5.046754455566406250e+01 2.344065189361572266e+00 -9.943583607673645020e-01 1.285843849182128906e+01
8.196274191141128540e-02 2.069280052185058594e+01 8.866209411621093750e+01 1.079656219482421875e+02 3.855765914916992188e+01 -3.473863005638122559e-01 9.666236877441406250e+01 2.771065235137939453e+00 4.046131134033203125e+01 4.461696624755859375e+01 1.553942322731018066e+00 -1.396809965372085571e-01 1.285843849182128906e+01
8.830232173204421997e-02 1.750351142883300781e+01 7.772583007812500000e+01 9.482202911376953125e+01 3.711029052734375000e+01 -5.056472301483154297e+00 8.469351959228515625e+01 3.168700933456420898e+00 3.468463897705078125e+01 3.821772003173828125e+01 1.587391734123229980e+00 -1.628212630748748779e-01 1.285843849182128906e+01
9.435217082500457764e-02 1.663759803771972656e+01 7.464203643798828125e+01 9.190699768066406250e+01 3.382265090942382812e+01 7.913332581520080566e-01 8.154627990722656250e+01 2.331637859344482422e+00 3.294575881958007812e+01 3.643597412109375000e+01 1.177543282508850098e+00 -2.021401003003120422e-02 1.285843849182128906e+01
1.005600690841674805e-01 1.567382240295410156e+01 7.061484527587890625e+01 8.536460876464843750e+01 2.989699554443359375e+01 9.391401290893554688e+00 7.627395629882812500e+01 1.886236548423767090e+00 3.103811645507812500e+01 3.395994567871093750e+01 9.625161886215209961e-01 2.515216469764709473e-01 1.285843849182128906e+01
1.070138886570930481e-01 1.370649909973144531e+01 6.377026748657226562e+01 7.740663146972656250e+01 3.062314414978027344e+01 1.079115271568298340e+00 6.885227203369140625e+01 2.276605606079101562e+00 2.732884979248046875e+01 2.995039367675781250e+01 1.220607042312622070e+00 -8.959061652421951294e-02 1.285843849182128906e+01
1.134273484349250793e-01 1.261354064941406250e+01 5.679883575439453125e+01 6.928972625732421875e+01 2.793629264831542969e+01 6.626025199890136719e+00 6.132514190673828125e+01 2.016548871994018555e+00 2.456438827514648438e+01 2.691145324707031250e+01 9.755830764770507812e-01 8.316597342491149902e-02 1.285843849182128906e+01
1.196089535951614380e-01 1.190428733825683594e+01 5.624701690673828125e+01 6.865554046630859375e+01 2.718480873107910156e+01 2.905323266983032227e+00 6.064167404174804688e+01 1.932269573211669922e+00 2.365792274475097656e+01 2.588920211791992188e+01 1.031978845596313477e+00 1.537266373634338379e-01 1.285843849182128906e+01
1.257804334163665771e-01 1.153000640869140625e+01 5.450948715209960938e+01 6.610250091552734375e+01 2.620595932006835938e+01 -5.105090141296386719e+00 5.848421478271484375e+01 1.988409638404846191e+00 2.296038818359375000e+01 2.492745780944824219e+01 8.883826732635498047e-01 -2.686654627323150635e-01 1.285843849182128906e+01
1.321490257978439331e-01 1.053758811950683594e+01 5.123215484619140625e+01 6.171164703369140625e+01 2.043139648437500000e+01 3.158283710479736328e+00 5.461211013793945312e+01 1.062652587890625000e+00 2.105261039733886719e+01 2.279940032958984375e+01 5.608558654785156250e-01 1.010628789663314819e-01 1.285843849182128906e+01
1.384563297033309937e-01 9.793230056762695312e+00 4.845524597167968750e+01 5.807755661010742188e+01 2.261198425292968750e+01 8.762797355651855469e+00 5.130102157592773438e+01 1.310623764991760254e+00 1.965421104431152344e+01 2.113843536376953125e+01 6.492885947227478027e-01 1.414492875337600708e-01 1.285843849182128906e+01
1.446497291326522827e-01 9.266739845275878906e+00 4.537892150878906250e+01 5.443625259399414062e+01 2.012569808959960938e+01 2.961450815200805664e+00 4.786667633056640625e+01 1.079065442085266113e+00 1.843541908264160156e+01 1.978569412231445312e+01 5.991069674491882324e-01 1.105318143963813782e-01 1.285843849182128906e+01
1.508535146713256836e-01 8.552110671997070312e+00 4.410770034790039062e+01 5.226184082031250000e+01 1.362201309204101562e+01 -7.473421096801757812e-01 4.623330307006835938e+01 1.523209512233734131e-01 1.738637351989746094e+01 1.854226684570312500e+01 1.744368225336074829e-01 -3.706647083163261414e-02 1.285843849182128906e+01
1.571729034185409546e-01 7.949207782745361328e+00 4.181789016723632812e+01 5.007433319091796875e+01 1.949967765808105469e+01 6.400116443634033203e+00 4.389175796508789062e+01 1.073458790779113770e+00 1.617040252685546875e+01 1.734983062744140625e+01 4.902991950511932373e-01 2.026989012956619263e-01 1.285843849182128906e+01
1.635417938232421875e-01 7.534911632537841797e+00 4.010379409790039062e+01 4.803255462646484375e+01 1.930532836914062500e+01 3.242930412292480469e+00 4.191237640380859375e+01 1.079246759414672852e+00 1.534700870513916016e+01 1.637785148620605469e+01 5.940359234809875488e-01 3.726717457175254822e-02 1.285843849182128906e+01
1.698256134986877441e-01 6.868734359741210938e+00 3.720618438720703125e+01 4.514107513427734375e+01 1.771356582641601562e+01 2.116084098815917969e+00 3.891903686523437500e+01 7.610916495323181152e-01 1.396710872650146484e+01 1.490154457092285156e+01 4.056086838245391846e-01 -8.753758855164051056e-03 1.285843849182128906e+01
1.761013567447662354e-01 6.835967063903808594e+00 3.729679107666015625e+01 4.459115219116210938e+01 1.359413909912109375e+01 1.182729482650756836e+00 3.863414764404296875e+01 1.694836616516113281e-01 1.391472721099853516e+01 1.471661090850830078e+01 1.221907809376716614e-01 1.550079695880413055e-02 1.285843849182128906e+01
1.823998540639877319e-01 6.431329727172851562e+00 3.529119873046875000e+01 4.180525970458984375e+01 1.532527828216552734e+01 3.524744510650634766e+00 3.622383499145507812e+01 4.839264154434204102e-01 1.299315643310546875e+01 1.367228317260742188e+01 3.413619995117187500e-01 8.626640588045120239e-02 1.285843849182128906e+01
1.886507123708724976e-01 6.166402816772460938e+00 3.552687835693359375e+01 4.207373046875000000e+01 1.195311164855957031e+01 1.222090482711791992e+00 3.638565826416015625e+01 -9.015260636806488037e-02 1.283171081542968750e+01 1.343928050994873047e+01 2.564606443047523499e-02 -9.757385589182376862e-03 1.285843849182128906e+01
1.949081569910049438e-01 5.928172111511230469e+00 3.384623336791992188e+01 4.000045394897460938e+01 1.231863212585449219e+01 5.942325592041015625e-01 3.443326187133789062e+01 2.142595592886209488e-03 1.221088695526123047e+01 1.275079727172851562e+01 1.161041110754013062e-01 -5.001785233616828918e-02 1.285843849182128906e+01
2.011425346136093140e-01 5.726114749908447266e+00 3.315689468383789062e+01 3.927844619750976562e+01 1.401772499084472656e+01 3.001602411270141602e+00 3.368661117553710938e+01 2.840535342693328857e-01 1.179391193389892578e+01 1.226543807983398438e+01 1.914096623659133911e-01 -4.163141129538416862e-04 1.285843849182128906e+01
2.073954045772552490e-01 5.412195205688476562e+00 3.191289520263671875e+01 3.763729858398437500e+01 1.412557697296142578e+01 6.089649677276611328e+00 3.220274353027343750e+01 4.528347849845886230e-01 1.119636821746826172e+01 1.161021327972412109e+01 2.349119335412979126e-01 1.867976933717727661e-01 1.285843849182128906e+01
2.137389332056045532e-01 5.191117286682128906e+00 3.088758850097656250e+01 3.617696380615234375e+01 1.167316722869873047e+01 3.008147954940795898e+00 3.091765975952148438e+01 -2.010178286582231522e-03 1.070503616333007812e+01 1.097706413269042969e+01 1.238195225596427917e-01 9.681557118892669678e-02 1.285843849182128906e+01
2.200330942869186401e-01 4.995581626892089844e+00 3.012654495239257812e+01 3.579072570800781250e+01 1.220788002014160156e+01 2.364779710769653320e+00 3.022585868835449219e+01 -3.102494403719902039e-02 1.036866474151611328e+01 1.068356132507324219e+01 7.638852298259735107e-02 2.262372709810733795e-02 1.285843849182128906e+01
2.262930423021316528e-01 4.693042278289794922e+00 2.945167160034179688e+01 3.435620880126953125e+01 1.237598609924316406e+01 3.388372898101806641e+00 2.919006156921386719e+01 2.522449195384979248e-01 9.857771873474121094e+00 1.001810169219970703e+01 1.543985605239868164e-01 9.125532209873199463e-02 1.285843849182128906e+01
2.325985133647918701e-01 4.555263996124267578e+00 2.890262794494628906e+01 3.325474166870117188e+01 1.058329677581787109e+01 6.023661613464355469e+00 2.821504020690917969e+01 -1.392892748117446899e-01 9.544175148010253906e+00 9.582916259765625000e+00 2.921300008893013000e-02 1.656255275011062622e-01 1.285843849182128906e+01
2.388891130685806274e-01 4.464558601379394531e+00 2.806247711181640625e+01 3.270579147338867188e+01 9.957363128662109375e+00 1.540740489959716797e+00 2.748536109924316406e+01 -2.143628150224685669e-01 9.322935104370117188e+00 9.404453277587890625e+00 2.772773057222366333e-02 5.711793527007102966e-02 1.285843849182128906e+01
2.451218813657760620e-01 4.187279224395751953e+00 2.703462028503417969e+01 3.122483444213867188e+01 9.936526298522949219e+00 5.882565975189208984e-01 2.614169120788574219e+01 -2.474842667579650879e-01 8.720396995544433594e+00 8.656845092773437500e+00 5.651224404573440552e-03 -2.595785260200500488e-02 1.285843849182128906e+01
2.513737380504608154e-01 4.100592136383056641e+00 2.694394111633300781e+01 3.161733055114746094e+01 9.978336334228515625e+00 3.870862960815429688e+00 2.617178344726562500e+01 -3.656697571277618408e-01 8.638829231262207031e+00 8.608259201049804688e+00 -3.140867128968238831e-02 1.085599735379219055e-01 1.285843849182128906e+01
2.577070593833923340e-01 4.039630889892578125e+00 2.672592735290527344e+01 3.113045310974121094e+01 1.110811328887939453e+01 4.041068077087402344e+00 2.576976776123046875e+01 -1.952223777770996094e-01 8.517315864562988281e+00 8.467990875244140625e+00 5.981656536459922791e-02 1.063066646456718445e-01 1.285843849182128906e+01
2.640204429626464844e-01 3.851259231567382812e+00 2.545788383483886719e+01 2.911548614501953125e+01 8.920234680175781250e+00 2.219987869262695312e+00 2.411687469482421875e+01 -3.741900324821472168e-01 8.029890060424804688e+00 7.824006557464599609e+00 -3.971229866147041321e-02 5.723125860095024109e-02 1.285843849182128906e+01
2.702898085117340088e-01 3.674855947494506836e+00 2.517172813415527344e+01 2.905968475341796875e+01 8.295701980590820312e+00 4.535858631134033203e-01 2.386792182922363281e+01 -5.965030789375305176e-01 7.716187477111816406e+00 7.546494007110595703e+00 -1.379667818546295166e-01 -5.126112326979637146e-02 1.285843849182128906e+01
2.765615284442901611e-01 3.592468261718750000e+00 2.469210815429687500e+01 2.855268287658691406e+01 8.004391670227050781e+00 2.675711154937744141e+00 2.326834106445312500e+01 -6.617709398269653320e-01 7.530630588531494141e+00 7.313759803771972656e+00 -1.323863863945007324e-01 6.207088008522987366e-02 1.285843849182128906e+01
2.828698754310607910e-01 3.552810430526733398e+00 2.455614471435546875e+01 2.810357093811035156e+01 8.145273208618164062e+00 1.079117298126220703e+00 2.293609619140625000e+01 -5.465556383132934570e-01 7.473599910736083984e+00 7.166759967803955078e+00 -1.062543019652366638e-01 1.604227535426616669e-02 1.285843849182128906e+01
2.891486585140228271e-01 3.457276105880737305e+00 2.433448600769042969e+01 2.785979080200195312e+01 7.543307781219482422e+00 1.425768375396728516e+00 2.263236045837402344e+01 -7.407360076904296875e-01 7.329536914825439453e+00 7.039039611816406250e+00 -1.330984383821487427e-01 4.420910403132438660e-02 1.285843849182128906e+01
2.953523397445678711e-01 3.256253242492675781e+00 2.321566390991210938e+01 2.685164260864257812e+01 8.012005805969238281e+00 8.975325822830200195e-01 2.148537445068359375e+01 -6.143757700920104980e-01 6.823920249938964844e+00 6.513757705688476562e+00 -9.695637226104736328e-02 1.580363698303699493e-02 1.285843849182128906e+01
3.016075491905212402e-01 3.242669820785522461e+00 2.306163024902343750e+01 2.673780632019042969e+01 8.045989990234375000e+00 2.849305391311645508e+00 2.127643394470214844e+01 -6.985234618186950684e-01 6.783469676971435547e+00 6.451632022857666016e+00 -1.211415454745292664e-01 7.721860706806182861e-02 1.285843849182128906e+01
3.079382479190826416e-01 3.160105705261230469e+00 2.296037864685058594e+01 2.604715347290039062e+01 6.494655609130859375e+00 2.148693799972534180e+00 2.082670783996582031e+01 -8.512534499168395996e-01 6.636370182037353516e+00 6.230839729309082031e+00 -2.022399604320526123e-01 6.790701299905776978e-02 1.285843849182128906e+01
3.142760396003723145e-01 3.101392745971679688e+00 2.254370880126953125e+01 2.562091445922851562e+01 6.584410667419433594e+00 2.747716188430786133e+00 2.029367637634277344e+01 -9.095145463943481445e-01 6.496985435485839844e+00 6.029756546020507812e+00 -1.968966573476791382e-01 9.733226895332336426e-02 1.285843849182128906e+01
3.205462992191314697e-01 3.025957584381103516e+00 2.231369781494140625e+01 2.531713485717773438e+01 6.064086437225341797e+00 1.143451690673828125e+00 1.998024368286132812e+01 -9.562315344810485840e-01 6.352494239807128906e+00 5.880839824676513672e+00 -2.045997232198715210e-01 3.410773724317550659e-02 1.285843849182128906e+01
3.268128037452697754e-01 2.996124744415283203e+00 2.204618644714355469e+01 2.504936599731445312e+01 6.275571346282958984e+00 2.153361320495605469e+00 1.955951118469238281e+01 -9.713333249092102051e-01 6.273814678192138672e+00 5.734157085418701172e+00 -2.135691046714782715e-01 6.440969556570053101e-02 1.285843849182128906e+01
3.331238031387329102e-01 2.948211193084716797e+00 2.191885566711425781e+01 2.467870330810546875e+01 6.899106979370117188e+00 3.324357986450195312e+00 1.928991317749023438e+01 -9.083948135375976562e-01 6.168262004852294922e+00 5.570607185363769531e+00 -2.044017910957336426e-01 7.476313412189483643e-02 1.285843849182128906e+01
3.394046723842620850e-01 2.858813285827636719e+00 2.153813743591308594e+01 2.440322875976562500e+01 5.729568481445312500e+00 2.571814775466918945e+00 1.892712020874023438e+01 -1.090222001075744629e+00 5.980081081390380859e+00 5.436455726623535156e+00 -2.334201037883758545e-01 7.880033552646636963e-02 1.285843849182128906e+01
3.456391692161560059e-01 2.794861793518066406e+00 2.115943336486816406e+01 2.382625198364257812e+01 5.737370967864990234e+00 2.539497852325439453e+00 1.829161071777343750e+01 -1.165622711181640625e+00 5.820502758026123047e+00 5.212527275085449219e+00 -2.619673907756805420e-01 9.504485130310058594e-02 1.285843849182128906e+01
3.518808186054229736e-01 2.806030035018920898e+00 2.119687843322753906e+01 2.389993095397949219e+01 5.629408359527587891e+00 3.373145580291748047e+00 1.827367401123046875e+01 -1.177333116531372070e+00 5.836389541625976562e+00 5.189073562622070312e+00 -2.802869081497192383e-01 1.027158796787261963e-01 1.285843849182128906e+01
3.582032322883605957e-01 2.797297954559326172e+00 2.124921035766601562e+01 2.395242691040039062e+01 5.420533657073974609e+00 2.264274358749389648e+00 1.818477821350097656e+01 -1.217828989028930664e+00 5.817632198333740234e+00 5.132134437561035156e+00 -2.897678613662719727e-01 8.996557444334030151e-02 1.285843849182128906e+01
3.645117878913879395e-01 2.737348794937133789e+00 2.092990493774414062e+01 2.335910415649414062e+01 4.950412273406982422e+00 4.371533870697021484e+00 1.763439178466796875e+01 -1.384974956512451172e+00 5.675705432891845703e+00 4.909707546234130859e+00 -3.369716703891754150e-01 1.167269200086593628e-01 1.285843849182128906e+01
3.707640767097473145e-01 2.701531171798706055e+00 2.100581550598144531e+01 2.338337898254394531e+01 5.721518993377685547e+00 4.748999595642089844e+00 1.757174110412597656e+01 -1.255662202835083008e+00 5.597805976867675781e+00 4.813358783721923828e+00 -2.823395431041717529e-01 1.309083998203277588e-01 1.285843849182128906e+01
3.770540952682495117e-01 2.740833282470703125e+00 2.101482391357421875e+01 2.357339668273925781e+01 6.502596378326416016e+00 5.515883445739746094e+00 1.755143928527832031e+01 -1.194846868515014648e+00 5.618906021118164062e+00 4.804719448089599609e+00 -2.851376533508300781e-01 1.411012262105941772e-01 1.285843849182128906e+01
3.833588361740112305e-01 2.762861013412475586e+00 2.133172416687011719e+01 2.358032035827636719e+01 5.436690807342529297e+00 6.850739479064941406e+00 1.755597686767578125e+01 -1.460099816322326660e+00 5.689786911010742188e+00 4.811536788940429688e+00 -3.343454003334045410e-01 1.792619973421096802e-01 1.285843849182128906e+01
3.896513879299163818e-01 2.761818647384643555e+00 2.150496864318847656e+01 2.395587730407714844e+01 6.378338336944580078e+00 9.060458183288574219e+00 1.751792716979980469e+01 -1.546156406402587891e+00 5.673012733459472656e+00 4.768523693084716797e+00 -3.437234163284301758e-01 2.129080295562744141e-01 1.285843849182128906e+01
3.958770036697387695e-01 2.769176006317138672e+00 2.188902282714843750e+01 2.428539085388183594e+01 5.551180839538574219e+00 9.469098091125488281e+00 1.771605110168457031e+01 -1.623740315437316895e+00 5.695591926574707031e+00 4.719772815704345703e+00 -3.765767216682434082e-01 2.467566579580307007e-01 1.285843849182128906e+01
4.021010994911193848e-01 2.767408132553100586e+00 2.236116981506347656e+01 2.460580062866210938e+01 5.365107059478759766e+00 1.091643047332763672e+01 1.794768714904785156e+01 -1.860181331634521484e+00 5.783445358276367188e+00 4.750726699829101562e+00 -4.349285662174224854e-01 2.220201045274734497e-01 1.285843849182128906e+01
