# k, P_{cc}, P_{hh,r}, P_{hh,0}, P_{hh,2}, P_{hh,4}, P_{h0,hr}, P_{h2,hr}, P_{hc,r}, P_{hc,0}, P_{hc,2}, P_{hc,4}, P_pSN
#  Realization 111
8.018244989216327667e-03 8.267702484130859375e+01 3.013274230957031250e+02 3.637063293457031250e+02 -1.164852294921875000e+02 -5.241881942749023438e+01 3.294894714355468750e+02 -3.376770019531250000e+01 1.562266845703125000e+02 1.712812347412109375e+02 -1.774652290344238281e+01 1.203169941902160645e+00 1.287905979156494141e+01
1.401655934751033783e-02 7.746258544921875000e+01 2.874551391601562500e+02 3.654484558105468750e+02 1.267727355957031250e+02 -2.802684326171875000e+02 3.227842407226562500e+02 1.077640342712402344e+01 1.466967620849609375e+02 1.648248748779296875e+02 3.324242353439331055e+00 -1.263684558868408203e+01 1.287905979156494141e+01
1.969251595437526703e-02 7.539579772949218750e+01 2.861939086914062500e+02 3.808632507324218750e+02 3.766280822753906250e+02 2.965771789550781250e+02 3.280769042968750000e+02 4.645480728149414062e+01 1.443262634277343750e+02 1.661347351074218750e+02 2.466980743408203125e+01 1.297322177886962891e+01 1.287905979156494141e+01
2.551339380443096161e-02 5.539728164672851562e+01 2.127814025878906250e+02 2.661310729980468750e+02 6.574408721923828125e+01 -3.931122589111328125e+01 2.368270568847656250e+02 1.973980069160461426e+00 1.064417800903320312e+02 1.190402832031250000e+02 1.590921521186828613e+00 -1.537734508514404297e+00 1.287905979156494141e+01
3.202908113598823547e-02 4.808463287353515625e+01 1.838713378906250000e+02 2.277084655761718750e+02 3.019323158264160156e+01 -9.499293327331542969e+00 2.034974365234375000e+02 -3.186480760574340820e+00 9.165476989746093750e+01 1.017591476440429688e+02 -2.615019798278808594e+00 -5.577115416526794434e-01 1.287905979156494141e+01
3.846523538231849670e-02 4.345215988159179688e+01 1.716903991699218750e+02 2.131752014160156250e+02 4.630908203125000000e+01 -3.288650131225585938e+01 1.902591400146484375e+02 5.175141096115112305e-01 8.402045440673828125e+01 9.364939880371093750e+01 4.830550551414489746e-01 -1.014703035354614258e+00 1.287905979156494141e+01
4.443310573697090149e-02 3.769107818603515625e+01 1.509195861816406250e+02 1.892720947265625000e+02 7.791556549072265625e+01 7.519845962524414062e+00 1.678987884521484375e+02 6.276165485382080078e+00 7.302947235107421875e+01 8.197404479980468750e+01 3.883299112319946289e+00 2.666523158550262451e-01 1.287905979156494141e+01
5.042308941483497620e-02 3.555236053466796875e+01 1.457300262451171875e+02 1.842856750488281250e+02 1.099464721679687500e+02 3.228882598876953125e+01 1.626343994140625000e+02 1.171692657470703125e+01 6.954817199707031250e+01 7.812518310546875000e+01 5.827180862426757812e+00 7.532340288162231445e-01 1.287905979156494141e+01
5.690929666161537170e-02 3.163656616210937500e+01 1.285437469482421875e+02 1.610656280517578125e+02 8.493664550781250000e+01 4.782469570636749268e-01 1.427547149658203125e+02 8.882093429565429688e+00 6.139955902099609375e+01 6.885857391357421875e+01 4.596124649047851562e+00 -1.292252242565155029e-01 1.287905979156494141e+01
6.341847032308578491e-02 2.727573585510253906e+01 1.111691284179687500e+02 1.392669525146484375e+02 6.459123992919921875e+01 1.743806266784667969e+01 1.233024444580078125e+02 5.989927768707275391e+00 5.273816680908203125e+01 5.882711791992187500e+01 2.603229284286499023e+00 3.842695653438568115e-01 1.287905979156494141e+01
6.949992477893829346e-02 2.592328071594238281e+01 1.034064025878906250e+02 1.302807922363281250e+02 5.740085983276367188e+01 -6.099630832672119141e+00 1.148110046386718750e+02 4.846354961395263672e+00 4.947109985351562500e+01 5.541958236694335938e+01 2.579380989074707031e+00 -4.928286671638488770e-01 1.287905979156494141e+01
7.558133453130722046e-02 2.276452445983886719e+01 9.466723632812500000e+01 1.176180648803710938e+02 4.370275878906250000e+01 4.360348701477050781e+00 1.042829360961914062e+02 3.051860809326171875e+00 4.412274551391601562e+01 4.907851028442382812e+01 1.802399873733520508e+00 4.268363583832979202e-03 1.287905979156494141e+01
8.196274191141128540e-02 2.107794761657714844e+01 9.015589141845703125e+01 1.104081573486328125e+02 3.778447341918945312e+01 2.157177543640136719e+01 9.845317077636718750e+01 2.209822416305541992e+00 4.118027496337890625e+01 4.538294219970703125e+01 1.168480277061462402e+00 7.403951287269592285e-01 1.287905979156494141e+01
8.830232173204421997e-02 1.859522438049316406e+01 7.976548004150390625e+01 9.827458953857421875e+01 3.759341430664062500e+01 9.791949272155761719e+00 8.716114044189453125e+01 2.431565284729003906e+00 3.621615219116210938e+01 4.008357238769531250e+01 1.383024454116821289e+00 2.753674387931823730e-01 1.287905979156494141e+01
9.435217082500457764e-02 1.607575225830078125e+01 7.202632904052734375e+01 8.726395416259765625e+01 2.520156478881835938e+01 1.372065830230712891e+01 7.791981506347656250e+01 1.049613237380981445e+00 3.174633598327636719e+01 3.471260833740234375e+01 2.567429244518280029e-01 3.571532368659973145e-01 1.287905979156494141e+01
1.005600690841674805e-01 1.460617637634277344e+01 6.548590850830078125e+01 8.179695892333984375e+01 4.096531677246093750e+01 -2.130328893661499023e+00 7.167724609375000000e+01 3.708827018737792969e+00 2.865449905395507812e+01 3.183893013000488281e+01 1.871732473373413086e+00 -3.049691617488861084e-01 1.287905979156494141e+01
1.070138886570930481e-01 1.358308792114257812e+01 6.007987976074218750e+01 7.385739135742187500e+01 2.802804374694824219e+01 1.077725219726562500e+01 6.502523803710937500e+01 1.530752778053283691e+00 2.639344406127929688e+01 2.895890235900878906e+01 8.334767818450927734e-01 2.619101107120513916e-01 1.287905979156494141e+01
1.134273484349250793e-01 1.270253372192382812e+01 5.945819091796875000e+01 7.370888519287109375e+01 3.026979255676269531e+01 -4.780648708343505859e+00 6.454335021972656250e+01 1.968591332435607910e+00 2.537499046325683594e+01 2.798308753967285156e+01 1.203023195266723633e+00 -1.532543748617172241e-01 1.287905979156494141e+01
1.196089535951614380e-01 1.207367229461669922e+01 5.662045669555664062e+01 6.891340637207031250e+01 2.713007926940917969e+01 -8.520022034645080566e-01 6.072949600219726562e+01 1.873965024948120117e+00 2.392604827880859375e+01 2.606892204284667969e+01 1.056591510772705078e+00 -1.165511459112167358e-01 1.287905979156494141e+01
1.257804334163665771e-01 1.115327358245849609e+01 5.260955047607421875e+01 6.396398162841796875e+01 2.241635704040527344e+01 -1.391508057713508606e-02 5.623669433593750000e+01 1.136111259460449219e+00 2.195314979553222656e+01 2.386191940307617188e+01 6.533294320106506348e-01 -1.554492115974426270e-01 1.287905979156494141e+01
1.321490257978439331e-01 1.070477676391601562e+01 5.089162826538085938e+01 6.096538162231445312e+01 2.184062004089355469e+01 -5.234054327011108398e-01 5.398411178588867188e+01 1.383257269859313965e+00 2.121647453308105469e+01 2.284507560729980469e+01 6.386579871177673340e-01 -8.656029403209686279e-02 1.287905979156494141e+01
1.384563297033309937e-01 9.584217071533203125e+00 4.726759338378906250e+01 5.675736236572265625e+01 1.841287612915039062e+01 7.441650867462158203e+00 4.988433837890625000e+01 6.606749296188354492e-01 1.910689544677734375e+01 2.054579353332519531e+01 4.933572709560394287e-01 2.655950486660003662e-01 1.287905979156494141e+01
1.446497291326522827e-01 9.455463409423828125e+00 4.622908020019531250e+01 5.555869293212890625e+01 2.024870681762695312e+01 2.649942874908447266e+00 4.867852020263671875e+01 9.460180401802062988e-01 1.876422500610351562e+01 2.016537475585937500e+01 5.896065235137939453e-01 -2.595319412648677826e-03 1.287905979156494141e+01
1.508535146713256836e-01 8.657328605651855469e+00 4.457575607299804688e+01 5.370128631591796875e+01 1.851717376708984375e+01 6.105196475982666016e-01 4.685179901123046875e+01 6.900049448013305664e-01 1.749843025207519531e+01 1.868997001647949219e+01 3.000324964523315430e-01 -7.561851292848587036e-03 1.287905979156494141e+01
1.571729034185409546e-01 7.693223953247070312e+00 3.985826873779296875e+01 4.872631072998046875e+01 2.131431579589843750e+01 1.750174403190612793e+00 4.198495864868164062e+01 1.223286509513854980e+00 1.543473815917968750e+01 1.663429069519042969e+01 6.206901669502258301e-01 -1.853384822607040405e-02 1.287905979156494141e+01
1.635417938232421875e-01 7.593098163604736328e+00 4.108338546752929688e+01 4.909979248046875000e+01 1.895181083679199219e+01 2.600072383880615234e+00 4.274042892456054688e+01 9.264340400695800781e-01 1.560056209564208984e+01 1.658455848693847656e+01 5.017158985137939453e-01 2.395361661911010742e-02 1.287905979156494141e+01
1.698256134986877441e-01 7.052875518798828125e+00 3.760794448852539062e+01 4.483020782470703125e+01 1.579529571533203125e+01 1.648468375205993652e+00 3.877224731445312500e+01 3.797036111354827881e-01 1.422661304473876953e+01 1.499288845062255859e+01 2.207664847373962402e-01 -2.878763899207115173e-02 1.287905979156494141e+01
1.761013567447662354e-01 6.762010097503662109e+00 3.691684722900390625e+01 4.448619461059570312e+01 1.927384948730468750e+01 4.518177509307861328e+00 3.822864913940429688e+01 1.019938707351684570e+00 1.376937580108642578e+01 1.456461906433105469e+01 5.664968490600585938e-01 1.170511171221733093e-01 1.287905979156494141e+01
1.823998540639877319e-01 6.427955150604248047e+00 3.546394348144531250e+01 4.210889434814453125e+01 1.509831047058105469e+01 2.284552574157714844e+00 3.627195358276367188e+01 4.593698382377624512e-01 1.307506752014160156e+01 1.366147994995117188e+01 2.552874684333801270e-01 -7.418213412165641785e-03 1.287905979156494141e+01
1.886507123708724976e-01 6.241249561309814453e+00 3.500640487670898438e+01 4.148952102661132812e+01 1.362738609313964844e+01 1.950478672981262207e+00 3.562235641479492188e+01 1.205196529626846313e-01 1.276581001281738281e+01 1.328145599365234375e+01 1.720607280731201172e-01 4.027527570724487305e-02 1.287905979156494141e+01
1.949081569910049438e-01 5.904704570770263672e+00 3.343473434448242188e+01 3.982645034790039062e+01 1.461614131927490234e+01 4.489617824554443359e+00 3.394247817993164062e+01 2.730698883533477783e-01 1.204167366027832031e+01 1.249826335906982422e+01 2.298313975334167480e-01 7.068638503551483154e-02 1.287905979156494141e+01
2.011425346136093140e-01 5.703478813171386719e+00 3.317289733886718750e+01 3.845734405517578125e+01 1.165403175354003906e+01 1.756052613258361816e+00 3.311346054077148438e+01 3.403508663177490234e-02 1.174315071105957031e+01 1.197299194335937500e+01 1.626014262437820435e-01 5.733262002468109131e-02 1.287905979156494141e+01
2.073954045772552490e-01 5.445816040039062500e+00 3.207522201538085938e+01 3.776711654663085938e+01 1.208056068420410156e+01 -1.459317207336425781e+00 3.217959213256835938e+01 4.390412941575050354e-02 1.122799301147460938e+01 1.154718971252441406e+01 1.163794994354248047e-01 -1.029197499155998230e-01 1.287905979156494141e+01
2.137389332056045532e-01 5.126050949096679688e+00 3.086923789978027344e+01 3.613442230224609375e+01 1.212951755523681641e+01 2.189723491668701172e+00 3.061014938354492188e+01 -6.677193194627761841e-02 1.060584545135498047e+01 1.075688457489013672e+01 8.552501350641250610e-02 3.862536698579788208e-02 1.287905979156494141e+01
2.200330942869186401e-01 4.906214237213134766e+00 2.986328315734863281e+01 3.502687454223632812e+01 1.198495578765869141e+01 1.349880337715148926e+00 2.951155471801757812e+01 -1.658822037279605865e-02 1.015494251251220703e+01 1.034152126312255859e+01 1.395503133535385132e-01 -2.509113168343901634e-03 1.287905979156494141e+01
2.262930423021316528e-01 4.708891391754150391e+00 2.946078300476074219e+01 3.445155334472656250e+01 1.061866378784179688e+01 2.914314031600952148e+00 2.892453002929687500e+01 -2.528566122055053711e-01 9.802124023437500000e+00 9.901372909545898438e+00 3.315487131476402283e-02 8.576048910617828369e-02 1.287905979156494141e+01
2.325985133647918701e-01 4.494491100311279297e+00 2.810697746276855469e+01 3.259363174438476562e+01 9.011962890625000000e+00 2.761354207992553711e+00 2.733969116210937500e+01 -3.999015688896179199e-01 9.281494140625000000e+00 9.269418716430664062e+00 -5.304035916924476624e-02 6.629341840744018555e-02 1.287905979156494141e+01
2.388891130685806274e-01 4.378521442413330078e+00 2.757695770263671875e+01 3.241971969604492188e+01 1.072562026977539062e+01 -7.673438191413879395e-01 2.680915451049804688e+01 -1.979384422302246094e-01 9.061711311340332031e+00 9.026209831237792969e+00 2.823936939239501953e-02 -2.591464295983314514e-02 1.287905979156494141e+01
2.451218813657760620e-01 4.237657070159912109e+00 2.696526336669921875e+01 3.117842292785644531e+01 9.047508239746093750e+00 1.920076847076416016e+00 2.589861679077148438e+01 -4.074160754680633545e-01 8.768167495727539062e+00 8.667223930358886719e+00 -1.936031691730022430e-02 4.437549784779548645e-02 1.287905979156494141e+01
2.513737380504608154e-01 4.117310047149658203e+00 2.674883270263671875e+01 3.097506141662597656e+01 8.366740226745605469e+00 1.708608746528625488e+00 2.558842468261718750e+01 -6.067399382591247559e-01 8.610968589782714844e+00 8.444192886352539062e+00 -1.193912103772163391e-01 3.538994118571281433e-02 1.287905979156494141e+01
2.577070593833923340e-01 3.984086751937866211e+00 2.630399894714355469e+01 3.057869148254394531e+01 1.020548439025878906e+01 3.738535404205322266e+00 2.500791549682617188e+01 -4.692001342773437500e-01 8.320487976074218750e+00 8.125555992126464844e+00 -6.122498586773872375e-02 5.056490749120712280e-02 1.287905979156494141e+01
2.640204429626464844e-01 3.858832597732543945e+00 2.592251396179199219e+01 2.991534423828125000e+01 8.215536117553710938e+00 1.577198624610900879e+00 2.448720932006835938e+01 -6.417173743247985840e-01 8.085129737854003906e+00 7.850237846374511719e+00 -9.003248065710067749e-02 8.151943795382976532e-03 1.287905979156494141e+01
2.702898085117340088e-01 3.727920532226562500e+00 2.534970283508300781e+01 2.908598899841308594e+01 8.351892471313476562e+00 7.025585174560546875e-01 2.373393440246582031e+01 -5.662745833396911621e-01 7.818013668060302734e+00 7.508831977844238281e+00 -9.928536415100097656e-02 4.027651995420455933e-02 1.287905979156494141e+01
2.765615284442901611e-01 3.627166748046875000e+00 2.503047943115234375e+01 2.866545677185058594e+01 8.615406036376953125e+00 2.642777442932128906e+00 2.324901771545410156e+01 -6.157034635543823242e-01 7.620163440704345703e+00 7.270250320434570312e+00 -1.437307596206665039e-01 3.997468575835227966e-02 1.287905979156494141e+01
2.828698754310607910e-01 3.505304813385009766e+00 2.425817489624023438e+01 2.792851829528808594e+01 8.775876045227050781e+00 4.277105629444122314e-01 2.245874595642089844e+01 -5.039412379264831543e-01 7.359298229217529297e+00 7.029813289642333984e+00 -3.867082670331001282e-02 1.785653084516525269e-02 1.287905979156494141e+01
2.891486585140228271e-01 3.422057628631591797e+00 2.404183197021484375e+01 2.729402351379394531e+01 6.991287708282470703e+00 6.315376162528991699e-01 2.193935394287109375e+01 -8.097239136695861816e-01 7.181113243103027344e+00 6.727708339691162109e+00 -1.573265939950942993e-01 1.354925148189067841e-02 1.287905979156494141e+01
2.953523397445678711e-01 3.324801206588745117e+00 2.311210632324218750e+01 2.652450942993164062e+01 7.520345211029052734e+00 1.523359060287475586e+00 2.098203086853027344e+01 -8.391492366790771484e-01 6.886732101440429688e+00 6.458002567291259766e+00 -1.464872509241104126e-01 3.701246902346611023e-02 1.287905979156494141e+01
3.016075491905212402e-01 3.231262207031250000e+00 2.323457336425781250e+01 2.660857772827148438e+01 7.455909252166748047e+00 2.452265977859497070e+00 2.100564575195312500e+01 -8.083786368370056152e-01 6.809938907623291016e+00 6.319740295410156250e+00 -1.824433952569961548e-01 6.483861804008483887e-02 1.287905979156494141e+01
3.079382479190826416e-01 3.200425148010253906e+00 2.297594451904296875e+01 2.608659934997558594e+01 7.404596805572509766e+00 3.377722740173339844e+00 2.055329132080078125e+01 -8.556010723114013672e-01 6.699343204498291016e+00 6.170729637145996094e+00 -1.741655915975570679e-01 7.536775618791580200e-02 1.287905979156494141e+01
3.142760396003723145e-01 3.115046024322509766e+00 2.258030509948730469e+01 2.571392822265625000e+01 7.355051040649414062e+00 2.406651258468627930e+00 2.011970329284667969e+01 -8.845348358154296875e-01 6.545357704162597656e+00 6.003857135772705078e+00 -1.840167939662933350e-01 5.884567648172378540e-02 1.287905979156494141e+01
3.205462992191314697e-01 3.047471761703491211e+00 2.231286811828613281e+01 2.529819297790527344e+01 6.406473636627197266e+00 1.891660332679748535e+00 1.965445137023925781e+01 -1.088932752609252930e+00 6.366345882415771484e+00 5.789478778839111328e+00 -2.373658865690231323e-01 5.165347829461097717e-02 1.287905979156494141e+01
3.268128037452697754e-01 2.947682380676269531e+00 2.196054840087890625e+01 2.497178268432617188e+01 6.425041675567626953e+00 1.196478247642517090e+00 1.923397254943847656e+01 -1.066862940788269043e+00 6.187952518463134766e+00 5.589903354644775391e+00 -2.250681221485137939e-01 4.364078119397163391e-02 1.287905979156494141e+01
3.331238031387329102e-01 3.000924825668334961e+00 2.224894523620605469e+01 2.488810729980468750e+01 5.630323886871337891e+00 2.681800127029418945e+00 1.928879356384277344e+01 -1.172846674919128418e+00 6.300207614898681641e+00 5.623780250549316406e+00 -2.758904099464416504e-01 7.766298949718475342e-02 1.287905979156494141e+01
3.394046723842620850e-01 2.910161495208740234e+00 2.167590904235839844e+01 2.441680526733398438e+01 6.706665039062500000e+00 2.810019969940185547e+00 1.868082809448242188e+01 -1.006710290908813477e+00 6.066583633422851562e+00 5.378924369812011719e+00 -2.101552635431289673e-01 8.488667756319046021e-02 1.287905979156494141e+01
3.456391692161560059e-01 2.826759099960327148e+00 2.126930999755859375e+01 2.400065040588378906e+01 6.722908973693847656e+00 2.251945018768310547e+00 1.811525344848632812e+01 -1.033235311508178711e+00 5.862417697906494141e+00 5.148307323455810547e+00 -2.259385138750076294e-01 7.951693236827850342e-02 1.287905979156494141e+01
3.518808186054229736e-01 2.794151067733764648e+00 2.120779418945312500e+01 2.394303321838378906e+01 5.787530422210693359e+00 4.001166343688964844e+00 1.790533447265625000e+01 -1.353170871734619141e+00 5.800721645355224609e+00 5.031612396240234375e+00 -3.181446194648742676e-01 1.067265942692756653e-01 1.287905979156494141e+01
3.582032322883605957e-01 2.822818517684936523e+00 2.129438018798828125e+01 2.386834144592285156e+01 5.537141799926757812e+00 3.217094182968139648e+00 1.791168212890625000e+01 -1.339892506599426270e+00 5.852650642395019531e+00 5.052304267883300781e+00 -3.207260370254516602e-01 1.260115057229995728e-01 1.287905979156494141e+01
3.645117878913879395e-01 2.773725748062133789e+00 2.106361198425292969e+01 2.347654914855957031e+01 5.687255859375000000e+00 4.528532981872558594e+00 1.737393188476562500e+01 -1.401706933975219727e+00 5.714962482452392578e+00 4.811450958251953125e+00 -3.504378795623779297e-01 1.281213164329528809e-01 1.287905979156494141e+01
3.707640767097473145e-01 2.753828763961791992e+00 2.099022102355957031e+01 2.344151115417480469e+01 5.368540763854980469e+00 5.209022045135498047e+00 1.726445770263671875e+01 -1.464155554771423340e+00 5.651103973388671875e+00 4.802160739898681641e+00 -3.441391289234161377e-01 1.326428353786468506e-01 1.287905979156494141e+01
3.770540952682495117e-01 2.744188785552978516e+00 2.116165542602539062e+01 2.335614204406738281e+01 5.526343345642089844e+00 6.236397743225097656e+00 1.709817314147949219e+01 -1.529617071151733398e+00 5.656045436859130859e+00 4.677056789398193359e+00 -3.615237474441528320e-01 1.418484896421432495e-01 1.287905979156494141e+01
3.833588361740112305e-01 2.744737148284912109e+00 2.122753143310546875e+01 2.376863098144531250e+01 5.735321521759033203e+00 7.521449089050292969e+00 1.716583061218261719e+01 -1.587698459625244141e+00 5.650019645690917969e+00 4.690816402435302734e+00 -3.636481165885925293e-01 2.183762192726135254e-01 1.287905979156494141e+01
3.896513879299163818e-01 2.783423662185668945e+00 2.177276229858398438e+01 2.402742004394531250e+01 5.582731246948242188e+00 8.662829399108886719e+00 1.734954071044921875e+01 -1.743421554565429688e+00 5.748635768890380859e+00 4.677519798278808594e+00 -4.182873070240020752e-01 1.903906762599945068e-01 1.287905979156494141e+01
3.958770036697387695e-01 2.801759004592895508e+00 2.186697387695312500e+01 2.430621337890625000e+01 4.782429218292236328e+00 1.085316848754882812e+01 1.739537811279296875e+01 -1.932316184043884277e+00 5.760216236114501953e+00 4.720877647399902344e+00 -4.565215706825256348e-01 2.436055988073348999e-01 1.287905979156494141e+01
4.021010994911193848e-01 2.831880092620849609e+00 2.255039024353027344e+01 2.458683967590332031e+01 4.988014221191406250e+00 1.170337486267089844e+01 1.771719741821289062e+01 -1.940177083015441895e+00 5.873956203460693359e+00 4.739286422729492188e+00 -4.631051123142242432e-01 2.691550850868225098e-01 1.287905979156494141e+01
