# k, P_{cc}, P_{hh,r}, P_{hh,0}, P_{hh,2}, P_{hh,4}, P_{h0,hr}, P_{h2,hr}, P_{hc,r}, P_{hc,0}, P_{hc,2}, P_{hc,4}, P_pSN
#  Realization 56
8.018244989216327667e-03 6.956610107421875000e+01 2.521269836425781250e+02 3.084917602539062500e+02 -4.022525787353515625e+01 -3.293679504394531250e+02 2.777903137207031250e+02 -1.570290374755859375e+01 1.296887664794921875e+02 1.429725494384765625e+02 -1.003535079956054688e+01 -1.046263790130615234e+01 1.287239742279052734e+01
1.401655934751033783e-02 7.996836090087890625e+01 3.245327453613281250e+02 4.052700500488281250e+02 9.929320526123046875e+01 4.873936462402343750e+01 3.608695678710937500e+02 1.558872818946838379e+00 1.582093811035156250e+02 1.765376281738281250e+02 5.927001237869262695e-01 1.272937059402465820e+00 1.287239742279052734e+01
1.969251595437526703e-02 5.437007522583007812e+01 2.058501892089843750e+02 2.593533020019531250e+02 3.639145278930664062e+01 -3.961013793945312500e+01 2.296021575927734375e+02 -4.230869770050048828e+00 1.025235443115234375e+02 1.157382202148437500e+02 -8.209010958671569824e-02 -2.772755622863769531e+00 1.287239742279052734e+01
2.551339380443096161e-02 6.133965682983398438e+01 2.444003601074218750e+02 3.091026306152343750e+02 1.512991790771484375e+02 6.921643066406250000e+01 2.734420776367187500e+02 1.439418220520019531e+01 1.197832489013671875e+02 1.344216308593750000e+02 5.782552242279052734e+00 2.732108354568481445e+00 1.287239742279052734e+01
3.202908113598823547e-02 5.361448287963867188e+01 2.081727294921875000e+02 2.640647277832031250e+02 1.170818481445312500e+02 2.729277610778808594e+01 2.330273132324218750e+02 9.421690940856933594e+00 1.032513122558593750e+02 1.160033416748046875e+02 4.094932556152343750e+00 7.471608519554138184e-01 1.287239742279052734e+01
3.846523538231849670e-02 4.451743316650390625e+01 1.712914276123046875e+02 2.178577880859375000e+02 1.152813415527343750e+02 1.851015210151672363e+00 1.919723968505859375e+02 1.145656204223632812e+01 8.475741577148437500e+01 9.559342956542968750e+01 6.250869750976562500e+00 5.465826392173767090e-01 1.287239742279052734e+01
4.443310573697090149e-02 3.699022293090820312e+01 1.435283203125000000e+02 1.806728973388671875e+02 5.419827270507812500e+01 -4.114412307739257812e+01 1.599839019775390625e+02 2.799721717834472656e+00 7.047902679443359375e+01 7.920128631591796875e+01 2.123263835906982422e+00 -2.296071767807006836e+00 1.287239742279052734e+01
5.042308941483497620e-02 3.610087585449218750e+01 1.430474853515625000e+02 1.769177398681640625e+02 3.455258560180664062e+01 5.392884731292724609e+00 1.579125823974609375e+02 -8.446088433265686035e-01 6.947054290771484375e+01 7.716336059570312500e+01 -4.677388370037078857e-01 3.548830747604370117e-01 1.287239742279052734e+01
5.690929666161537170e-02 3.140293693542480469e+01 1.239427490234375000e+02 1.531663818359375000e+02 3.898985671997070312e+01 -3.486939620971679688e+01 1.366913299560546875e+02 1.368878364562988281e+00 5.999742889404296875e+01 6.665776824951171875e+01 9.312292337417602539e-01 -1.352805852890014648e+00 1.287239742279052734e+01
6.341847032308578491e-02 2.837834739685058594e+01 1.169740447998046875e+02 1.437240600585937500e+02 4.829837417602539062e+01 6.849960327148437500e+00 1.285503082275390625e+02 3.308742284774780273e+00 5.519748687744140625e+01 6.115666198730468750e+01 1.748139619827270508e+00 1.639704108238220215e-01 1.287239742279052734e+01
6.949992477893829346e-02 2.645481681823730469e+01 1.075409317016601562e+02 1.324978332519531250e+02 3.962259674072265625e+01 1.547310829162597656e+01 1.181353302001953125e+02 1.862256884574890137e+00 5.088638687133789062e+01 5.644004440307617188e+01 1.372185349464416504e+00 5.371408462524414062e-01 1.287239742279052734e+01
7.558133453130722046e-02 2.400638580322265625e+01 1.004383544921875000e+02 1.235288162231445312e+02 4.707875823974609375e+01 -2.296404647827148438e+01 1.102303466796875000e+02 3.913309574127197266e+00 4.678515625000000000e+01 5.182980728149414062e+01 2.005266189575195312e+00 -1.204820513725280762e+00 1.287239742279052734e+01
8.196274191141128540e-02 2.107213020324707031e+01 8.941726684570312500e+01 1.104291229248046875e+02 5.305208587646484375e+01 -4.182248592376708984e+00 9.811532592773437500e+01 5.329638481140136719e+00 4.117346572875976562e+01 4.549114990234375000e+01 2.429757595062255859e+00 -4.286000132560729980e-01 1.287239742279052734e+01
8.830232173204421997e-02 1.809517478942871094e+01 7.894217681884765625e+01 9.763793945312500000e+01 4.021863174438476562e+01 -8.277792930603027344e+00 8.643838500976562500e+01 3.207113504409790039e+00 3.560040664672851562e+01 3.939794540405273438e+01 1.510149121284484863e+00 -4.656343758106231689e-01 1.287239742279052734e+01
9.435217082500457764e-02 1.628668594360351562e+01 6.903145599365234375e+01 8.400174713134765625e+01 2.979768562316894531e+01 3.152996063232421875e+00 7.475575256347656250e+01 1.981950402259826660e+00 3.122818565368652344e+01 3.424071121215820312e+01 9.922525286674499512e-01 1.400082856416702271e-01 1.287239742279052734e+01
1.005600690841674805e-01 1.505294227600097656e+01 6.582759094238281250e+01 8.024232482910156250e+01 2.404618453979492188e+01 -2.686232805252075195e+00 7.128057098388671875e+01 1.106562137603759766e+00 2.917682456970214844e+01 3.196921920776367188e+01 6.072263121604919434e-01 -9.592176973819732666e-02 1.287239742279052734e+01
1.070138886570930481e-01 1.319210052490234375e+01 5.970139694213867188e+01 7.307556915283203125e+01 2.823355865478515625e+01 9.887859344482421875e+00 6.456977844238281250e+01 1.870784878730773926e+00 2.579468917846679688e+01 2.834838485717773438e+01 1.067307114601135254e+00 3.523839414119720459e-01 1.287239742279052734e+01
1.134273484349250793e-01 1.254548263549804688e+01 5.941307830810546875e+01 7.242711639404296875e+01 2.986134719848632812e+01 5.324698448181152344e+00 6.402519989013671875e+01 2.150380134582519531e+00 2.502949714660644531e+01 2.742341232299804688e+01 1.202797055244445801e+00 1.675213426351547241e-01 1.287239742279052734e+01
1.196089535951614380e-01 1.183763694763183594e+01 5.595461654663085938e+01 6.842825317382812500e+01 3.136878013610839844e+01 1.373523521423339844e+01 6.013438034057617188e+01 2.299178838729858398e+00 2.356369972229003906e+01 2.566534805297851562e+01 1.092579245567321777e+00 4.942100644111633301e-01 1.287239742279052734e+01
1.257804334163665771e-01 1.124715995788574219e+01 5.351808547973632812e+01 6.540641784667968750e+01 2.684855461120605469e+01 -1.608962416648864746e+00 5.742182922363281250e+01 1.816271781921386719e+00 2.239056587219238281e+01 2.442715644836425781e+01 9.516068100929260254e-01 -1.838200390338897705e-01 1.287239742279052734e+01
1.321490257978439331e-01 1.083871173858642578e+01 5.249400711059570312e+01 6.334915924072265625e+01 2.475776481628417969e+01 2.121640443801879883e+00 5.593168640136718750e+01 1.753891825675964355e+00 2.165594673156738281e+01 2.339693260192871094e+01 9.211845993995666504e-01 8.280664682388305664e-02 1.287239742279052734e+01
1.384563297033309937e-01 1.019344043731689453e+01 4.944534683227539062e+01 5.886433029174804688e+01 2.162139511108398438e+01 8.013683319091796875e+00 5.216227722167968750e+01 1.338810324668884277e+00 2.029672431945800781e+01 2.178504371643066406e+01 7.174946665763854980e-01 2.311559319496154785e-01 1.287239742279052734e+01
1.446497291326522827e-01 9.241680145263671875e+00 4.665893173217773438e+01 5.599589157104492188e+01 2.234294700622558594e+01 5.512796640396118164e-01 4.917418670654296875e+01 1.479063510894775391e+00 1.866209602355957031e+01 2.004603195190429688e+01 7.376554012298583984e-01 -2.755458652973175049e-02 1.287239742279052734e+01
1.508535146713256836e-01 8.816019058227539062e+00 4.424943542480468750e+01 5.337923812866210938e+01 2.213048362731933594e+01 4.096987724304199219e+00 4.664147186279296875e+01 1.458122014999389648e+00 1.767657279968261719e+01 1.895878791809082031e+01 7.115378975868225098e-01 1.182546839118003845e-01 1.287239742279052734e+01
1.571729034185409546e-01 8.244831085205078125e+00 4.261364746093750000e+01 5.120859146118164062e+01 1.841131973266601562e+01 -5.625756978988647461e-01 4.464228439331054688e+01 8.941945433616638184e-01 1.656473541259765625e+01 1.762458992004394531e+01 3.416075110435485840e-01 -6.352039426565170288e-02 1.287239742279052734e+01
1.635417938232421875e-01 7.559144496917724609e+00 3.964650726318359375e+01 4.772325515747070312e+01 1.749683761596679688e+01 3.911353111267089844e+00 4.136376571655273438e+01 6.207925677299499512e-01 1.524864673614501953e+01 1.620634460449218750e+01 3.405323624610900879e-01 3.000389225780963898e-02 1.287239742279052734e+01
1.698256134986877441e-01 7.081034183502197266e+00 3.721180725097656250e+01 4.418911743164062500e+01 1.624987792968750000e+01 3.625272989273071289e+00 3.837136459350585938e+01 6.882105469703674316e-01 1.413772773742675781e+01 1.486648082733154297e+01 2.646394670009613037e-01 8.471083641052246094e-02 1.287239742279052734e+01
1.761013567447662354e-01 6.622903347015380859e+00 3.650862884521484375e+01 4.385865402221679688e+01 1.843820190429687500e+01 4.202380180358886719e+00 3.778033828735351562e+01 9.485081434249877930e-01 1.347897911071777344e+01 1.424673652648925781e+01 4.841047227382659912e-01 7.096035778522491455e-02 1.287239742279052734e+01
1.823998540639877319e-01 6.458674430847167969e+00 3.489566421508789062e+01 4.171202468872070312e+01 1.594668769836425781e+01 6.498699665069580078e+00 3.587780380249023438e+01 5.724328756332397461e-01 1.297408962249755859e+01 1.364284229278564453e+01 3.211413025856018066e-01 1.757062673568725586e-01 1.287239742279052734e+01
1.886507123708724976e-01 6.274523735046386719e+00 3.488856887817382812e+01 4.144706726074218750e+01 1.487032032012939453e+01 3.018195390701293945e+00 3.554152297973632812e+01 3.433116972446441650e-01 1.276699352264404297e+01 1.332829952239990234e+01 2.581445872783660889e-01 8.145748078823089600e-02 1.287239742279052734e+01
1.949081569910049438e-01 5.932450294494628906e+00 3.387430572509765625e+01 4.034753417968750000e+01 1.528892517089843750e+01 2.309787988662719727e+00 3.447781372070312500e+01 4.634791016578674316e-01 1.215775680541992188e+01 1.267220211029052734e+01 2.588500082492828369e-01 3.162479773163795471e-02 1.287239742279052734e+01
2.011425346136093140e-01 5.701118946075439453e+00 3.256895446777343750e+01 3.829699325561523438e+01 1.326137065887451172e+01 5.422877311706542969e+00 3.280264663696289062e+01 1.757872551679611206e-01 1.162477779388427734e+01 1.201721477508544922e+01 1.598725467920303345e-01 1.455002874135971069e-01 1.287239742279052734e+01
2.073954045772552490e-01 5.502727031707763672e+00 3.190063858032226562e+01 3.728016281127929688e+01 1.154490375518798828e+01 3.695150613784790039e+00 3.185348320007324219e+01 -7.709795236587524414e-02 1.123203468322753906e+01 1.147427749633789062e+01 1.061705723404884338e-01 8.957598358392715454e-02 1.287239742279052734e+01
2.137389332056045532e-01 5.239616870880126953e+00 3.110658645629882812e+01 3.641852188110351562e+01 1.271951961517333984e+01 2.359044313430786133e+00 3.091613578796386719e+01 1.049724370241165161e-01 1.081089782714843750e+01 1.105045700073242188e+01 1.570008546113967896e-01 6.208898127079010010e-02 1.287239742279052734e+01
2.200330942869186401e-01 4.868161201477050781e+00 2.942151641845703125e+01 3.455879592895507812e+01 1.139877605438232422e+01 1.275775790214538574e+00 2.909766578674316406e+01 -8.355033397674560547e-02 9.993213653564453125e+00 1.015055656433105469e+01 1.019674763083457947e-01 -1.140212267637252808e-02 1.287239742279052734e+01
2.262930423021316528e-01 4.753081321716308594e+00 2.913718605041503906e+01 3.384967422485351562e+01 1.024218845367431641e+01 1.751081824302673340e+00 2.860814857482910156e+01 -1.688520163297653198e-01 9.850457191467285156e+00 9.904720306396484375e+00 2.778264693915843964e-02 5.844660475850105286e-02 1.287239742279052734e+01
2.325985133647918701e-01 4.589073181152343750e+00 2.862465095520019531e+01 3.365174865722656250e+01 1.105355739593505859e+01 3.468009233474731445e+00 2.801944160461425781e+01 -2.205181866884231567e-01 9.530372619628906250e+00 9.641910552978515625e+00 2.493726462125778198e-02 6.857739388942718506e-02 1.287239742279052734e+01
2.388891130685806274e-01 4.496909141540527344e+00 2.814414978027343750e+01 3.317538452148437500e+01 1.076551532745361328e+01 1.723574757575988770e+00 2.753079986572265625e+01 -3.528001904487609863e-01 9.329120635986328125e+00 9.371789932250976562e+00 -1.610206253826618195e-02 1.248568389564752579e-02 1.287239742279052734e+01
2.451218813657760620e-01 4.292983055114746094e+00 2.732590293884277344e+01 3.171972274780273438e+01 1.096738529205322266e+01 2.819070100784301758e+00 2.639433670043945312e+01 -1.289035379886627197e-01 8.937395095825195312e+00 8.852437973022460938e+00 3.099808655679225922e-02 1.452581956982612610e-02 1.287239742279052734e+01
2.513737380504608154e-01 4.209387302398681641e+00 2.726263427734375000e+01 3.187675094604492188e+01 1.147323894500732422e+01 2.542275905609130859e+00 2.624342346191406250e+01 -2.340881377458572388e-01 8.773697853088378906e+00 8.693829536437988281e+00 3.513206914067268372e-02 5.417797714471817017e-03 1.287239742279052734e+01
2.577070593833923340e-01 4.061124324798583984e+00 2.686241722106933594e+01 3.109307098388671875e+01 9.732052803039550781e+00 1.818938136100769043e+00 2.564615440368652344e+01 -4.147079288959503174e-01 8.548364639282226562e+00 8.364238739013671875e+00 -3.251297026872634888e-02 4.851008206605911255e-02 1.287239742279052734e+01
2.640204429626464844e-01 3.867292165756225586e+00 2.536775207519531250e+01 2.926618766784667969e+01 8.692472457885742188e+00 2.453357219696044922e+00 2.390759658813476562e+01 -5.095599293708801270e-01 7.953534603118896484e+00 7.713880062103271484e+00 -3.572260215878486633e-02 9.113714843988418579e-02 1.287239742279052734e+01
2.702898085117340088e-01 3.713860034942626953e+00 2.512548828125000000e+01 2.884947776794433594e+01 8.823245048522949219e+00 6.582094430923461914e-01 2.358170509338378906e+01 -4.768332242965698242e-01 7.750742435455322266e+00 7.472784042358398438e+00 -6.290636211633682251e-02 1.126445364207029343e-02 1.287239742279052734e+01
2.765615284442901611e-01 3.637994050979614258e+00 2.509356307983398438e+01 2.890694046020507812e+01 9.450880050659179688e+00 2.841440439224243164e+00 2.337014389038085938e+01 -5.195716619491577148e-01 7.642605781555175781e+00 7.344440937042236328e+00 -4.977705702185630798e-02 6.953599303960800171e-02 1.287239742279052734e+01
2.828698754310607910e-01 3.468585252761840820e+00 2.381768608093261719e+01 2.758707618713378906e+01 8.213916778564453125e+00 3.696479201316833496e-01 2.206418609619140625e+01 -6.185646653175354004e-01 7.209175109863281250e+00 6.888522624969482422e+00 -1.271132379770278931e-01 4.019422829151153564e-02 1.287239742279052734e+01
2.891486585140228271e-01 3.456834077835083008e+00 2.425728416442871094e+01 2.769722366333007812e+01 6.920163631439208984e+00 5.856388807296752930e-01 2.230029678344726562e+01 -8.351640701293945312e-01 7.267394065856933594e+00 6.888617992401123047e+00 -1.612921059131622314e-01 1.810344308614730835e-02 1.287239742279052734e+01
2.953523397445678711e-01 3.352621316909790039e+00 2.346501541137695312e+01 2.701346778869628906e+01 8.267270088195800781e+00 4.100745677947998047e+00 2.145161819458007812e+01 -7.737915515899658203e-01 6.972993850708007812e+00 6.586938858032226562e+00 -1.211557313799858093e-01 1.021813899278640747e-01 1.287239742279052734e+01
3.016075491905212402e-01 3.261269330978393555e+00 2.329346275329589844e+01 2.683845329284667969e+01 6.940726757049560547e+00 1.161107778549194336e+00 2.125194358825683594e+01 -9.363754987716674805e-01 6.820931911468505859e+00 6.431694984436035156e+00 -2.231218516826629639e-01 3.749177604913711548e-02 1.287239742279052734e+01
3.079382479190826416e-01 3.177508831024169922e+00 2.295036888122558594e+01 2.592348289489746094e+01 7.040464878082275391e+00 2.495871305465698242e+00 2.055184173583984375e+01 -8.421364426612854004e-01 6.682665348052978516e+00 6.157719612121582031e+00 -1.697483062744140625e-01 6.680665165185928345e-02 1.287239742279052734e+01
3.142760396003723145e-01 3.168618679046630859e+00 2.288808441162109375e+01 2.605876731872558594e+01 7.063762187957763672e+00 1.716591000556945801e+00 2.048591804504394531e+01 -9.260821342468261719e-01 6.649080753326416016e+00 6.152015686035156250e+00 -1.894529759883880615e-01 3.956981375813484192e-02 1.287239742279052734e+01
3.205462992191314697e-01 3.052980661392211914e+00 2.206989288330078125e+01 2.508908462524414062e+01 6.241179466247558594e+00 2.341364622116088867e+00 1.950877761840820312e+01 -1.031193256378173828e+00 6.327732086181640625e+00 5.755211353302001953e+00 -2.522598803043365479e-01 5.734855309128761292e-02 1.287239742279052734e+01
3.268128037452697754e-01 3.026140689849853516e+00 2.216531944274902344e+01 2.480402755737304688e+01 5.542054176330566406e+00 2.146878242492675781e+00 1.931723403930664062e+01 -1.108511686325073242e+00 6.306114673614501953e+00 5.656073570251464844e+00 -2.472241371870040894e-01 7.807011157274246216e-02 1.287239742279052734e+01
3.331238031387329102e-01 2.945954799652099609e+00 2.164404106140136719e+01 2.457987022399902344e+01 7.117042541503906250e+00 3.225382089614868164e+00 1.880268669128417969e+01 -9.921029210090637207e-01 6.076130867004394531e+00 5.457032680511474609e+00 -2.151528000831604004e-01 9.682246297597885132e-02 1.287239742279052734e+01
3.394046723842620850e-01 2.925178527832031250e+00 2.151946640014648438e+01 2.396358299255371094e+01 6.196627616882324219e+00 2.050507545471191406e+00 1.837578773498535156e+01 -1.046304106712341309e+00 6.055480003356933594e+00 5.308934211730957031e+00 -2.403973191976547241e-01 7.138034701347351074e-02 1.287239742279052734e+01
3.456391692161560059e-01 2.879004716873168945e+00 2.137698364257812500e+01 2.414365196228027344e+01 5.744164466857910156e+00 2.998251438140869141e+00 1.836904335021972656e+01 -1.205245852470397949e+00 5.941107749938964844e+00 5.269090175628662109e+00 -2.892441153526306152e-01 9.154681861400604248e-02 1.287239742279052734e+01
3.518808186054229736e-01 2.848981142044067383e+00 2.126139640808105469e+01 2.397597312927246094e+01 6.184219837188720703e+00 2.839875936508178711e+00 1.805345916748046875e+01 -1.160665988922119141e+00 5.881295204162597656e+00 5.135995864868164062e+00 -2.819796204566955566e-01 1.059032529592514038e-01 1.287239742279052734e+01
3.582032322883605957e-01 2.829982519149780273e+00 2.111510086059570312e+01 2.332602882385253906e+01 5.618533611297607422e+00 4.179292201995849609e+00 1.757662773132324219e+01 -1.268481135368347168e+00 5.811793327331542969e+00 4.936640739440917969e+00 -3.000888228416442871e-01 1.112839281558990479e-01 1.287239742279052734e+01
3.645117878913879395e-01 2.781480073928833008e+00 2.104471969604492188e+01 2.344731140136718750e+01 5.577272415161132812e+00 4.654605388641357422e+00 1.746646118164062500e+01 -1.364174008369445801e+00 5.698497295379638672e+00 4.871844291687011719e+00 -3.191338181495666504e-01 1.079548448324203491e-01 1.287239742279052734e+01
3.707640767097473145e-01 2.793685674667358398e+00 2.122136306762695312e+01 2.320906448364257812e+01 5.544040203094482422e+00 4.971812725067138672e+00 1.733726882934570312e+01 -1.356394767761230469e+00 5.742362976074218750e+00 4.822178363800048828e+00 -3.220757842063903809e-01 1.256021559238433838e-01 1.287239742279052734e+01
3.770540952682495117e-01 2.788502693176269531e+00 2.122501945495605469e+01 2.338333702087402344e+01 5.088555335998535156e+00 5.972831249237060547e+00 1.734897994995117188e+01 -1.446136951446533203e+00 5.713452339172363281e+00 4.750992298126220703e+00 -3.394708335399627686e-01 1.506903022527694702e-01 1.287239742279052734e+01
3.833588361740112305e-01 2.788564205169677734e+00 2.137440299987792969e+01 2.355032539367675781e+01 4.906509399414062500e+00 6.836030960083007812e+00 1.718823432922363281e+01 -1.643557548522949219e+00 5.686174869537353516e+00 4.713862895965576172e+00 -3.877830803394317627e-01 1.704868823289871216e-01 1.287239742279052734e+01
3.896513879299163818e-01 2.799612045288085938e+00 2.162352180480957031e+01 2.377682304382324219e+01 6.088918685913085938e+00 8.096582412719726562e+00 1.734395980834960938e+01 -1.513593196868896484e+00 5.736980438232421875e+00 4.729957103729248047e+00 -3.594117164611816406e-01 1.936372816562652588e-01 1.287239742279052734e+01
3.958770036697387695e-01 2.791265487670898438e+00 2.196089553833007812e+01 2.441928100585937500e+01 5.907246112823486328e+00 1.036167335510253906e+01 1.756200408935546875e+01 -1.711987614631652832e+00 5.750411987304687500e+00 4.711176872253417969e+00 -4.156663119792938232e-01 2.467847317457199097e-01 1.287239742279052734e+01
4.021010994911193848e-01 2.849460124969482422e+00 2.245518875122070312e+01 2.476228332519531250e+01 5.005575180053710938e+00 1.172940921783447266e+01 1.784909820556640625e+01 -1.945251107215881348e+00 5.854398727416992188e+00 4.776334285736083984e+00 -4.468101263046264648e-01 2.875876426696777344e-01 1.287239742279052734e+01
