# k, P_{cc}, P_{hh,r}, P_{hh,0}, P_{hh,2}, P_{hh,4}, P_{h0,hr}, P_{h2,hr}, P_{hc,r}, P_{hc,0}, P_{hc,2}, P_{hc,4}, P_pSN
#  Realization 17
8.018244989216327667e-03 5.746876525878906250e+01 1.991172180175781250e+02 2.383285522460937500e+02 -1.108834991455078125e+02 1.289712219238281250e+02 2.164968566894531250e+02 -3.063677787780761719e+01 1.052704238891601562e+02 1.153798828125000000e+02 -1.368913555145263672e+01 9.082340240478515625e+00 1.285983276367187500e+01
1.401655934751033783e-02 6.968630218505859375e+01 2.592484741210937500e+02 3.428742370605468750e+02 2.588190307617187500e+02 -9.814374542236328125e+01 2.964000854492187500e+02 3.073403167724609375e+01 1.319682464599609375e+02 1.521728973388671875e+02 1.868427085876464844e+01 -4.817008972167968750e+00 1.285983276367187500e+01
1.969251595437526703e-02 6.775327301025390625e+01 2.563869934082031250e+02 3.261292114257812500e+02 1.362876434326171875e+02 4.435947418212890625e+01 2.875758666992187500e+02 1.039701175689697266e+01 1.287363586425781250e+02 1.450067291259765625e+02 4.971205234527587891e+00 1.042176365852355957e+00 1.285983276367187500e+01
2.551339380443096161e-02 5.555612945556640625e+01 2.055667724609375000e+02 2.635311584472656250e+02 1.345187683105468750e+02 1.313192596435546875e+02 2.312225799560546875e+02 1.102841186523437500e+01 1.046492919921875000e+02 1.182874603271484375e+02 6.059322357177734375e+00 6.393342971801757812e+00 1.285983276367187500e+01
3.202908113598823547e-02 5.110208511352539062e+01 1.916579437255859375e+02 2.384712524414062500e+02 2.853547096252441406e+01 -2.670083999633789062e+01 2.126453857421875000e+02 -3.839987277984619141e+00 9.641343688964843750e+01 1.076052322387695312e+02 -1.662398099899291992e+00 -1.522107362747192383e+00 1.285983276367187500e+01
3.846523538231849670e-02 4.356744003295898438e+01 1.674637451171875000e+02 2.121905517578125000e+02 9.914051055908203125e+01 6.367272567749023438e+01 1.872949523925781250e+02 8.555077552795410156e+00 8.287902832031250000e+01 9.324967193603515625e+01 4.451363563537597656e+00 2.629399776458740234e+00 1.285983276367187500e+01
4.443310573697090149e-02 3.919022750854492188e+01 1.581896057128906250e+02 1.995129241943359375e+02 1.035579071044921875e+02 2.220833969116210938e+01 1.765304718017578125e+02 1.060975456237792969e+01 7.627793121337890625e+01 8.583158111572265625e+01 5.721878528594970703e+00 8.081281185150146484e-01 1.285983276367187500e+01
5.042308941483497620e-02 3.126162910461425781e+01 1.276224670410156250e+02 1.614701385498046875e+02 8.157408905029296875e+01 1.142341709136962891e+01 1.424256896972656250e+02 7.876673698425292969e+00 6.096365356445312500e+01 6.848731994628906250e+01 3.957598447799682617e+00 6.120655536651611328e-01 1.285983276367187500e+01
5.690929666161537170e-02 2.879439544677734375e+01 1.180633010864257812e+02 1.462881622314453125e+02 6.183423233032226562e+01 -1.909940147399902344e+01 1.303811645507812500e+02 5.843118190765380859e+00 5.581415939331054688e+01 6.209082031250000000e+01 2.435353994369506836e+00 -1.159056663513183594e+00 1.285983276367187500e+01
6.341847032308578491e-02 2.665414047241210938e+01 1.094880371093750000e+02 1.369911193847656250e+02 6.821879577636718750e+01 1.060946750640869141e+01 1.213279266357421875e+02 6.817119121551513672e+00 5.164599609375000000e+01 5.780575180053710938e+01 3.705275535583496094e+00 2.315578013658523560e-01 1.285983276367187500e+01
6.949992477893829346e-02 2.640961265563964844e+01 1.092596435546875000e+02 1.356296386718750000e+02 6.243886566162109375e+01 8.164762496948242188e+00 1.205355758666992188e+02 5.878740310668945312e+00 5.142465972900390625e+01 5.709337615966796875e+01 2.467493057250976562e+00 1.345882266759872437e-01 1.285983276367187500e+01
7.558133453130722046e-02 2.282322883605957031e+01 9.600370025634765625e+01 1.195581130981445312e+02 5.519293212890625000e+01 -2.685821723937988281e+01 1.059385147094726562e+02 5.319084167480468750e+00 4.454373168945312500e+01 4.962905883789062500e+01 2.905083894729614258e+00 -1.183683991432189941e+00 1.285983276367187500e+01
8.196274191141128540e-02 2.119197654724121094e+01 8.944461822509765625e+01 1.100007247924804688e+02 5.131454086303710938e+01 9.629977226257324219e+00 9.795349884033203125e+01 4.949483394622802734e+00 4.122169876098632812e+01 4.555926513671875000e+01 2.363099575042724609e+00 5.073717981576919556e-02 1.285983276367187500e+01
8.830232173204421997e-02 1.782960319519042969e+01 7.676949310302734375e+01 9.524436950683593750e+01 4.151120758056640625e+01 6.813761234283447266e+00 8.408595275878906250e+01 3.229404211044311523e+00 3.471239471435546875e+01 3.848529815673828125e+01 1.614328384399414062e+00 4.158951938152313232e-01 1.285983276367187500e+01
9.435217082500457764e-02 1.654518890380859375e+01 7.299404144287109375e+01 8.869815063476562500e+01 2.809959030151367188e+01 -6.203781127929687500e+00 7.908954620361328125e+01 1.458104372024536133e+00 3.249867248535156250e+01 3.563620376586914062e+01 8.954174518585205078e-01 -4.013881981372833252e-01 1.285983276367187500e+01
1.005600690841674805e-01 1.481169700622558594e+01 6.652713012695312500e+01 8.099460601806640625e+01 3.110186576843261719e+01 -6.575273036956787109e+00 7.204952239990234375e+01 2.417623519897460938e+00 2.920194816589355469e+01 3.203149414062500000e+01 1.102873921394348145e+00 -4.619742333889007568e-01 1.285983276367187500e+01
1.070138886570930481e-01 1.352113151550292969e+01 6.194145584106445312e+01 7.607648468017578125e+01 2.906827545166015625e+01 1.017204952239990234e+01 6.711675262451171875e+01 1.704012989997863770e+00 2.669947242736816406e+01 2.937999534606933594e+01 9.823521971702575684e-01 2.688590586185455322e-01 1.285983276367187500e+01
1.134273484349250793e-01 1.204488945007324219e+01 5.700387954711914062e+01 6.937608337402343750e+01 2.862507629394531250e+01 -1.840132474899291992e+00 6.128720092773437500e+01 2.084614515304565430e+00 2.397399711608886719e+01 2.613268089294433594e+01 9.155550003051757812e-01 -2.768344581127166748e-01 1.285983276367187500e+01
1.196089535951614380e-01 1.142217922210693359e+01 5.389035797119140625e+01 6.562968444824218750e+01 2.282445526123046875e+01 3.416039466857910156e+00 5.781415939331054688e+01 1.107844114303588867e+00 2.272539710998535156e+01 2.481662559509277344e+01 6.495072841644287109e-01 -1.009688992053270340e-02 1.285983276367187500e+01
1.257804334163665771e-01 1.138441562652587891e+01 5.388930892944335938e+01 6.548937225341796875e+01 2.818138885498046875e+01 7.313442230224609375e+00 5.769828796386718750e+01 2.068979024887084961e+00 2.265167045593261719e+01 2.462151145935058594e+01 1.008371353149414062e+00 1.752514392137527466e-01 1.285983276367187500e+01
1.321490257978439331e-01 1.072969722747802734e+01 5.273264312744140625e+01 6.282774734497070312e+01 1.736747741699218750e+01 -5.141428470611572266e+00 5.570868682861328125e+01 5.108352303504943848e-01 2.163379669189453125e+01 2.320375251770019531e+01 2.738552093505859375e-01 -3.316007852554321289e-01 1.285983276367187500e+01
1.384563297033309937e-01 1.014899158477783203e+01 4.952697753906250000e+01 5.959292602539062500e+01 2.390286636352539062e+01 8.373139381408691406e+00 5.236811065673828125e+01 1.564163446426391602e+00 2.018616104125976562e+01 2.176127624511718750e+01 7.388078570365905762e-01 2.452060878276824951e-01 1.285983276367187500e+01
1.446497291326522827e-01 9.574374198913574219e+00 4.770775985717773438e+01 5.692405319213867188e+01 2.220592880249023438e+01 2.880781650543212891e+00 5.015323638916015625e+01 1.442211985588073730e+00 1.919851875305175781e+01 2.056393051147460938e+01 7.264721393585205078e-01 2.673521079123020172e-02 1.285983276367187500e+01
1.508535146713256836e-01 8.632486343383789062e+00 4.369964218139648438e+01 5.312769317626953125e+01 2.425468063354492188e+01 -4.094459533691406250e+00 4.613239288330078125e+01 1.716883540153503418e+00 1.727288818359375000e+01 1.856151771545410156e+01 7.034705877304077148e-01 -2.291132956743240356e-01 1.285983276367187500e+01
1.571729034185409546e-01 7.954882621765136719e+00 4.210890960693359375e+01 5.061850738525390625e+01 1.402493286132812500e+01 3.068376779556274414e+00 4.399037551879882812e+01 -6.383626908063888550e-02 1.615505409240722656e+01 1.726970481872558594e+01 2.367492020130157471e-01 4.797513410449028015e-02 1.285983276367187500e+01
1.635417938232421875e-01 7.455001831054687500e+00 3.947799682617187500e+01 4.739130401611328125e+01 1.709742546081542969e+01 7.540463209152221680e-01 4.106941986083984375e+01 6.197097897529602051e-01 1.508382320404052734e+01 1.600297164916992188e+01 2.701186537742614746e-01 -7.000435143709182739e-03 1.285983276367187500e+01
1.698256134986877441e-01 6.948654651641845703e+00 3.742468261718750000e+01 4.516548538208007812e+01 1.840598678588867188e+01 1.780914545059204102e+00 3.886843109130859375e+01 9.896028041839599609e-01 1.408814620971679688e+01 1.496287250518798828e+01 5.055412650108337402e-01 4.236908280290663242e-04 1.285983276367187500e+01
1.761013567447662354e-01 6.688294410705566406e+00 3.675982666015625000e+01 4.413755416870117188e+01 1.667580413818359375e+01 -1.614851832389831543e+00 3.795819091796875000e+01 6.096904277801513672e-01 1.361802101135253906e+01 1.440119934082031250e+01 3.355222642421722412e-01 -1.478969007730484009e-01 1.285983276367187500e+01
1.823998540639877319e-01 6.330128192901611328e+00 3.588993072509765625e+01 4.231369400024414062e+01 1.460610198974609375e+01 6.788122177124023438e+00 3.662882614135742188e+01 3.443175852298736572e-01 1.303480339050292969e+01 1.357024765014648438e+01 2.311190515756607056e-01 1.708047986030578613e-01 1.285983276367187500e+01
1.886507123708724976e-01 6.198218822479248047e+00 3.530569839477539062e+01 4.195867538452148438e+01 1.205810928344726562e+01 4.410271942615509033e-01 3.607046508789062500e+01 -1.645332276821136475e-01 1.273014831542968750e+01 1.333383560180664062e+01 1.243720054626464844e-01 4.290614649653434753e-02 1.285983276367187500e+01
1.949081569910049438e-01 5.916608810424804688e+00 3.427367019653320312e+01 3.977472686767578125e+01 1.213290214538574219e+01 3.720400810241699219e+00 3.445180511474609375e+01 9.600056707859039307e-02 1.222595691680908203e+01 1.256967353820800781e+01 1.146300286054611206e-01 5.990052223205566406e-02 1.285983276367187500e+01
2.011425346136093140e-01 5.656605720520019531e+00 3.308488464355468750e+01 3.891048049926757812e+01 1.299120140075683594e+01 1.654482841491699219e+00 3.330886077880859375e+01 1.883544176816940308e-01 1.166523265838623047e+01 1.199672508239746094e+01 1.438910067081451416e-01 4.738066811114549637e-03 1.285983276367187500e+01
2.073954045772552490e-01 5.446230411529541016e+00 3.219387817382812500e+01 3.824283218383789062e+01 1.424267864227294922e+01 4.994108676910400391e+00 3.245662689208984375e+01 2.013756036758422852e-01 1.125067901611328125e+01 1.158598327636718750e+01 1.856504976749420166e-01 7.403679192066192627e-02 1.285983276367187500e+01
2.137389332056045532e-01 5.097057819366455078e+00 3.094108200073242188e+01 3.625971221923828125e+01 1.358147239685058594e+01 2.648628711700439453e+00 3.072892189025878906e+01 2.225312739610671997e-01 1.056521606445312500e+01 1.072659969329833984e+01 2.160076498985290527e-01 4.505806416273117065e-02 1.285983276367187500e+01
2.200330942869186401e-01 4.927529335021972656e+00 3.024380683898925781e+01 3.574836349487304688e+01 1.147789859771728516e+01 4.186676025390625000e+00 3.007331848144531250e+01 -2.140711694955825806e-01 1.025201702117919922e+01 1.047013568878173828e+01 4.114618897438049316e-02 1.375068426132202148e-01 1.285983276367187500e+01
2.262930423021316528e-01 4.721800327301025391e+00 2.908358764648437500e+01 3.420713806152343750e+01 1.159038162231445312e+01 -6.348093748092651367e-01 2.866384315490722656e+01 -9.557572007179260254e-02 9.774524688720703125e+00 9.872616767883300781e+00 3.851861134171485901e-02 -6.636105477809906006e-02 1.285983276367187500e+01
2.325985133647918701e-01 4.550637722015380859e+00 2.837156677246093750e+01 3.359074401855468750e+01 1.022511959075927734e+01 4.681390762329101562e+00 2.795620918273925781e+01 -3.753544688224792480e-01 9.426504135131835938e+00 9.534716606140136719e+00 -1.303686201572418213e-02 9.725742042064666748e-02 1.285983276367187500e+01
2.388891130685806274e-01 4.433592319488525391e+00 2.787399482727050781e+01 3.245874023437500000e+01 1.075103855133056641e+01 4.301007986068725586e-01 2.698365592956542969e+01 -2.120287865400314331e-01 9.202524185180664062e+00 9.144561767578125000e+00 1.602008379995822906e-02 -3.672322258353233337e-02 1.285983276367187500e+01
2.451218813657760620e-01 4.234117031097412109e+00 2.711560821533203125e+01 3.179815673828125000e+01 1.016422843933105469e+01 2.416985273361206055e+00 2.624889755249023438e+01 -3.919861316680908203e-01 8.833560943603515625e+00 8.782381057739257812e+00 -2.283181995153427124e-03 8.600290119647979736e-02 1.285983276367187500e+01
2.513737380504608154e-01 4.151877880096435547e+00 2.686244964599609375e+01 3.157066345214843750e+01 1.176805114746093750e+01 3.810909748077392578e+00 2.588931465148925781e+01 -1.969111710786819458e-01 8.647239685058593750e+00 8.573200225830078125e+00 4.244523495435714722e-02 1.072574406862258911e-01 1.285983276367187500e+01
2.577070593833923340e-01 3.984817743301391602e+00 2.633044242858886719e+01 3.045899009704589844e+01 9.270650863647460938e+00 4.753053665161132812e+00 2.513808059692382812e+01 -4.986509978771209717e-01 8.340766906738281250e+00 8.211613655090332031e+00 -7.273945957422256470e-02 1.028950065374374390e-01 1.285983276367187500e+01
2.640204429626464844e-01 3.858978509902954102e+00 2.591072845458984375e+01 3.002788352966308594e+01 7.972337245941162109e+00 2.162382602691650391e+00 2.455276870727539062e+01 -7.260608077049255371e-01 8.130962371826171875e+00 7.955148220062255859e+00 -1.398465037345886230e-01 5.066153407096862793e-02 1.285983276367187500e+01
2.702898085117340088e-01 3.771938562393188477e+00 2.556317520141601562e+01 2.975184822082519531e+01 9.586277008056640625e+00 1.732647657394409180e+00 2.415667152404785156e+01 -5.609595775604248047e-01 7.938900947570800781e+00 7.741769790649414062e+00 -7.956273853778839111e-02 1.720789074897766113e-02 1.285983276367187500e+01
2.765615284442901611e-01 3.650295019149780273e+00 2.500926017761230469e+01 2.886321449279785156e+01 8.220153808593750000e+00 3.272088289260864258e+00 2.337953758239746094e+01 -6.719076037406921387e-01 7.666711807250976562e+00 7.381467819213867188e+00 -1.400986760854721069e-01 8.578824996948242188e-02 1.285983276367187500e+01
2.828698754310607910e-01 3.509668111801147461e+00 2.450677490234375000e+01 2.806716156005859375e+01 7.944874286651611328e+00 1.420442223548889160e+00 2.261686897277832031e+01 -6.889545321464538574e-01 7.403843879699707031e+00 7.038819313049316406e+00 -1.442088782787322998e-01 2.137159928679466248e-02 1.285983276367187500e+01
2.891486585140228271e-01 3.433089733123779297e+00 2.395252799987792969e+01 2.775923538208007812e+01 8.454365730285644531e+00 1.646813511848449707e+00 2.207155036926269531e+01 -7.180640101432800293e-01 7.186186790466308594e+00 6.832498550415039062e+00 -1.521459817886352539e-01 2.877324819564819336e-02 1.285983276367187500e+01
2.953523397445678711e-01 3.361324071884155273e+00 2.401359748840332031e+01 2.738674545288085938e+01 7.178331375122070312e+00 3.067637443542480469e+00 2.185426330566406250e+01 -9.032875299453735352e-01 7.124147891998291016e+00 6.643926143646240234e+00 -2.244479656219482422e-01 9.035266190767288208e-02 1.285983276367187500e+01
3.016075491905212402e-01 3.206125259399414062e+00 2.299856567382812500e+01 2.623682403564453125e+01 7.010692119598388672e+00 1.755684971809387207e+00 2.077389335632324219e+01 -8.455002307891845703e-01 6.737337112426757812e+00 6.261383056640625000e+00 -1.795351952314376831e-01 5.586904659867286682e-02 1.285983276367187500e+01
3.079382479190826416e-01 3.175324440002441406e+00 2.282935523986816406e+01 2.621118545532226562e+01 8.012855529785156250e+00 2.066760540008544922e+00 2.054053115844726562e+01 -7.815851569175720215e-01 6.672090530395507812e+00 6.171895980834960938e+00 -1.470476984977722168e-01 4.933279752731323242e-02 1.285983276367187500e+01
3.142760396003723145e-01 3.108414649963378906e+00 2.263594627380371094e+01 2.554586791992187500e+01 7.103885650634765625e+00 2.670492410659790039e+00 2.009665298461914062e+01 -9.255889654159545898e-01 6.526746749877929688e+00 5.985614299774169922e+00 -1.645552068948745728e-01 8.620338141918182373e-02 1.285983276367187500e+01
3.205462992191314697e-01 3.026044845581054688e+00 2.220515441894531250e+01 2.530506706237792969e+01 7.182390213012695312e+00 2.140410184860229492e+00 1.962485694885253906e+01 -9.320352077484130859e-01 6.326924800872802734e+00 5.756766796112060547e+00 -2.073558866977691650e-01 5.293403565883636475e-02 1.285983276367187500e+01
3.268128037452697754e-01 2.968009710311889648e+00 2.203767585754394531e+01 2.454573822021484375e+01 6.106464385986328125e+00 2.435999631881713867e+00 1.905284881591796875e+01 -1.083528995513916016e+00 6.219804763793945312e+00 5.561367511749267578e+00 -2.432176321744918823e-01 6.799069046974182129e-02 1.285983276367187500e+01
3.331238031387329102e-01 2.928382396697998047e+00 2.168566322326660156e+01 2.471483421325683594e+01 7.085618495941162109e+00 2.903072595596313477e+00 1.890051841735839844e+01 -1.013286948204040527e+00 6.084287166595458984e+00 5.495725631713867188e+00 -2.107665985822677612e-01 7.820928841829299927e-02 1.285983276367187500e+01
3.394046723842620850e-01 2.909995794296264648e+00 2.182388305664062500e+01 2.462872886657714844e+01 6.181430339813232422e+00 2.515087604522705078e+00 1.886187934875488281e+01 -1.105489373207092285e+00 6.099629402160644531e+00 5.425607204437255859e+00 -2.653942704200744629e-01 7.962546497583389282e-02 1.285983276367187500e+01
3.456391692161560059e-01 2.825667858123779297e+00 2.146120452880859375e+01 2.408027648925781250e+01 5.162198066711425781e+00 1.352825522422790527e+00 1.836494064331054688e+01 -1.280273318290710449e+00 5.901176452636718750e+00 5.200275897979736328e+00 -3.186050355434417725e-01 5.492646992206573486e-02 1.285983276367187500e+01
3.518808186054229736e-01 2.808562517166137695e+00 2.097725868225097656e+01 2.345716094970703125e+01 5.445003986358642578e+00 3.799653768539428711e+00 1.762435531616210938e+01 -1.318731188774108887e+00 5.805024623870849609e+00 5.036303997039794922e+00 -3.172904849052429199e-01 1.205710098147392273e-01 1.285983276367187500e+01
3.582032322883605957e-01 2.751066923141479492e+00 2.108739662170410156e+01 2.360736656188964844e+01 5.442776679992675781e+00 3.567948579788208008e+00 1.763837814331054688e+01 -1.347560644149780273e+00 5.698404312133789062e+00 4.940633296966552734e+00 -3.011075556278228760e-01 1.156795471906661987e-01 1.285983276367187500e+01
3.645117878913879395e-01 2.766111612319946289e+00 2.101835250854492188e+01 2.347631454467773438e+01 5.796431541442871094e+00 4.033456802368164062e+00 1.745716476440429688e+01 -1.324901938438415527e+00 5.732890605926513672e+00 4.935834884643554688e+00 -3.057025671005249023e-01 9.913338720798492432e-02 1.285983276367187500e+01
3.707640767097473145e-01 2.758605241775512695e+00 2.123490715026855469e+01 2.358568572998046875e+01 5.280076503753662109e+00 4.251977920532226562e+00 1.751115608215332031e+01 -1.431677937507629395e+00 5.715167522430419922e+00 4.835116386413574219e+00 -3.560880422592163086e-01 1.200713738799095154e-01 1.285983276367187500e+01
3.770540952682495117e-01 2.748769998550415039e+00 2.112961196899414062e+01 2.357499313354492188e+01 5.930213451385498047e+00 6.205680847167968750e+00 1.722312355041503906e+01 -1.518809199333190918e+00 5.673529624938964844e+00 4.745459556579589844e+00 -3.632727265357971191e-01 1.396084874868392944e-01 1.285983276367187500e+01
3.833588361740112305e-01 2.743371009826660156e+00 2.137514495849609375e+01 2.355796813964843750e+01 4.942653656005859375e+00 6.995190620422363281e+00 1.721638679504394531e+01 -1.661221981048583984e+00 5.686036586761474609e+00 4.703351497650146484e+00 -4.031438231468200684e-01 1.748951375484466553e-01 1.285983276367187500e+01
3.896513879299163818e-01 2.742545843124389648e+00 2.136248207092285156e+01 2.388348579406738281e+01 6.015444278717041016e+00 9.028500556945800781e+00 1.725111198425292969e+01 -1.619436621665954590e+00 5.644956111907958984e+00 4.683186531066894531e+00 -3.652347624301910400e-01 2.053029537200927734e-01 1.285983276367187500e+01
3.958770036697387695e-01 2.768114805221557617e+00 2.177100181579589844e+01 2.411362457275390625e+01 5.876088142395019531e+00 1.031118392944335938e+01 1.730145072937011719e+01 -1.771767377853393555e+00 5.667927742004394531e+00 4.614699840545654297e+00 -4.034314453601837158e-01 2.184287756681442261e-01 1.285983276367187500e+01
4.021010994911193848e-01 2.816104888916015625e+00 2.234864807128906250e+01 2.482600784301757812e+01 5.588984489440917969e+00 1.152327632904052734e+01 1.767012977600097656e+01 -1.999190449714660645e+00 5.779362678527832031e+00 4.695278644561767578e+00 -4.590675830841064453e-01 2.366757839918136597e-01 1.285983276367187500e+01
