# k, P_{cc}, P_{hc,r}, P_{hc,0}
#  Realization 15
8.018244989216327667e-03 2.329612731933593750e+01 4.292136383056640625e+01 5.252022933959960938e+01
1.401655934751033783e-02 3.142225837707519531e+01 5.970458602905273438e+01 7.097653198242187500e+01
1.969251595437526703e-02 2.705028724670410156e+01 5.146546173095703125e+01 5.918033599853515625e+01
2.551339380443096161e-02 2.980836868286132812e+01 5.728150939941406250e+01 6.602992248535156250e+01
3.202908113598823547e-02 2.965272521972656250e+01 5.666755676269531250e+01 6.543497467041015625e+01
3.846523538231849670e-02 2.202404594421386719e+01 4.154607391357421875e+01 4.791651153564453125e+01
4.443310573697090149e-02 2.072998809814453125e+01 3.919593811035156250e+01 4.540708923339843750e+01
5.042308941483497620e-02 1.861833953857421875e+01 3.548747253417968750e+01 4.103796386718750000e+01
5.690929666161537170e-02 1.600440406799316406e+01 3.070865631103515625e+01 3.506956863403320312e+01
6.341847032308578491e-02 1.567815971374511719e+01 2.996790695190429688e+01 3.439056777954101562e+01
6.949992477893829346e-02 1.326361274719238281e+01 2.530396270751953125e+01 2.893886375427246094e+01
7.558133453130722046e-02 1.318276596069335938e+01 2.524153709411621094e+01 2.855783653259277344e+01
8.196274191141128540e-02 1.111100578308105469e+01 2.152830886840820312e+01 2.436782264709472656e+01
8.830232173204421997e-02 1.028831768035888672e+01 2.008061408996582031e+01 2.265998649597167969e+01
9.435217082500457764e-02 8.904256820678710938e+00 1.718085479736328125e+01 1.952773094177246094e+01
1.005600690841674805e-01 8.026695251464843750e+00 1.551531124114990234e+01 1.732747268676757812e+01
1.070138886570930481e-01 7.382547378540039062e+00 1.433274173736572266e+01 1.619534492492675781e+01
1.134273484349250793e-01 6.766158103942871094e+00 1.309381198883056641e+01 1.475002479553222656e+01
1.196089535951614380e-01 6.595884323120117188e+00 1.278630733489990234e+01 1.450635242462158203e+01
1.257804334163665771e-01 6.231973648071289062e+00 1.219105052947998047e+01 1.363421440124511719e+01
1.321490257978439331e-01 5.639437675476074219e+00 1.099632453918457031e+01 1.226664066314697266e+01
1.384563297033309937e-01 5.471646308898925781e+00 1.065214920043945312e+01 1.179272460937500000e+01
1.446497291326522827e-01 5.122378349304199219e+00 9.992159843444824219e+00 1.099118709564208984e+01
1.508535146713256836e-01 4.759283542633056641e+00 9.311356544494628906e+00 1.030262374877929688e+01
1.571729034185409546e-01 4.373803615570068359e+00 8.597135543823242188e+00 9.497902870178222656e+00
1.635417938232421875e-01 4.018840312957763672e+00 7.985431194305419922e+00 8.783032417297363281e+00
1.698256134986877441e-01 3.781681060791015625e+00 7.463110446929931641e+00 8.187306404113769531e+00
1.761013567447662354e-01 3.598659515380859375e+00 7.095046997070312500e+00 7.813373565673828125e+00
1.823998540639877319e-01 3.494668960571289062e+00 6.950701236724853516e+00 7.587199211120605469e+00
1.886507123708724976e-01 3.223837614059448242e+00 6.351770877838134766e+00 6.926266193389892578e+00
1.949081569910049438e-01 3.193463325500488281e+00 6.338933944702148438e+00 6.814114093780517578e+00
2.011425346136093140e-01 3.084697961807250977e+00 6.134024143218994141e+00 6.578298568725585938e+00
2.073954045772552490e-01 2.853340148925781250e+00 5.685372829437255859e+00 6.023588180541992188e+00
2.137389332056045532e-01 2.766171455383300781e+00 5.519237995147705078e+00 5.875715732574462891e+00
2.200330942869186401e-01 2.560543298721313477e+00 5.166371345520019531e+00 5.508933544158935547e+00
2.262930423021316528e-01 2.467609405517578125e+00 4.970161914825439453e+00 5.263518333435058594e+00
2.325985133647918701e-01 2.331368446350097656e+00 4.667486190795898438e+00 4.875725746154785156e+00
2.388891130685806274e-01 2.224168300628662109e+00 4.488006591796875000e+00 4.695569992065429688e+00
2.451218813657760620e-01 2.194128036499023438e+00 4.392374038696289062e+00 4.566607952117919922e+00
2.513737380504608154e-01 2.068566083908081055e+00 4.173358917236328125e+00 4.318318367004394531e+00
2.577070593833923340e-01 2.037425994873046875e+00 4.108100891113281250e+00 4.230056285858154297e+00
2.640204429626464844e-01 1.986370563507080078e+00 3.990173816680908203e+00 4.052237510681152344e+00
2.702898085117340088e-01 1.882727503776550293e+00 3.808772325515747070e+00 3.848031997680664062e+00
2.765615284442901611e-01 1.836075663566589355e+00 3.734982013702392578e+00 3.791942119598388672e+00
2.828698754310607910e-01 1.765438437461853027e+00 3.581968307495117188e+00 3.592197895050048828e+00
2.891486585140228271e-01 1.700121402740478516e+00 3.445682048797607422e+00 3.453950881958007812e+00
2.953523397445678711e-01 1.630617618560791016e+00 3.319033861160278320e+00 3.294103860855102539e+00
3.016075491905212402e-01 1.568833947181701660e+00 3.211918830871582031e+00 3.175317764282226562e+00
3.079382479190826416e-01 1.533509969711303711e+00 3.118846654891967773e+00 3.072791576385498047e+00
3.142760396003723145e-01 1.496531486511230469e+00 3.081346511840820312e+00 2.985663652420043945e+00
3.205462992191314697e-01 1.446897029876708984e+00 2.950145959854125977e+00 2.861060857772827148e+00
3.268128037452697754e-01 1.404941439628601074e+00 2.873483419418334961e+00 2.762140989303588867e+00
3.331238031387329102e-01 1.373118758201599121e+00 2.828630685806274414e+00 2.690158128738403320e+00
3.394046723842620850e-01 1.323299765586853027e+00 2.732984781265258789e+00 2.593342065811157227e+00
3.456391692161560059e-01 1.295492649078369141e+00 2.662079095840454102e+00 2.502231121063232422e+00
3.518808186054229736e-01 1.257211685180664062e+00 2.595160484313964844e+00 2.425904989242553711e+00
3.582032322883605957e-01 1.203036546707153320e+00 2.484910249710083008e+00 2.298387289047241211e+00
3.645117878913879395e-01 1.173929452896118164e+00 2.438804388046264648e+00 2.246291637420654297e+00
3.707640767097473145e-01 1.164194107055664062e+00 2.413948297500610352e+00 2.214338779449462891e+00
3.770540952682495117e-01 1.126401185989379883e+00 2.327057361602783203e+00 2.104944705963134766e+00
3.833588361740112305e-01 1.100501418113708496e+00 2.290848016738891602e+00 2.049060106277465820e+00
3.896513879299163818e-01 1.071024060249328613e+00 2.222175836563110352e+00 1.987259626388549805e+00
3.958770036697387695e-01 1.045265316963195801e+00 2.186055421829223633e+00 1.939612627029418945e+00
4.021126329898834229e-01 1.015195250511169434e+00 2.118828773498535156e+00 1.852513194084167480e+00
4.084537327289581299e-01 9.973796606063842773e-01 2.080102443695068359e+00 1.800220489501953125e+00
4.147696197032928467e-01 9.827426075935363770e-01 2.056092739105224609e+00 1.782829403877258301e+00
4.210544228553771973e-01 9.624434709548950195e-01 2.011410951614379883e+00 1.731144189834594727e+00
4.273288547992706299e-01 9.325401186943054199e-01 1.946683526039123535e+00 1.643277406692504883e+00
4.336213767528533936e-01 9.038200974464416504e-01 1.893262743949890137e+00 1.596280574798583984e+00
4.399181902408599854e-01 8.899425268173217773e-01 1.869568705558776855e+00 1.561518311500549316e+00
4.461484551429748535e-01 8.774102330207824707e-01 1.845637679100036621e+00 1.519657373428344727e+00
4.524188637733459473e-01 8.578183054924011230e-01 1.798989653587341309e+00 1.471699714660644531e+00
4.587154984474182129e-01 8.420720696449279785e-01 1.779756784439086914e+00 1.445603013038635254e+00
4.650256633758544922e-01 8.256051540374755859e-01 1.750925779342651367e+00 1.413883090019226074e+00
4.713141322135925293e-01 8.066969513893127441e-01 1.705291509628295898e+00 1.368222236633300781e+00
4.775804579257965088e-01 7.915205955505371094e-01 1.674059033393859863e+00 1.324231743812561035e+00
4.838812351226806641e-01 7.745246887207031250e-01 1.629131078720092773e+00 1.285774588584899902e+00
4.901502430438995361e-01 7.679352760314941406e-01 1.621290326118469238e+00 1.273001074790954590e+00
4.963996410369873047e-01 7.496412396430969238e-01 1.586089372634887695e+00 1.228521823883056641e+00
5.026662349700927734e-01 7.393319010734558105e-01 1.570182681083679199e+00 1.203193783760070801e+00
5.089647173881530762e-01 7.246571183204650879e-01 1.536538958549499512e+00 1.165525317192077637e+00
5.152750611305236816e-01 7.129969000816345215e-01 1.513053774833679199e+00 1.128561854362487793e+00
5.215665102005004883e-01 7.037029266357421875e-01 1.490803718566894531e+00 1.103259086608886719e+00
5.278289914131164551e-01 6.847395896911621094e-01 1.460257649421691895e+00 1.069125890731811523e+00
5.341163873672485352e-01 6.738083958625793457e-01 1.433169364929199219e+00 1.046106696128845215e+00
5.404307842254638672e-01 6.677286624908447266e-01 1.422676444053649902e+00 1.030934810638427734e+00
5.466980934143066406e-01 6.548985838890075684e-01 1.395583987236022949e+00 1.003619790077209473e+00
5.529599189758300781e-01 6.428362131118774414e-01 1.378699064254760742e+00 9.704608321189880371e-01
5.592443943023681641e-01 6.384480595588684082e-01 1.368702769279479980e+00 9.632841944694519043e-01
5.655549764633178711e-01 6.289023160934448242e-01 1.347225666046142578e+00 9.351283311843872070e-01
5.718548893928527832e-01 6.157927513122558594e-01 1.319277882575988770e+00 9.072999954223632812e-01
5.781230330467224121e-01 6.000826358795166016e-01 1.286628484725952148e+00 8.817771077156066895e-01
5.844058990478515625e-01 5.953934788703918457e-01 1.281620144844055176e+00 8.681393265724182129e-01
5.906696915626525879e-01 5.902622938156127930e-01 1.273298144340515137e+00 8.560494780540466309e-01
5.969164371490478516e-01 5.846562981605529785e-01 1.255044698715209961e+00 8.347044587135314941e-01
6.031712889671325684e-01 5.739964246749877930e-01 1.238268613815307617e+00 8.224852681159973145e-01
6.094692349433898926e-01 5.652232170104980469e-01 1.219851970672607422e+00 7.960985898971557617e-01
6.158122420310974121e-01 5.552709102630615234e-01 1.202575802803039551e+00 7.776851058006286621e-01
6.221026778221130371e-01 5.486645698547363281e-01 1.184373140335083008e+00 7.608689069747924805e-01
6.283664703369140625e-01 5.386643409729003906e-01 1.168498873710632324e+00 7.470681667327880859e-01
6.346465945243835449e-01 5.311633944511413574e-01 1.154150843620300293e+00 7.234275937080383301e-01
6.409400701522827148e-01 5.319828391075134277e-01 1.152873754501342773e+00 7.218995690345764160e-01
6.472375988960266113e-01 5.231468081474304199e-01 1.134700417518615723e+00 7.014883160591125488e-01
6.534771919250488281e-01 5.147744417190551758e-01 1.119244217872619629e+00 6.826666593551635742e-01
6.597641706466674805e-01 5.074484348297119141e-01 1.101508975028991699e+00 6.711862087249755859e-01
6.660755872726440430e-01 5.026058554649353027e-01 1.093638062477111816e+00 6.580808758735656738e-01
6.723406314849853516e-01 4.946516156196594238e-01 1.082340002059936523e+00 6.478348970413208008e-01
6.786084175109863281e-01 4.870460331439971924e-01 1.064921259880065918e+00 6.278004050254821777e-01
6.849139928817749023e-01 4.836339354515075684e-01 1.058676242828369141e+00 6.233978271484375000e-01
6.912255883216857910e-01 4.777334928512573242e-01 1.044099330902099609e+00 6.042246818542480469e-01
6.974714994430541992e-01 4.727908968925476074e-01 1.031408071517944336e+00 5.919352769851684570e-01
7.037312388420104980e-01 4.679295718669891357e-01 1.028360724449157715e+00 5.874000191688537598e-01
7.100222706794738770e-01 4.625649154186248779e-01 1.015869736671447754e+00 5.710111260414123535e-01
7.163255810737609863e-01 4.522677958011627197e-01 9.943253397941589355e-01 5.524615645408630371e-01
7.226014137268066406e-01 4.520874619483947754e-01 9.917525649070739746e-01 5.546162724494934082e-01
7.288721799850463867e-01 4.446919858455657959e-01 9.766280651092529297e-01 5.300860404968261719e-01
7.351884245872497559e-01 4.409275949001312256e-01 9.704533815383911133e-01 5.276857614517211914e-01
7.414690256118774414e-01 4.343702197074890137e-01 9.538809061050415039e-01 5.193955898284912109e-01
7.477109432220458984e-01 4.350624084472656250e-01 9.597094058990478516e-01 5.138432383537292480e-01
7.539890408515930176e-01 4.285485744476318359e-01 9.444028735160827637e-01 5.046616792678833008e-01
7.602919936180114746e-01 4.226112067699432373e-01 9.319036602973937988e-01 4.934717416763305664e-01
7.665897607803344727e-01 4.165726900100708008e-01 9.217841625213623047e-01 4.824811518192291260e-01
7.728743553161621094e-01 4.134497642517089844e-01 9.168671369552612305e-01 4.766409397125244141e-01
7.791499495506286621e-01 4.101825952529907227e-01 9.115855693817138672e-01 4.659212827682495117e-01
7.854521274566650391e-01 4.051963090896606445e-01 9.018532037734985352e-01 4.568945765495300293e-01
7.917414903640747070e-01 4.010545909404754639e-01 8.945046067237854004e-01 4.543138444423675537e-01
7.979945540428161621e-01 3.970015347003936768e-01 8.817963600158691406e-01 4.387735724449157715e-01
8.042516112327575684e-01 3.925041854381561279e-01 8.745695352554321289e-01 4.413882195949554443e-01
