# k, P_{cc}, P_{hc,r}, P_{hc,0}
#  Realization 21
8.018244989216327667e-03 2.383226013183593750e+01 4.690399551391601562e+01 5.673708343505859375e+01
1.401655934751033783e-02 2.718925476074218750e+01 5.433776855468750000e+01 6.327554702758789062e+01
1.969251595437526703e-02 3.295823287963867188e+01 6.642302703857421875e+01 7.672299194335937500e+01
2.551339380443096161e-02 2.842597389221191406e+01 5.639873886108398438e+01 6.538466644287109375e+01
3.202908113598823547e-02 2.264264106750488281e+01 4.502605056762695312e+01 5.158075714111328125e+01
3.846523538231849670e-02 2.275748062133789062e+01 4.512399291992187500e+01 5.203165054321289062e+01
4.443310573697090149e-02 1.988346862792968750e+01 3.937607574462890625e+01 4.473958969116210938e+01
5.042308941483497620e-02 1.575009727478027344e+01 3.185138511657714844e+01 3.620302581787109375e+01
5.690929666161537170e-02 1.491602993011474609e+01 2.994800758361816406e+01 3.402115249633789062e+01
6.341847032308578491e-02 1.463192653656005859e+01 2.932560920715332031e+01 3.335180664062500000e+01
6.949992477893829346e-02 1.357109165191650391e+01 2.736993598937988281e+01 3.114814567565917969e+01
7.558133453130722046e-02 1.226055240631103516e+01 2.470092010498046875e+01 2.780451583862304688e+01
8.196274191141128540e-02 1.093762588500976562e+01 2.210551071166992188e+01 2.497473144531250000e+01
8.830232173204421997e-02 9.768710136413574219e+00 1.981855010986328125e+01 2.227756309509277344e+01
9.435217082500457764e-02 8.734750747680664062e+00 1.783681297302246094e+01 2.016615295410156250e+01
1.005600690841674805e-01 7.467108726501464844e+00 1.516663646697998047e+01 1.698651695251464844e+01
1.070138886570930481e-01 7.107766151428222656e+00 1.455597400665283203e+01 1.633194351196289062e+01
1.134273484349250793e-01 6.466005325317382812e+00 1.331583881378173828e+01 1.491368579864501953e+01
1.196089535951614380e-01 6.449207305908203125e+00 1.319304370880126953e+01 1.475090026855468750e+01
1.257804334163665771e-01 6.078835487365722656e+00 1.247208404541015625e+01 1.385730075836181641e+01
1.321490257978439331e-01 5.422926902770996094e+00 1.106156730651855469e+01 1.225379562377929688e+01
1.384563297033309937e-01 5.246937274932861328e+00 1.078367996215820312e+01 1.190174865722656250e+01
1.446497291326522827e-01 4.724368095397949219e+00 9.748598098754882812e+00 1.074349880218505859e+01
1.508535146713256836e-01 4.401239871978759766e+00 9.114589691162109375e+00 1.000403690338134766e+01
1.571729034185409546e-01 4.019939899444580078e+00 8.308801651000976562e+00 9.150523185729980469e+00
1.635417938232421875e-01 3.785486936569213867e+00 7.888493061065673828e+00 8.676418304443359375e+00
1.698256134986877441e-01 3.493840694427490234e+00 7.187278747558593750e+00 7.872783660888671875e+00
1.761013567447662354e-01 3.447646379470825195e+00 7.156925201416015625e+00 7.824328422546386719e+00
1.823998540639877319e-01 3.256645441055297852e+00 6.799304485321044922e+00 7.357680797576904297e+00
1.886507123708724976e-01 3.124005079269409180e+00 6.566873073577880859e+00 7.043712139129638672e+00
1.949081569910049438e-01 2.986936569213867188e+00 6.245486736297607422e+00 6.707448482513427734e+00
2.011425346136093140e-01 2.870161533355712891e+00 6.023114204406738281e+00 6.452900886535644531e+00
2.073954045772552490e-01 2.722480535507202148e+00 5.719004154205322266e+00 6.111523151397705078e+00
2.137389332056045532e-01 2.551082134246826172e+00 5.360843181610107422e+00 5.713496208190917969e+00
2.200330942869186401e-01 2.441222429275512695e+00 5.170042037963867188e+00 5.481129169464111328e+00
2.262930423021316528e-01 2.318951368331909180e+00 4.898185729980468750e+00 5.170006752014160156e+00
2.325985133647918701e-01 2.186106443405151367e+00 4.639190196990966797e+00 4.895910263061523438e+00
2.388891130685806274e-01 2.111916542053222656e+00 4.446538448333740234e+00 4.657478809356689453e+00
2.451218813657760620e-01 2.019727468490600586e+00 4.327793598175048828e+00 4.505722999572753906e+00
2.513737380504608154e-01 1.935571432113647461e+00 4.111326694488525391e+00 4.237505912780761719e+00
2.577070593833923340e-01 1.927751421928405762e+00 4.121975898742675781e+00 4.249282360076904297e+00
2.640204429626464844e-01 1.815663099288940430e+00 3.869885206222534180e+00 3.963880300521850586e+00
2.702898085117340088e-01 1.756445646286010742e+00 3.755709409713745117e+00 3.826488018035888672e+00
2.765615284442901611e-01 1.741872668266296387e+00 3.771910905838012695e+00 3.831125497817993164e+00
2.828698754310607910e-01 1.644520878791809082e+00 3.545596599578857422e+00 3.591526269912719727e+00
2.891486585140228271e-01 1.599945783615112305e+00 3.440912008285522461e+00 3.436314344406127930e+00
2.953523397445678711e-01 1.519986391067504883e+00 3.279467344284057617e+00 3.260941743850708008e+00
3.016075491905212402e-01 1.496510148048400879e+00 3.244793891906738281e+00 3.231663227081298828e+00
3.079382479190826416e-01 1.442201375961303711e+00 3.120745420455932617e+00 3.074689865112304688e+00
3.142760396003723145e-01 1.369692564010620117e+00 2.961140394210815430e+00 2.905923128128051758e+00
3.205462992191314697e-01 1.338052868843078613e+00 2.917051076889038086e+00 2.836900711059570312e+00
3.268128037452697754e-01 1.319689154624938965e+00 2.875033855438232422e+00 2.768415927886962891e+00
3.331238031387329102e-01 1.277275919914245605e+00 2.791604042053222656e+00 2.698588132858276367e+00
3.394046723842620850e-01 1.226360440254211426e+00 2.687996387481689453e+00 2.570138454437255859e+00
3.456391692161560059e-01 1.196268916130065918e+00 2.618877410888671875e+00 2.483091115951538086e+00
3.518808186054229736e-01 1.154510498046875000e+00 2.513495922088623047e+00 2.380800008773803711e+00
3.582032322883605957e-01 1.132253408432006836e+00 2.494864463806152344e+00 2.344741582870483398e+00
3.645117878913879395e-01 1.115864038467407227e+00 2.451091051101684570e+00 2.282557725906372070e+00
3.707640767097473145e-01 1.059925079345703125e+00 2.337509393692016602e+00 2.152663707733154297e+00
3.770540952682495117e-01 1.054743289947509766e+00 2.327051401138305664e+00 2.127986192703247070e+00
3.833588361740112305e-01 1.025371551513671875e+00 2.264484405517578125e+00 2.050256252288818359e+00
3.896513879299163818e-01 9.910668134689331055e-01 2.189395904541015625e+00 1.973677277565002441e+00
3.958770036697387695e-01 9.601131677627563477e-01 2.125778198242187500e+00 1.899292588233947754e+00
4.021126329898834229e-01 9.482645392417907715e-01 2.100848436355590820e+00 1.871017456054687500e+00
4.084537327289581299e-01 9.290167689323425293e-01 2.065533876419067383e+00 1.830389142036437988e+00
4.147696197032928467e-01 9.024094939231872559e-01 1.998991847038269043e+00 1.756959795951843262e+00
4.210544228553771973e-01 8.806412220001220703e-01 1.973540186882019043e+00 1.715161800384521484e+00
4.273288547992706299e-01 8.617889881134033203e-01 1.929062724113464355e+00 1.653101086616516113e+00
4.336213767528533936e-01 8.546727895736694336e-01 1.908051609992980957e+00 1.620627403259277344e+00
4.399181902408599854e-01 8.273832201957702637e-01 1.858650088310241699e+00 1.572916746139526367e+00
4.461484551429748535e-01 8.150417804718017578e-01 1.836842775344848633e+00 1.544939637184143066e+00
4.524188637733459473e-01 7.915605306625366211e-01 1.778854250907897949e+00 1.488930702209472656e+00
4.587154984474182129e-01 7.783693671226501465e-01 1.751664280891418457e+00 1.460968852043151855e+00
4.650256633758544922e-01 7.644965648651123047e-01 1.714656472206115723e+00 1.414248704910278320e+00
4.713141322135925293e-01 7.443782687187194824e-01 1.681463956832885742e+00 1.373232722282409668e+00
4.775804579257965088e-01 7.284801006317138672e-01 1.640595436096191406e+00 1.330062508583068848e+00
4.838812351226806641e-01 7.204271554946899414e-01 1.643341541290283203e+00 1.323063492774963379e+00
4.901502430438995361e-01 7.042472958564758301e-01 1.597764253616333008e+00 1.276619911193847656e+00
4.963996410369873047e-01 6.933610439300537109e-01 1.565761566162109375e+00 1.235642075538635254e+00
5.026662349700927734e-01 6.747237443923950195e-01 1.532467722892761230e+00 1.197684168815612793e+00
5.089647173881530762e-01 6.678513288497924805e-01 1.525065422058105469e+00 1.176791310310363770e+00
5.152750611305236816e-01 6.564071774482727051e-01 1.496928691864013672e+00 1.161525845527648926e+00
5.215665102005004883e-01 6.471146941184997559e-01 1.472937345504760742e+00 1.117549300193786621e+00
5.278289914131164551e-01 6.324762701988220215e-01 1.446869373321533203e+00 1.100168108940124512e+00
5.341163873672485352e-01 6.257236599922180176e-01 1.431307435035705566e+00 1.066702008247375488e+00
5.404307842254638672e-01 6.164661645889282227e-01 1.407113432884216309e+00 1.051368951797485352e+00
5.466980934143066406e-01 6.072540283203125000e-01 1.390799641609191895e+00 1.027328729629516602e+00
5.529599189758300781e-01 5.966255068778991699e-01 1.368100881576538086e+00 9.938372969627380371e-01
5.592443943023681641e-01 5.811653733253479004e-01 1.332914113998413086e+00 9.661872386932373047e-01
5.655549764633178711e-01 5.741670131683349609e-01 1.320780992507934570e+00 9.412738680839538574e-01
5.718548893928527832e-01 5.675144195556640625e-01 1.300406217575073242e+00 9.283680319786071777e-01
5.781230330467224121e-01 5.584722757339477539e-01 1.284816145896911621e+00 9.033461809158325195e-01
5.844058990478515625e-01 5.493893623352050781e-01 1.267060875892639160e+00 8.855730891227722168e-01
5.906696915626525879e-01 5.391137599945068359e-01 1.244571328163146973e+00 8.662895560264587402e-01
5.969164371490478516e-01 5.314433574676513672e-01 1.227134227752685547e+00 8.431259393692016602e-01
6.031712889671325684e-01 5.293149948120117188e-01 1.224849581718444824e+00 8.362807035446166992e-01
6.094692349433898926e-01 5.183958411216735840e-01 1.200643062591552734e+00 8.054484724998474121e-01
6.158122420310974121e-01 5.093870162963867188e-01 1.181522250175476074e+00 7.900269627571105957e-01
6.221026778221130371e-01 5.027166008949279785e-01 1.169483542442321777e+00 7.757820487022399902e-01
6.283664703369140625e-01 4.951672554016113281e-01 1.151964664459228516e+00 7.614969611167907715e-01
6.346465945243835449e-01 4.884216487407684326e-01 1.136691451072692871e+00 7.372669577598571777e-01
6.409400701522827148e-01 4.847866594791412354e-01 1.132269978523254395e+00 7.248117327690124512e-01
6.472375988960266113e-01 4.765694439411163330e-01 1.112746477127075195e+00 7.124073505401611328e-01
6.534771919250488281e-01 4.700243473052978516e-01 1.095934152603149414e+00 6.928279995918273926e-01
6.597641706466674805e-01 4.646540880203247070e-01 1.090151667594909668e+00 6.889840364456176758e-01
6.660755872726440430e-01 4.608974754810333252e-01 1.079643011093139648e+00 6.700396537780761719e-01
6.723406314849853516e-01 4.504984021186828613e-01 1.057531356811523438e+00 6.506463885307312012e-01
6.786084175109863281e-01 4.503096342086791992e-01 1.054569840431213379e+00 6.416653990745544434e-01
6.849139928817749023e-01 4.416864514350891113e-01 1.038449168205261230e+00 6.279838085174560547e-01
6.912255883216857910e-01 4.338832199573516846e-01 1.020859241485595703e+00 6.136317849159240723e-01
6.974714994430541992e-01 4.313583374023437500e-01 1.014331102371215820e+00 6.037789583206176758e-01
7.037312388420104980e-01 4.241923987865447998e-01 1.001478672027587891e+00 5.936726927757263184e-01
7.100222706794738770e-01 4.205440580844879150e-01 9.967960715293884277e-01 5.827420353889465332e-01
7.163255810737609863e-01 4.184252917766571045e-01 9.934412240982055664e-01 5.767250061035156250e-01
7.226014137268066406e-01 4.113132059574127197e-01 9.806171655654907227e-01 5.646651387214660645e-01
7.288721799850463867e-01 4.075244069099426270e-01 9.685739874839782715e-01 5.514242053031921387e-01
7.351884245872497559e-01 4.009186327457427979e-01 9.506899118423461914e-01 5.385944247245788574e-01
7.414690256118774414e-01 3.997764587402343750e-01 9.491189122200012207e-01 5.272261500358581543e-01
7.477109432220458984e-01 3.943415284156799316e-01 9.372527003288269043e-01 5.249994397163391113e-01
7.539890408515930176e-01 3.901880085468292236e-01 9.336074590682983398e-01 5.185989141464233398e-01
7.602919936180114746e-01 3.860065340995788574e-01 9.194659590721130371e-01 5.014279484748840332e-01
7.665897607803344727e-01 3.813582360744476318e-01 9.100295305252075195e-01 4.928263127803802490e-01
7.728743553161621094e-01 3.776923418045043945e-01 9.044862985610961914e-01 4.850268363952636719e-01
7.791499495506286621e-01 3.754304945468902588e-01 8.949492573738098145e-01 4.770674407482147217e-01
7.854521274566650391e-01 3.693526387214660645e-01 8.840882182121276855e-01 4.698714017868041992e-01
7.917414903640747070e-01 3.660965561866760254e-01 8.842948079109191895e-01 4.656527340412139893e-01
7.979945540428161621e-01 3.622720837593078613e-01 8.680076599121093750e-01 4.486320912837982178e-01
8.042516112327575684e-01 3.579480946063995361e-01 8.617184162139892578e-01 4.484687447547912598e-01
