# k, P_{cc}, P_{hh,r}, P_{hh,0}, P_{hh,2}, P_{hh,4}, P_{hc,r}, P_{hc,0}, P_{hc,2}, P_{hc,4}, P_pSN
#  Realization 136
8.018244989216327667e-03 1.829717063903808594e+01 1.806298370361328125e+02 2.375876617431640625e+02 4.638876647949218750e+02 3.493589477539062500e+02 5.637298965454101562e+01 2.065243225097656250e+02 7.292281341552734375e+01 6.446436309814453125e+01 2.180465888977050781e+01 8.768553733825683594e+00 2.055463218688964844e+01
1.401655934751033783e-02 4.348643875122070312e+01 3.697705383300781250e+02 4.364675598144531250e+02 -4.067006683349609375e+01 -2.155392150878906250e+02 1.249506072998046875e+02 4.007077941894531250e+02 -1.865348434448242188e+01 1.357004547119140625e+02 -6.721941471099853516e+00 -8.038610458374023438e+00 2.055463218688964844e+01
1.969251595437526703e-02 3.114098930358886719e+01 2.822092895507812500e+02 3.270652160644531250e+02 -5.649465942382812500e+01 1.538573913574218750e+02 9.148216247558593750e+01 3.028839721679687500e+02 -2.050204849243164062e+01 9.844152832031250000e+01 -8.006875038146972656e+00 5.124764919281005859e+00 2.055463218688964844e+01
2.551339380443096161e-02 3.469036865234375000e+01 2.859144897460937500e+02 3.493678283691406250e+02 2.036600799560546875e+02 1.408596801757812500e+02 9.661306762695312500e+01 3.148534851074218750e+02 2.418821525573730469e+01 1.066629028320312500e+02 6.774808883666992188e+00 4.277713298797607422e+00 2.055463218688964844e+01
3.202908113598823547e-02 2.978717803955078125e+01 2.435442199707031250e+02 2.916640319824218750e+02 4.926595306396484375e+01 3.755346298217773438e+01 8.261721801757812500e+01 2.654439086914062500e+02 -1.039263486862182617e+00 9.041324615478515625e+01 -5.387045741081237793e-01 1.001387953758239746e+00 2.055463218688964844e+01
3.846523538231849670e-02 2.330491828918457031e+01 1.990077667236328125e+02 2.396437683105468750e+02 1.022404403686523438e+02 4.979294967651367188e+01 6.574668884277343750e+01 2.174327392578125000e+02 1.049789619445800781e+01 7.228545379638671875e+01 3.654603481292724609e+00 1.483523845672607422e+00 2.055463218688964844e+01
4.443310573697090149e-02 2.284724617004394531e+01 1.995609283447265625e+02 2.403963012695312500e+02 8.151519775390625000e+01 4.644019603729248047e+00 6.484842681884765625e+01 2.180522155761718750e+02 6.972978115081787109e+00 7.124871063232421875e+01 2.348915576934814453e+00 -1.166949570178985596e-01 2.055463218688964844e+01
5.042308941483497620e-02 1.982918930053710938e+01 1.818690032958984375e+02 2.152771301269531250e+02 3.947061920166015625e+01 -4.302964782714843750e+01 5.732235717773437500e+01 1.969293518066406250e+02 6.806614398956298828e-01 6.250127029418945312e+01 3.395159840583801270e-01 -1.229554533958435059e+00 2.055463218688964844e+01
5.690929666161537170e-02 1.607795143127441406e+01 1.413553466796875000e+02 1.674786529541015625e+02 3.226670074462890625e+01 -1.374833869934082031e+01 4.489218521118164062e+01 1.529988250732421875e+02 6.414090394973754883e-01 4.894976043701171875e+01 2.562940120697021484e-01 -4.164250195026397705e-01 2.055463218688964844e+01
6.341847032308578491e-02 1.568653964996337891e+01 1.395343017578125000e+02 1.659675292968750000e+02 6.568826293945312500e+01 1.463069534301757812e+01 4.402741622924804688e+01 1.511905059814453125e+02 6.699747562408447266e+00 4.802933883666992188e+01 2.290211439132690430e+00 3.526373207569122314e-01 2.055463218688964844e+01
6.949992477893829346e-02 1.571427726745605469e+01 1.418750915527343750e+02 1.675714874267578125e+02 4.110117340087890625e+01 1.081884098052978516e+01 4.463689804077148438e+01 1.530738220214843750e+02 2.195690155029296875e+00 4.848958206176757812e+01 1.083360075950622559e+00 3.868585228919982910e-01 2.055463218688964844e+01
7.558133453130722046e-02 1.440599536895751953e+01 1.354506988525390625e+02 1.611124877929687500e+02 4.600703048706054688e+01 -5.040985584259033203e+00 4.153753280639648438e+01 1.465866088867187500e+02 3.272833347320556641e+00 4.522917556762695312e+01 8.271629214286804199e-01 -3.655746579170227051e-01 2.055463218688964844e+01
8.196274191141128540e-02 1.230593681335449219e+01 1.159093475341796875e+02 1.384602508544921875e+02 5.996038818359375000e+01 2.111897087097167969e+01 3.521724700927734375e+01 1.254036331176757812e+02 5.948308467864990234e+00 3.834820175170898438e+01 1.875027060508728027e+00 2.745822370052337646e-01 2.055463218688964844e+01
8.830232173204421997e-02 1.075193214416503906e+01 1.043067779541015625e+02 1.224990921020507812e+02 3.433519744873046875e+01 -9.300310134887695312e+00 3.089974594116210938e+01 1.117526245117187500e+02 2.452115297317504883e+00 3.340533065795898438e+01 8.378680348396301270e-01 -4.007200002670288086e-01 2.055463218688964844e+01
9.435217082500457764e-02 9.114978790283203125e+00 9.285583496093750000e+01 1.098244628906250000e+02 3.923633575439453125e+01 1.400870037078857422e+01 2.645024871826171875e+01 9.964374542236328125e+01 3.371857643127441406e+00 2.869506072998046875e+01 1.096663713455200195e+00 4.520458579063415527e-01 2.055463218688964844e+01
1.005600690841674805e-01 8.139745712280273438e+00 8.420611572265625000e+01 9.979181671142578125e+01 4.361487960815429688e+01 1.150682449340820312e+00 2.366746139526367188e+01 9.032577514648437500e+01 4.642201423645019531e+00 2.568133926391601562e+01 1.423508048057556152e+00 1.170912990346550941e-03 2.055463218688964844e+01
1.070138886570930481e-01 8.094376564025878906e+00 8.414535522460937500e+01 9.869295501708984375e+01 2.755215835571289062e+01 1.145873641967773438e+01 2.346327209472656250e+01 8.972314453125000000e+01 1.589297533035278320e+00 2.528915786743164062e+01 7.039085030555725098e-01 2.502147257328033447e-01 2.055463218688964844e+01
1.134273484349250793e-01 7.287739753723144531e+00 7.847967529296875000e+01 9.295138549804687500e+01 3.713666534423828125e+01 1.383872699737548828e+01 2.128299331665039062e+01 8.392467498779296875e+01 3.404671192169189453e+00 2.295233535766601562e+01 9.790961146354675293e-01 2.893435359001159668e-01 2.055463218688964844e+01
1.196089535951614380e-01 6.783830165863037109e+00 7.419242858886718750e+01 8.686101531982421875e+01 2.800175666809082031e+01 -4.813041210174560547e+00 1.993526649475097656e+01 7.870235443115234375e+01 2.095379114151000977e+00 2.137328529357910156e+01 5.275865793228149414e-01 -9.029155969619750977e-02 2.055463218688964844e+01
1.257804334163665771e-01 6.615492820739746094e+00 7.311380004882812500e+01 8.624427032470703125e+01 3.305475616455078125e+01 -5.984320640563964844e-01 1.951366424560546875e+01 7.763578796386718750e+01 2.760865449905395508e+00 2.088537979125976562e+01 6.218305230140686035e-01 -8.751207590103149414e-02 2.055463218688964844e+01
1.321490257978439331e-01 6.229717254638671875e+00 6.996897888183593750e+01 8.156143188476562500e+01 2.478217887878417969e+01 -3.930313348770141602e+00 1.844056510925292969e+01 7.368043518066406250e+01 1.535866618156433105e+00 1.958043289184570312e+01 3.564418256282806396e-01 -1.686387509107589722e-01 2.055463218688964844e+01
1.384563297033309937e-01 5.730898857116699219e+00 6.734312438964843750e+01 7.847935485839843750e+01 1.941020202636718750e+01 5.022071361541748047e+00 1.725658035278320312e+01 7.077812194824218750e+01 5.263571739196777344e-01 1.833625030517578125e+01 2.722383141517639160e-01 -1.419852022081613541e-02 2.055463218688964844e+01
1.446497291326522827e-01 5.284873485565185547e+00 6.256453704833984375e+01 7.248411560058593750e+01 1.660454750061035156e+01 -3.280833005905151367e+00 1.577151775360107422e+01 6.539569854736328125e+01 3.145294785499572754e-01 1.670625686645507812e+01 1.365073174238204956e-01 -1.019692644476890564e-01 2.055463218688964844e+01
1.508535146713256836e-01 5.067010879516601562e+00 6.071991729736328125e+01 7.085290527343750000e+01 2.417782211303710938e+01 7.583852857351303101e-02 1.518293285369873047e+01 6.350271987915039062e+01 1.700152039527893066e+00 1.611370849609375000e+01 5.615176558494567871e-01 -2.420351095497608185e-02 2.055463218688964844e+01
1.571729034185409546e-01 4.626322746276855469e+00 5.937047195434570312e+01 6.892871856689453125e+01 2.242577552795410156e+01 3.620568037033081055e+00 1.421457290649414062e+01 6.181832885742187500e+01 1.403980612754821777e+00 1.499447536468505859e+01 4.753201305866241455e-01 1.189493164420127869e-01 2.055463218688964844e+01
1.635417938232421875e-01 4.086553096771240234e+00 5.325600051879882812e+01 6.268044662475585938e+01 1.962633895874023438e+01 5.252071380615234375e+00 1.243525791168212891e+01 5.536526489257812500e+01 6.093285679817199707e-01 1.311637592315673828e+01 2.487098127603530884e-01 5.158041790127754211e-02 2.055463218688964844e+01
1.698256134986877441e-01 3.963947296142578125e+00 5.360188674926757812e+01 6.236613845825195312e+01 1.812299156188964844e+01 8.416328430175781250e+00 1.232500934600830078e+01 5.541537475585937500e+01 5.356287360191345215e-01 1.294403934478759766e+01 9.419263899326324463e-02 1.121125891804695129e-01 2.055463218688964844e+01
1.761013567447662354e-01 3.789681673049926758e+00 5.120918273925781250e+01 5.958540344238281250e+01 1.846378326416015625e+01 -2.215051412582397461e+00 1.170262718200683594e+01 5.280834960937500000e+01 7.300017476081848145e-01 1.224025726318359375e+01 2.020994424819946289e-01 -7.865907996892929077e-02 2.055463218688964844e+01
1.823998540639877319e-01 3.692897319793701172e+00 5.163129043579101562e+01 5.957892608642578125e+01 1.819578170776367188e+01 1.206609010696411133e+00 1.158083343505859375e+01 5.293437194824218750e+01 6.903064250946044922e-01 1.203727817535400391e+01 2.348341494798660278e-01 -1.905390247702598572e-02 2.055463218688964844e+01
1.886507123708724976e-01 3.426065444946289062e+00 4.869651031494140625e+01 5.635569381713867188e+01 2.023386573791503906e+01 -2.427115142345428467e-01 1.069812870025634766e+01 4.967275619506835938e+01 1.040146112442016602e+00 1.109106826782226562e+01 3.166065514087677002e-01 -8.106167614459991455e-02 2.055463218688964844e+01
1.949081569910049438e-01 3.420319795608520508e+00 4.850502395629882812e+01 5.574339675903320312e+01 1.776821899414062500e+01 7.403331756591796875e+00 1.068844795227050781e+01 4.928321456909179688e+01 6.558101773262023926e-01 1.104939651489257812e+01 2.205838859081268311e-01 1.083936691284179688e-01 2.055463218688964844e+01
2.011425346136093140e-01 3.236871004104614258e+00 4.771009445190429688e+01 5.430403137207031250e+01 1.463766860961914062e+01 2.113362550735473633e+00 1.022072219848632812e+01 4.805193710327148438e+01 1.686038821935653687e-01 1.044723701477050781e+01 5.249321833252906799e-02 -3.008105605840682983e-02 2.055463218688964844e+01
2.073954045772552490e-01 3.094425916671752930e+00 4.651346206665039062e+01 5.313513946533203125e+01 1.482763481140136719e+01 2.058705329895019531e+00 9.811617851257324219e+00 4.681242370605468750e+01 2.330689579248428345e-01 1.002427959442138672e+01 1.294526457786560059e-01 2.610747702419757843e-02 2.055463218688964844e+01
2.137389332056045532e-01 2.874105215072631836e+00 4.430904006958007812e+01 5.083124160766601562e+01 1.636759948730468750e+01 3.087811470031738281e+00 9.193073272705078125e+00 4.432978439331054688e+01 4.154513776302337646e-01 9.378851890563964844e+00 1.465147882699966431e-01 4.059526324272155762e-02 2.055463218688964844e+01
2.200330942869186401e-01 2.720928430557250977e+00 4.359215927124023438e+01 5.038231277465820312e+01 1.447160530090332031e+01 4.432933330535888672e+00 8.818425178527832031e+00 4.373004531860351562e+01 -6.893931329250335693e-02 9.011775016784667969e+00 4.995455592870712280e-02 4.610618203878402710e-02 2.055463218688964844e+01
2.262930423021316528e-01 2.652062177658081055e+00 4.272106933593750000e+01 4.924769210815429688e+01 1.470668506622314453e+01 2.166743755340576172e+00 8.592743873596191406e+00 4.258662796020507812e+01 6.517622619867324829e-02 8.682750701904296875e+00 3.834854066371917725e-02 5.227344110608100891e-02 2.055463218688964844e+01
2.325985133647918701e-01 2.511389255523681641e+00 4.158728790283203125e+01 4.773520278930664062e+01 1.615273475646972656e+01 6.027691841125488281e+00 8.164270401000976562e+00 4.111999511718750000e+01 1.722627878189086914e-01 8.264486312866210938e+00 1.210508719086647034e-01 9.617141634225845337e-02 2.055463218688964844e+01
2.388891130685806274e-01 2.423408269882202148e+00 4.057735061645507812e+01 4.672954940795898438e+01 1.314333152770996094e+01 -4.140030145645141602e-01 7.903359889984130859e+00 4.007619094848632812e+01 -1.814472973346710205e-01 7.931015491485595703e+00 1.321883406490087509e-02 -2.259913645684719086e-02 2.055463218688964844e+01
2.451218813657760620e-01 2.329069852828979492e+00 4.044124984741210938e+01 4.601577758789062500e+01 1.239237022399902344e+01 1.800364106893539429e-01 7.735845088958740234e+00 3.959412765502929688e+01 -2.096825838088989258e-01 7.734081745147705078e+00 -2.612843411043286324e-03 -4.470654204487800598e-02 2.055463218688964844e+01
2.513737380504608154e-01 2.258968353271484375e+00 3.920998764038085938e+01 4.447253036499023438e+01 1.135050964355468750e+01 5.248160362243652344e-01 7.424099445343017578e+00 3.807156753540039062e+01 -4.390885233879089355e-01 7.326685428619384766e+00 -3.873686119914054871e-02 -1.029977947473526001e-02 2.055463218688964844e+01
2.577070593833923340e-01 2.164977788925170898e+00 3.854927444458007812e+01 4.410726165771484375e+01 1.289678478240966797e+01 1.428153067827224731e-01 7.143802642822265625e+00 3.739637374877929688e+01 -2.932515740394592285e-01 7.092778205871582031e+00 2.462826669216156006e-02 -2.330618910491466522e-02 2.055463218688964844e+01
2.640204429626464844e-01 2.102773427963256836e+00 3.797218704223632812e+01 4.322615814208984375e+01 1.251419544219970703e+01 4.521922111511230469e+00 6.994531631469726562e+00 3.661880111694335938e+01 -4.575441777706146240e-01 6.913771152496337891e+00 -2.408594638109207153e-02 7.868793606758117676e-02 2.055463218688964844e+01
2.702898085117340088e-01 2.031000852584838867e+00 3.734938430786132812e+01 4.234206771850585938e+01 1.047463130950927734e+01 2.903634548187255859e+00 6.789767742156982422e+00 3.580456924438476562e+01 -7.277786135673522949e-01 6.633476734161376953e+00 -8.429635316133499146e-02 2.748404629528522491e-02 2.055463218688964844e+01
2.765615284442901611e-01 1.955220460891723633e+00 3.659097671508789062e+01 4.145425033569335938e+01 1.087117767333984375e+01 4.013386249542236328e+00 6.532695770263671875e+00 3.476882553100585938e+01 -6.544353365898132324e-01 6.328360557556152344e+00 -5.866783484816551208e-02 6.533822417259216309e-02 2.055463218688964844e+01
2.828698754310607910e-01 1.862703084945678711e+00 3.550437545776367188e+01 4.014635467529296875e+01 1.099263381958007812e+01 1.357167840003967285e+00 6.279883384704589844e+00 3.353562545776367188e+01 -5.940204262733459473e-01 6.035563945770263672e+00 -6.988345831632614136e-02 1.770848780870437622e-02 2.055463218688964844e+01
2.891486585140228271e-01 1.828972935676574707e+00 3.529268264770507812e+01 3.983584976196289062e+01 1.180743503570556641e+01 3.556149721145629883e+00 6.139884471893310547e+00 3.312949752807617188e+01 -5.413981676101684570e-01 5.909241676330566406e+00 -5.981645360589027405e-02 7.167853415012359619e-02 2.055463218688964844e+01
2.953523397445678711e-01 1.780576229095458984e+00 3.497770690917968750e+01 3.915162658691406250e+01 9.786822319030761719e+00 2.279553890228271484e+00 6.048080444335937500e+00 3.251552581787109375e+01 -8.806068897247314453e-01 5.747272014617919922e+00 -1.148555949330329895e-01 2.775568142533302307e-02 2.055463218688964844e+01
3.016075491905212402e-01 1.735151648521423340e+00 3.465682601928710938e+01 3.927013397216796875e+01 9.377079010009765625e+00 2.490055799484252930e+00 5.905215263366699219e+00 3.235963058471679688e+01 -1.089148044586181641e+00 5.663043975830078125e+00 -1.474288851022720337e-01 3.989839553833007812e-02 2.055463218688964844e+01
3.079382479190826416e-01 1.669381618499755859e+00 3.387538528442382812e+01 3.806881713867187500e+01 1.035864257812500000e+01 2.106689691543579102e+00 5.681778430938720703e+00 3.123346328735351562e+01 -7.974170446395874023e-01 5.340171337127685547e+00 -7.920538634061813354e-02 2.667534723877906799e-02 2.055463218688964844e+01
3.142760396003723145e-01 1.617857933044433594e+00 3.363224411010742188e+01 3.768347549438476562e+01 9.529598236083984375e+00 2.068351745605468750e+00 5.575445652008056641e+00 3.073524475097656250e+01 -1.013328790664672852e+00 5.209602832794189453e+00 -1.347035020589828491e-01 3.565446659922599792e-02 2.055463218688964844e+01
3.205462992191314697e-01 1.607785224914550781e+00 3.360317611694335938e+01 3.744524765014648438e+01 9.067566871643066406e+00 2.243407249450683594e+00 5.516296386718750000e+00 3.053281021118164062e+01 -1.081691026687622070e+00 5.123086452484130859e+00 -1.383750140666961670e-01 4.571423679590225220e-02 2.055463218688964844e+01
3.268128037452697754e-01 1.550018310546875000e+00 3.311960220336914062e+01 3.710229492187500000e+01 9.374052047729492188e+00 3.089077472686767578e+00 5.346377849578857422e+00 2.995479583740234375e+01 -1.081108093261718750e+00 4.937193870544433594e+00 -1.500347256660461426e-01 4.695655778050422668e-02 2.055463218688964844e+01
3.331238031387329102e-01 1.553249716758728027e+00 3.324557495117187500e+01 3.675711441040039062e+01 8.160565376281738281e+00 2.814748287200927734e+00 5.356010437011718750e+00 2.977293395996093750e+01 -1.309216022491455078e+00 4.891096115112304688e+00 -2.065863609313964844e-01 4.350523650646209717e-02 2.055463218688964844e+01
3.394046723842620850e-01 1.513773679733276367e+00 3.284839248657226562e+01 3.647413635253906250e+01 7.501601696014404297e+00 2.160215139389038086e+00 5.256322383880615234e+00 2.924703025817871094e+01 -1.435509800910949707e+00 4.774073123931884766e+00 -2.044815868139266968e-01 4.754007235169410706e-02 2.055463218688964844e+01
3.456391692161560059e-01 1.484602093696594238e+00 3.251945495605468750e+01 3.580545806884765625e+01 8.521366119384765625e+00 4.076870918273925781e+00 5.153811931610107422e+00 2.859929656982421875e+01 -1.402696728706359863e+00 4.603916168212890625e+00 -2.152166366577148438e-01 5.103560909628868103e-02 2.055463218688964844e+01
3.518808186054229736e-01 1.457209110260009766e+00 3.199040222167968750e+01 3.554227447509765625e+01 8.260545730590820312e+00 4.526883125305175781e+00 5.010396003723144531e+00 2.815572357177734375e+01 -1.430876135826110840e+00 4.497319698333740234e+00 -2.010051459074020386e-01 6.813784688711166382e-02 2.055463218688964844e+01
3.582032322883605957e-01 1.430476784706115723e+00 3.212322616577148438e+01 3.548491668701171875e+01 8.030275344848632812e+00 5.132210254669189453e+00 4.974445343017578125e+00 2.805310630798339844e+01 -1.455192327499389648e+00 4.433631420135498047e+00 -1.887840777635574341e-01 8.253063261508941650e-02 2.055463218688964844e+01
3.645117878913879395e-01 1.431716799736022949e+00 3.203893661499023438e+01 3.555482864379882812e+01 8.136263847351074219e+00 6.020328044891357422e+00 4.944701194763183594e+00 2.777235221862792969e+01 -1.656754851341247559e+00 4.380842685699462891e+00 -2.271466851234436035e-01 1.069266796112060547e-01 2.055463218688964844e+01
3.707640767097473145e-01 1.397250175476074219e+00 3.189152336120605469e+01 3.508500671386718750e+01 7.601932525634765625e+00 7.496235370635986328e+00 4.836420536041259766e+00 2.729532623291015625e+01 -1.804153680801391602e+00 4.211887359619140625e+00 -2.514989972114562988e-01 1.162827983498573303e-01 2.055463218688964844e+01
3.770540952682495117e-01 1.408856987953186035e+00 3.232185363769531250e+01 3.568498992919921875e+01 7.670953750610351562e+00 5.816542625427246094e+00 4.899370670318603516e+00 2.754341888427734375e+01 -1.893004059791564941e+00 4.271019458770751953e+00 -2.572008967399597168e-01 8.516448736190795898e-02 2.055463218688964844e+01
3.833588361740112305e-01 1.404390454292297363e+00 3.258115768432617188e+01 3.573361587524414062e+01 7.073200702667236328e+00 1.058698368072509766e+01 4.882168292999267578e+00 2.765403938293457031e+01 -1.997846841812133789e+00 4.234891414642333984e+00 -2.608352601528167725e-01 1.649311482906341553e-01 2.055463218688964844e+01
3.896513879299163818e-01 1.413580060005187988e+00 3.294998931884765625e+01 3.626989746093750000e+01 8.823785781860351562e+00 1.395006465911865234e+01 4.926652908325195312e+00 2.769420623779296875e+01 -1.985378146171569824e+00 4.224105834960937500e+00 -2.690131962299346924e-01 1.901225298643112183e-01 2.055463218688964844e+01
3.958770036697387695e-01 1.407216787338256836e+00 3.362074279785156250e+01 3.639020919799804688e+01 6.465035915374755859e+00 1.526626682281494141e+01 4.939331054687500000e+00 2.790981674194335938e+01 -2.365949630737304688e+00 4.181294918060302734e+00 -3.334238231182098389e-01 2.019319683313369751e-01 2.055463218688964844e+01
4.021010994911193848e-01 1.426459074020385742e+00 3.434926605224609375e+01 3.727770614624023438e+01 8.236950874328613281e+00 1.656567192077636719e+01 5.045083522796630859e+00 2.850181961059570312e+01 -2.157373666763305664e+00 4.290982723236083984e+00 -2.934477925300598145e-01 2.359167486429214478e-01 2.055463218688964844e+01
