# k, P_{cc}, P_{hh,r}, P_{hh,0}, P_{hh,2}, P_{hh,4}, P_{hc,r}, P_{hc,0}, P_{hc,2}, P_{hc,4}, P_pSN
#  Realization 89
8.018244989216327667e-03 3.905328750610351562e+01 3.461626281738281250e+02 3.897897949218750000e+02 -1.641813507080078125e+02 9.877700805664062500e+02 1.134497909545898438e+02 3.660059204101562500e+02 -4.690569305419921875e+01 1.201054763793945312e+02 -1.940733146667480469e+01 2.946984291076660156e+01 2.065563011169433594e+01
1.401655934751033783e-02 3.599594497680664062e+01 3.156983032226562500e+02 3.898265991210937500e+02 2.437879943847656250e+02 2.822418403625488281e+01 1.039860763549804688e+02 3.495226745605468750e+02 3.019147300720214844e+01 1.157233200073242188e+02 1.068251228332519531e+01 2.940484285354614258e-01 2.065563011169433594e+01
1.969251595437526703e-02 3.769643402099609375e+01 3.084059753417968750e+02 3.828605346679687500e+02 3.042667236328125000e+02 3.084371337890625000e+02 1.050463485717773438e+02 3.421532897949218750e+02 3.877406311035156250e+01 1.170720901489257812e+02 1.362545585632324219e+01 1.033649826049804688e+01 2.065563011169433594e+01
2.551339380443096161e-02 3.394381713867187500e+01 2.978498840332031250e+02 3.525517883300781250e+02 6.574610900878906250e+01 5.149887084960937500e+01 9.801291656494140625e+01 3.230791625976562500e+02 1.424689412117004395e+00 1.064800186157226562e+02 -1.010615468025207520e+00 1.445984959602355957e+00 2.065563011169433594e+01
3.202908113598823547e-02 2.990637397766113281e+01 2.448304138183593750e+02 2.948479919433593750e+02 1.101856307983398438e+02 -1.300848007202148438e+00 8.325853729248046875e+01 2.677061157226562500e+02 1.051297378540039062e+01 9.128092956542968750e+01 2.995347261428833008e+00 -7.966265678405761719e-01 2.065563011169433594e+01
3.846523538231849670e-02 2.287856101989746094e+01 1.866818084716796875e+02 2.277702331542968750e+02 9.296097564697265625e+01 -3.547385692596435547e+00 6.249078369140625000e+01 2.051912841796875000e+02 8.916923522949218750e+00 6.937323760986328125e+01 3.831069707870483398e+00 -1.631833165884017944e-01 2.065563011169433594e+01
4.443310573697090149e-02 1.896343421936035156e+01 1.668165435791015625e+02 1.989735260009765625e+02 5.418880462646484375e+01 -3.376114654541015625e+01 5.377319717407226562e+01 1.813503723144531250e+02 3.668106794357299805e+00 5.890941619873046875e+01 1.722453951835632324e+00 -1.171837329864501953e+00 2.065563011169433594e+01
5.042308941483497620e-02 1.825169181823730469e+01 1.552538452148437500e+02 1.847256469726562500e+02 5.846084213256835938e+01 2.927783393859863281e+01 5.077099990844726562e+01 1.684475250244140625e+02 4.496605873107910156e+00 5.541015243530273438e+01 1.538635969161987305e+00 1.206579804420471191e+00 2.065563011169433594e+01
5.690929666161537170e-02 1.693245887756347656e+01 1.498307189941406250e+02 1.779418792724609375e+02 6.446782684326171875e+01 -4.563899040222167969e+00 4.757829284667968750e+01 1.623710937500000000e+02 6.378389835357666016e+00 5.200076675415039062e+01 2.395993947982788086e+00 -6.317707896232604980e-02 2.065563011169433594e+01
6.341847032308578491e-02 1.682908630371093750e+01 1.503763580322265625e+02 1.781177215576171875e+02 7.426277160644531250e+01 1.877242660522460938e+01 4.778647232055664062e+01 1.626848602294921875e+02 8.129587173461914062e+00 5.199618530273437500e+01 2.529429435729980469e+00 4.658052921295166016e-01 2.065563011169433594e+01
6.949992477893829346e-02 1.480149364471435547e+01 1.377039794921875000e+02 1.632583007812500000e+02 4.551879119873046875e+01 -3.611124801635742188e+01 4.238191223144531250e+01 1.489240264892578125e+02 3.256966590881347656e+00 4.608901214599609375e+01 1.008859872817993164e+00 -1.427359938621520996e+00 2.065563011169433594e+01
7.558133453130722046e-02 1.347868728637695312e+01 1.249532546997070312e+02 1.486336212158203125e+02 6.225811004638671875e+01 -2.096361923217773438e+01 3.848010253906250000e+01 1.351391754150390625e+02 6.535335063934326172e+00 4.189787292480468750e+01 2.150359153747558594e+00 -7.540510892868041992e-01 2.065563011169433594e+01
8.196274191141128540e-02 1.275373172760009766e+01 1.238855438232421875e+02 1.483286590576171875e+02 5.202177047729492188e+01 -3.472650051116943359e+00 3.717816925048828125e+01 1.342933349609375000e+02 4.376508235931396484e+00 4.055497741699218750e+01 1.124718904495239258e+00 -2.180120497941970825e-01 2.065563011169433594e+01
8.830232173204421997e-02 1.013024044036865234e+01 1.023767929077148438e+02 1.213490600585937500e+02 4.161295318603515625e+01 -6.684651970863342285e-01 2.955539131164550781e+01 1.102032470703125000e+02 3.391166448593139648e+00 3.202379608154296875e+01 1.010118603706359863e+00 3.107901103794574738e-02 2.065563011169433594e+01
9.435217082500457764e-02 9.729935646057128906e+00 9.703567504882812500e+01 1.146901321411132812e+02 2.863883209228515625e+01 1.231865644454956055e+00 2.811194419860839844e+01 1.041023941040039062e+02 1.023862123489379883e+00 3.042048645019531250e+01 2.778846025466918945e-01 -2.230375260114669800e-01 2.065563011169433594e+01
1.005600690841674805e-01 8.454365730285644531e+00 8.574485778808593750e+01 1.008605117797851562e+02 3.178662490844726562e+01 -6.627179145812988281e+00 2.433596801757812500e+01 9.158185577392578125e+01 2.542968273162841797e+00 2.625122833251953125e+01 7.733259797096252441e-01 -1.934044659137725830e-01 2.065563011169433594e+01
1.070138886570930481e-01 7.736649036407470703e+00 8.445680999755859375e+01 1.007645568847656250e+02 3.882872009277343750e+01 1.050919914245605469e+01 2.303799057006835938e+01 9.071029663085937500e+01 3.245610952377319336e+00 2.500649642944335938e+01 1.115056276321411133e+00 2.716170847415924072e-01 2.065563011169433594e+01
1.134273484349250793e-01 7.011242389678955078e+00 7.652326202392578125e+01 9.101869201660156250e+01 3.371139907836914062e+01 1.346886539459228516e+01 2.062219429016113281e+01 8.180590057373046875e+01 2.421524763107299805e+00 2.229990768432617188e+01 7.998151183128356934e-01 2.534383237361907959e-01 2.065563011169433594e+01
1.196089535951614380e-01 6.664822578430175781e+00 7.400588226318359375e+01 8.572009277343750000e+01 2.564999389648437500e+01 3.646692752838134766e+00 1.956468772888183594e+01 7.801779937744140625e+01 1.720433354377746582e+00 2.090679740905761719e+01 6.661249995231628418e-01 -6.863549351692199707e-02 2.065563011169433594e+01
1.257804334163665771e-01 6.354190349578857422e+00 7.147187805175781250e+01 8.376498413085937500e+01 2.461647796630859375e+01 2.119631052017211914e+00 1.895485687255859375e+01 7.561478424072265625e+01 1.161238908767700195e+00 2.031382751464843750e+01 3.946506679058074951e-01 -5.451392382383346558e-02 2.065563011169433594e+01
1.321490257978439331e-01 6.192378044128417969e+00 7.050306701660156250e+01 8.220269775390625000e+01 1.789225196838378906e+01 -5.088528156280517578e+00 1.846550369262695312e+01 7.426552581787109375e+01 2.482638657093048096e-01 1.966431808471679688e+01 1.572873145341873169e-01 -9.375476837158203125e-02 2.065563011169433594e+01
1.384563297033309937e-01 5.832297801971435547e+00 6.905355834960937500e+01 7.970397186279296875e+01 2.235739135742187500e+01 6.466072559356689453e+00 1.766956138610839844e+01 7.232518005371093750e+01 1.292284727096557617e+00 1.866301345825195312e+01 4.089824259281158447e-01 1.148065850138664246e-01 2.065563011169433594e+01
1.446497291326522827e-01 5.291597366333007812e+00 6.334288406372070312e+01 7.367903900146484375e+01 2.014422416687011719e+01 1.980905175209045410e+00 1.590310096740722656e+01 6.635954284667968750e+01 7.334413528442382812e-01 1.685600852966308594e+01 2.933730185031890869e-01 3.590394929051399231e-02 2.065563011169433594e+01
1.508535146713256836e-01 4.940955638885498047e+00 6.140688323974609375e+01 7.162361145019531250e+01 2.247883415222167969e+01 6.435954570770263672e+00 1.502820491790771484e+01 6.422882080078125000e+01 1.314141750335693359e+00 1.592818737030029297e+01 4.472117722034454346e-01 7.243047654628753662e-02 2.065563011169433594e+01
1.571729034185409546e-01 4.476882457733154297e+00 5.727114105224609375e+01 6.692034149169921875e+01 2.535719490051269531e+01 9.768685340881347656e+00 1.363536834716796875e+01 5.976527786254882812e+01 1.747783422470092773e+00 1.443087291717529297e+01 5.683092474937438965e-01 1.328376531600952148e-01 2.065563011169433594e+01
1.635417938232421875e-01 4.176150321960449219e+00 5.426539230346679688e+01 6.314324569702148438e+01 1.620655822753906250e+01 -4.145811200141906738e-01 1.277308273315429688e+01 5.630705642700195312e+01 3.172681927680969238e-01 1.343046283721923828e+01 1.135429143905639648e-01 -3.980870544910430908e-02 2.065563011169433594e+01
1.698256134986877441e-01 3.975485563278198242e+00 5.276325225830078125e+01 6.150062942504882812e+01 1.763249778747558594e+01 7.760499477386474609e+00 1.221741485595703125e+01 5.463010025024414062e+01 3.854530155658721924e-01 1.285491466522216797e+01 1.945158690214157104e-01 1.260959655046463013e-01 2.065563011169433594e+01
1.761013567447662354e-01 3.778322696685791016e+00 5.106808471679687500e+01 5.912861633300781250e+01 1.638233375549316406e+01 -1.610839486122131348e+00 1.160929012298583984e+01 5.252267074584960938e+01 4.153566658496856689e-01 1.212668609619140625e+01 1.742757111787796021e-01 -9.638477116823196411e-02 2.065563011169433594e+01
1.823998540639877319e-01 3.682752609252929688e+00 5.064736557006835938e+01 5.799988555908203125e+01 1.960360908508300781e+01 7.758213043212890625e+00 1.138853931427001953e+01 5.176066589355468750e+01 1.099733233451843262e+00 1.178401470184326172e+01 3.111358284950256348e-01 1.789023727178573608e-01 2.065563011169433594e+01
1.886507123708724976e-01 3.484033584594726562e+00 4.938652038574218750e+01 5.721452331542968750e+01 1.527150726318359375e+01 5.360864162445068359e+00 1.093183803558349609e+01 5.054619216918945312e+01 1.441063284873962402e-01 1.136440849304199219e+01 1.262906640768051147e-01 9.156322479248046875e-02 2.065563011169433594e+01
1.949081569910049438e-01 3.310762882232666016e+00 4.818099975585937500e+01 5.531502532958984375e+01 1.748084068298339844e+01 3.172000646591186523e+00 1.041994571685791016e+01 4.885656738281250000e+01 6.370704770088195801e-01 1.073880863189697266e+01 1.465302109718322754e-01 -1.413099700585007668e-03 2.065563011169433594e+01
2.011425346136093140e-01 3.219679594039916992e+00 4.766976547241210938e+01 5.468826293945312500e+01 1.310198020935058594e+01 3.321093797683715820e+00 1.025702476501464844e+01 4.820655441284179688e+01 -1.562233418226242065e-01 1.056488323211669922e+01 3.523395955562591553e-02 8.750042878091335297e-03 2.065563011169433594e+01
2.073954045772552490e-01 3.065800189971923828e+00 4.638777160644531250e+01 5.270721054077148438e+01 1.390101432800292969e+01 5.231360435485839844e+00 9.755206108093261719e+00 4.651473999023437500e+01 8.829499781131744385e-02 9.891330718994140625e+00 2.852455154061317444e-02 9.539914131164550781e-02 2.065563011169433594e+01
2.137389332056045532e-01 2.879388332366943359e+00 4.458612823486328125e+01 5.104798889160156250e+01 1.568994331359863281e+01 1.873518824577331543e+00 9.214378356933593750e+00 4.466572952270507812e+01 3.138097226619720459e-01 9.413533210754394531e+00 1.208001747727394104e-01 -1.482877787202596664e-02 2.065563011169433594e+01
2.200330942869186401e-01 2.745108366012573242e+00 4.359896469116210938e+01 5.032488632202148438e+01 1.721377372741699219e+01 4.902328968048095703e+00 8.877721786499023438e+00 4.364772796630859375e+01 4.188126623630523682e-01 9.042669296264648438e+00 1.458921432495117188e-01 4.717877134680747986e-02 2.065563011169433594e+01
2.262930423021316528e-01 2.636400938034057617e+00 4.315279769897460938e+01 4.881918716430664062e+01 1.190174007415771484e+01 5.834380388259887695e-01 8.568307876586914062e+00 4.268172836303710938e+01 -1.767480224370956421e-01 8.650900840759277344e+00 2.923975884914398193e-02 3.495850041508674622e-02 2.065563011169433594e+01
2.325985133647918701e-01 2.545116901397705078e+00 4.176841354370117188e+01 4.765013122558593750e+01 1.235217189788818359e+01 2.630479812622070312e+00 8.304736137390136719e+00 4.127426910400390625e+01 -3.409416079521179199e-01 8.323833465576171875e+00 -1.970846392214298248e-02 3.497059270739555359e-02 2.065563011169433594e+01
2.388891130685806274e-01 2.380480051040649414e+00 4.072484207153320312e+01 4.644751358032226562e+01 1.268610477447509766e+01 -1.998496174812316895e+00 7.795146942138671875e+00 4.001636886596679688e+01 -2.046110183000564575e-01 7.811638355255126953e+00 1.474520005285739899e-02 -6.182153150439262390e-02 2.065563011169433594e+01
2.451218813657760620e-01 2.339673280715942383e+00 4.010954284667968750e+01 4.574234008789062500e+01 1.319965839385986328e+01 4.953472137451171875e+00 7.685907840728759766e+00 3.929916763305664062e+01 -1.470125764608383179e-01 7.680812358856201172e+00 5.038530752062797546e-02 5.868802219629287720e-02 2.065563011169433594e+01
2.513737380504608154e-01 2.263499259948730469e+00 3.989085388183593750e+01 4.482191085815429688e+01 1.139390468597412109e+01 3.830602645874023438e+00 7.505062103271484375e+00 3.861665725708007812e+01 -4.785589277744293213e-01 7.406006336212158203e+00 -3.047741390764713287e-02 8.089257776737213135e-02 2.065563011169433594e+01
2.577070593833923340e-01 2.155534744262695312e+00 3.903281402587890625e+01 4.430327606201171875e+01 1.305491065979003906e+01 3.516607761383056641e+00 7.177469253540039062e+00 3.779396820068359375e+01 -2.442662715911865234e-01 7.074241161346435547e+00 3.238056972622871399e-02 6.200148165225982666e-02 2.065563011169433594e+01
2.640204429626464844e-01 2.111166954040527344e+00 3.824105072021484375e+01 4.337877655029296875e+01 1.277220058441162109e+01 3.682202577590942383e+00 7.010215759277343750e+00 3.684265136718750000e+01 -2.935992479324340820e-01 6.879990100860595703e+00 -5.149335600435733795e-03 5.007470771670341492e-02 2.065563011169433594e+01
2.702898085117340088e-01 2.032132148742675781e+00 3.813631057739257812e+01 4.244151687622070312e+01 9.630855560302734375e+00 1.813291072845458984e+00 6.860622406005859375e+00 3.620409774780273438e+01 -7.090110778808593750e-01 6.630059719085693359e+00 -5.743049085140228271e-02 2.107161283493041992e-02 2.065563011169433594e+01
2.765615284442901611e-01 1.904659748077392578e+00 3.630589675903320312e+01 4.111101531982421875e+01 1.044462394714355469e+01 3.436052799224853516e+00 6.383395671844482422e+00 3.453791809082031250e+01 -7.358713150024414062e-01 6.188564777374267578e+00 -8.568613976240158081e-02 3.724907711148262024e-02 2.065563011169433594e+01
2.828698754310607910e-01 1.874318957328796387e+00 3.617233276367187500e+01 4.036826705932617188e+01 1.036726856231689453e+01 1.946983098983764648e+00 6.324626445770263672e+00 3.404010391235351562e+01 -5.878989696502685547e-01 6.061739444732666016e+00 -1.918218284845352173e-02 4.727530106902122498e-02 2.065563011169433594e+01
2.891486585140228271e-01 1.841765403747558594e+00 3.638636398315429688e+01 4.116915512084960938e+01 1.195511341094970703e+01 4.056437969207763672e+00 6.276862144470214844e+00 3.443549728393554688e+01 -5.883300900459289551e-01 6.047986507415771484e+00 -3.907940536737442017e-02 4.111286252737045288e-02 2.065563011169433594e+01
2.953523397445678711e-01 1.791869401931762695e+00 3.527715301513671875e+01 3.923838806152343750e+01 9.538458824157714844e+00 1.291177868843078613e+00 6.098125457763671875e+00 3.276505661010742188e+01 -7.838826179504394531e-01 5.798023700714111328e+00 -9.166646748781204224e-02 -3.639528003986924887e-04 2.065563011169433594e+01
3.016075491905212402e-01 1.722652673721313477e+00 3.478439331054687500e+01 3.911400985717773438e+01 1.124979400634765625e+01 3.563185214996337891e+00 5.877264976501464844e+00 3.233646392822265625e+01 -6.926722526550292969e-01 5.567219734191894531e+00 -7.263636589050292969e-02 4.322155937552452087e-02 2.065563011169433594e+01
3.079382479190826416e-01 1.686147809028625488e+00 3.482518386840820312e+01 3.927978134155273438e+01 1.083986186981201172e+01 2.583607673645019531e+00 5.806447029113769531e+00 3.228369903564453125e+01 -7.319887280464172363e-01 5.496049880981445312e+00 -7.990008592605590820e-02 4.957405477762222290e-02 2.065563011169433594e+01
3.142760396003723145e-01 1.625550270080566406e+00 3.424272155761718750e+01 3.839367294311523438e+01 1.051609516143798828e+01 3.099811792373657227e+00 5.614667892456054688e+00 3.147464752197265625e+01 -8.583372831344604492e-01 5.280136108398437500e+00 -8.868141472339630127e-02 3.615577891469001770e-02 2.065563011169433594e+01
3.205462992191314697e-01 1.609163522720336914e+00 3.373369216918945312e+01 3.788585281372070312e+01 9.171000480651855469e+00 1.968770623207092285e+00 5.532367706298828125e+00 3.078803253173828125e+01 -1.173180580139160156e+00 5.160785198211669922e+00 -1.465130150318145752e-01 3.370587155222892761e-02 2.065563011169433594e+01
3.268128037452697754e-01 1.562464475631713867e+00 3.311915588378906250e+01 3.679245376586914062e+01 8.666051864624023438e+00 2.592867851257324219e+00 5.355231761932373047e+00 2.978978157043457031e+01 -1.173221349716186523e+00 4.900147914886474609e+00 -1.477734744548797607e-01 3.062306530773639679e-02 2.065563011169433594e+01
3.331238031387329102e-01 1.521605610847473145e+00 3.313305664062500000e+01 3.671252441406250000e+01 8.064603805541992188e+00 2.541861295700073242e+00 5.258559703826904297e+00 2.971613693237304688e+01 -1.210983991622924805e+00 4.794376373291015625e+00 -1.369420737028121948e-01 7.080713659524917603e-02 2.065563011169433594e+01
3.394046723842620850e-01 1.516863942146301270e+00 3.304943847656250000e+01 3.676383209228515625e+01 8.361349105834960938e+00 5.710279941558837891e+00 5.261959552764892578e+00 2.964375877380371094e+01 -1.281836390495300293e+00 4.843337535858154297e+00 -1.436865478754043579e-01 9.036167711019515991e-02 2.065563011169433594e+01
3.456391692161560059e-01 1.481802344322204590e+00 3.323244857788085938e+01 3.665995788574218750e+01 8.011850357055664062e+00 4.221388339996337891e+00 5.201409816741943359e+00 2.943879890441894531e+01 -1.445802450180053711e+00 4.690460681915283203e+00 -1.961289346218109131e-01 7.155743986368179321e-02 2.065563011169433594e+01
3.518808186054229736e-01 1.438329935073852539e+00 3.214645385742187500e+01 3.539350509643554688e+01 7.975631237030029297e+00 4.592467308044433594e+00 4.960258483886718750e+00 2.808633232116699219e+01 -1.476343750953674316e+00 4.436248779296875000e+00 -1.677590608596801758e-01 7.679941505193710327e-02 2.065563011169433594e+01
3.582032322883605957e-01 1.437649488449096680e+00 3.243009185791015625e+01 3.574070358276367188e+01 7.416517257690429688e+00 4.600986003875732422e+00 5.005614280700683594e+00 2.826222419738769531e+01 -1.651338696479797363e+00 4.427542209625244141e+00 -2.462524473667144775e-01 8.150377869606018066e-02 2.065563011169433594e+01
3.645117878913879395e-01 1.421514630317687988e+00 3.231693649291992188e+01 3.537073516845703125e+01 7.484388351440429688e+00 5.645975589752197266e+00 4.924432277679443359e+00 2.791777229309082031e+01 -1.628030896186828613e+00 4.325052738189697266e+00 -2.300455868244171143e-01 8.767301589250564575e-02 2.065563011169433594e+01
3.707640767097473145e-01 1.401005864143371582e+00 3.218970108032226562e+01 3.555573654174804688e+01 8.086638450622558594e+00 9.614780426025390625e+00 4.864074230194091797e+00 2.777740287780761719e+01 -1.709913492202758789e+00 4.289884567260742188e+00 -2.148507535457611084e-01 1.366770118474960327e-01 2.065563011169433594e+01
3.770540952682495117e-01 1.392180085182189941e+00 3.255347061157226562e+01 3.580669784545898438e+01 7.486168384552001953e+00 8.370486259460449219e+00 4.848053455352783203e+00 2.781151580810546875e+01 -1.926308274269104004e+00 4.225981712341308594e+00 -2.390071749687194824e-01 1.062398701906204224e-01 2.065563011169433594e+01
3.833588361740112305e-01 1.403473019599914551e+00 3.272682952880859375e+01 3.591511535644531250e+01 7.389371871948242188e+00 1.094366073608398438e+01 4.887177944183349609e+00 2.785144042968750000e+01 -2.010436058044433594e+00 4.239516258239746094e+00 -2.568258941173553467e-01 1.506932526826858521e-01 2.065563011169433594e+01
3.896513879299163818e-01 1.404526114463806152e+00 3.350807952880859375e+01 3.626079940795898438e+01 6.967836380004882812e+00 1.178322505950927734e+01 4.937539100646972656e+00 2.804150390625000000e+01 -2.150347471237182617e+00 4.196259975433349609e+00 -2.892500162124633789e-01 1.731116175651550293e-01 2.065563011169433594e+01
3.958770036697387695e-01 1.405282497406005859e+00 3.406367111206054688e+01 3.710979080200195312e+01 8.216592788696289062e+00 1.642761611938476562e+01 4.969525814056396484e+00 2.849581146240234375e+01 -2.116013288497924805e+00 4.235886096954345703e+00 -2.812818288803100586e-01 2.173493057489395142e-01 2.065563011169433594e+01
4.021010994911193848e-01 1.416325211524963379e+00 3.462950515747070312e+01 3.765587234497070312e+01 6.863393783569335938e+00 1.612438964843750000e+01 4.984456539154052734e+00 2.878349304199218750e+01 -2.511162757873535156e+00 4.244823455810546875e+00 -3.049816787242889404e-01 2.165118306875228882e-01 2.065563011169433594e+01
