# k, P_{cc}, P_{hh,r}, P_{hh,0}, P_{hh,2}, P_{hh,4}, P_{hc,r}, P_{hc,0}, P_{hc,2}, P_{hc,4}, P_pSN
#  Realization 119
8.018244989216327667e-03 3.171149253845214844e+01 2.967986755371093750e+02 3.531792907714843750e+02 6.153904342651367188e+01 1.275326232910156250e+02 9.415907287597656250e+01 3.226824951171875000e+02 -6.552830934524536133e-01 1.031829376220703125e+02 1.652584552764892578e+00 1.580250382423400879e+00 2.053557777404785156e+01
1.401655934751033783e-02 3.712809753417968750e+01 3.032249145507812500e+02 3.652286682128906250e+02 9.218564605712890625e+01 1.810869293212890625e+02 1.038884506225585938e+02 3.315631713867187500e+02 3.212051868438720703e+00 1.138417510986328125e+02 4.101843237876892090e-01 5.357528686523437500e+00 2.053557777404785156e+01
1.969251595437526703e-02 3.373114776611328125e+01 2.862127075195312500e+02 3.383249511718750000e+02 3.384521102905273438e+01 -2.888125181198120117e+00 9.591101837158203125e+01 3.102639770507812500e+02 -4.045221328735351562e+00 1.041721572875976562e+02 -2.089553356170654297e+00 3.260271549224853516e-01 2.053557777404785156e+01
2.551339380443096161e-02 3.109884071350097656e+01 2.442178497314453125e+02 2.910369873046875000e+02 1.346678638458251953e+01 -4.391786575317382812e+01 8.510095977783203125e+01 2.656632690429687500e+02 -6.699351310729980469e+00 9.283887481689453125e+01 -2.858057737350463867e+00 -1.676947832107543945e+00 2.053557777404785156e+01
3.202908113598823547e-02 2.506774711608886719e+01 2.124081726074218750e+02 2.532306060791015625e+02 3.363728713989257812e+01 -1.911093235015869141e+00 7.037464141845703125e+01 2.310015869140625000e+02 -2.148528099060058594e+00 7.704138183593750000e+01 -1.266962587833404541e-01 -3.243570402264595032e-02 2.053557777404785156e+01
3.846523538231849670e-02 2.488068389892578125e+01 2.044523315429687500e+02 2.464721832275390625e+02 9.512509918212890625e+01 5.695262527465820312e+01 6.898939514160156250e+01 2.234895629882812500e+02 8.490770339965820312e+00 7.590405273437500000e+01 3.317841768264770508e+00 1.815977334976196289e+00 2.053557777404785156e+01
4.443310573697090149e-02 2.183116149902343750e+01 1.969787445068359375e+02 2.338178253173828125e+02 8.398913574218750000e+01 3.813731908798217773e+00 6.308509826660156250e+01 2.138242797851562500e+02 8.589374542236328125e+00 6.882276916503906250e+01 2.751471042633056641e+00 2.428983300924301147e-01 2.053557777404785156e+01
5.042308941483497620e-02 2.084496879577636719e+01 1.813082122802734375e+02 2.182609863281250000e+02 7.704289245605468750e+01 2.851109123229980469e+01 5.874912643432617188e+01 1.979253387451171875e+02 6.566111087799072266e+00 6.444412231445312500e+01 1.970100164413452148e+00 6.251755952835083008e-01 2.053557777404785156e+01
5.690929666161537170e-02 1.862430953979492188e+01 1.612444763183593750e+02 1.932100830078125000e+02 6.384342575073242188e+01 -1.443667984008789062e+01 5.212862014770507812e+01 1.755986785888671875e+02 5.456868648529052734e+00 5.706327438354492188e+01 1.700761556625366211e+00 -7.224807143211364746e-01 2.053557777404785156e+01
6.341847032308578491e-02 1.584990787506103516e+01 1.401710052490234375e+02 1.663898315429687500e+02 4.949664688110351562e+01 4.506537628173828125e+01 4.447290039062500000e+01 1.516967620849609375e+02 3.103631496429443359e+00 4.861975479125976562e+01 1.812394142150878906e+00 1.349609255790710449e+00 2.053557777404785156e+01
6.949992477893829346e-02 1.482994651794433594e+01 1.379653930664062500e+02 1.637610168457031250e+02 5.387984848022460938e+01 9.028604507446289062e+00 4.269377517700195312e+01 1.492990722656250000e+02 4.731674194335937500e+00 4.656281661987304688e+01 1.537072896957397461e+00 2.395095378160476685e-01 2.053557777404785156e+01
7.558133453130722046e-02 1.349236965179443359e+01 1.242081680297851562e+02 1.484644165039062500e+02 5.569094467163085938e+01 -1.820880508422851562e+01 3.834648513793945312e+01 1.346459808349609375e+02 5.199431419372558594e+00 4.183479690551757812e+01 1.763080596923828125e+00 -5.946123003959655762e-01 2.053557777404785156e+01
8.196274191141128540e-02 1.178904533386230469e+01 1.106352844238281250e+02 1.306710510253906250e+02 3.669928741455078125e+01 7.048492908477783203e+00 3.337615966796875000e+01 1.190800552368164062e+02 2.199501752853393555e+00 3.613401794433593750e+01 4.730241596698760986e-01 6.905759125947952271e-02 2.053557777404785156e+01
8.830232173204421997e-02 1.054927825927734375e+01 1.041976394653320312e+02 1.228928146362304688e+02 2.663178062438964844e+01 1.935021591186523438e+01 3.062008285522460938e+01 1.119585723876953125e+02 6.139914393424987793e-01 3.314988708496093750e+01 3.857009708881378174e-01 5.555414557456970215e-01 2.053557777404785156e+01
9.435217082500457764e-02 9.689440727233886719e+00 9.690345764160156250e+01 1.145012359619140625e+02 3.389733505249023438e+01 8.975774765014648438e+00 2.808374977111816406e+01 1.039996719360351562e+02 2.275855064392089844e+00 3.048343849182128906e+01 1.038543343544006348e+00 2.940166890621185303e-01 2.053557777404785156e+01
1.005600690841674805e-01 8.859335899353027344e+00 8.996522521972656250e+01 1.067314682006835938e+02 3.909633636474609375e+01 1.678917646408081055e+00 2.566427612304687500e+01 9.661849975585937500e+01 3.584159612655639648e+00 2.779576110839843750e+01 9.623271822929382324e-01 1.001023054122924805e-01 2.053557777404785156e+01
1.070138886570930481e-01 7.889949798583984375e+00 8.420921325683593750e+01 9.915849304199218750e+01 2.625402832031250000e+01 1.637406349182128906e+01 2.330048561096191406e+01 8.995820617675781250e+01 1.202761173248291016e+00 2.509300422668457031e+01 4.179740846157073975e-01 5.362063050270080566e-01 2.053557777404785156e+01
1.134273484349250793e-01 7.147079944610595703e+00 7.864624786376953125e+01 9.294245910644531250e+01 2.750324249267578125e+01 1.035558128356933594e+01 2.118710899353027344e+01 8.394744873046875000e+01 1.656415224075317383e+00 2.286468124389648438e+01 5.199891328811645508e-01 1.524854451417922974e-01 2.053557777404785156e+01
1.196089535951614380e-01 6.902529716491699219e+00 7.594661712646484375e+01 8.878855133056640625e+01 1.882157325744628906e+01 4.007453441619873047e+00 2.041544723510742188e+01 8.054076385498046875e+01 1.544877588748931885e-01 2.186930465698242188e+01 9.354905784130096436e-02 1.673054322600364685e-02 2.053557777404785156e+01
1.257804334163665771e-01 6.549617290496826172e+00 7.368982696533203125e+01 8.674983215332031250e+01 2.378316307067871094e+01 3.477469444274902344e+00 1.953271484375000000e+01 7.830010986328125000e+01 1.223512887954711914e+00 2.088168907165527344e+01 3.049915134906768799e-01 5.529406294226646423e-02 2.053557777404785156e+01
1.321490257978439331e-01 6.084224700927734375e+00 6.848856353759765625e+01 7.968503570556640625e+01 2.047612571716308594e+01 4.834545310586690903e-03 1.789366149902343750e+01 7.214385223388671875e+01 9.528782367706298828e-01 1.906235504150390625e+01 3.544678092002868652e-01 -8.859602734446525574e-03 2.053557777404785156e+01
1.384563297033309937e-01 5.779364109039306641e+00 6.689148712158203125e+01 7.744421386718750000e+01 2.000979614257812500e+01 1.250940036773681641e+01 1.720949363708496094e+01 7.018104553222656250e+01 8.630899190902709961e-01 1.821545791625976562e+01 3.220333158969879150e-01 2.355890125036239624e-01 2.053557777404785156e+01
1.446497291326522827e-01 5.403724193572998047e+00 6.469126129150390625e+01 7.500289154052734375e+01 2.577329063415527344e+01 8.642506599426269531e+00 1.626436614990234375e+01 6.770591735839843750e+01 1.737392306327819824e+00 1.726402664184570312e+01 6.214997172355651855e-01 1.516796946525573730e-01 2.053557777404785156e+01
1.508535146713256836e-01 4.903055191040039062e+00 5.957861709594726562e+01 6.955379486083984375e+01 2.026118850708007812e+01 4.855380535125732422e+00 1.474114894866943359e+01 6.230819320678710938e+01 6.974640488624572754e-01 1.559195327758789062e+01 2.703231275081634521e-01 7.794081233441829681e-03 2.053557777404785156e+01
1.571729034185409546e-01 4.537446498870849609e+00 5.742983245849609375e+01 6.668846130371093750e+01 1.640350914001464844e+01 6.344008445739746094e+00 1.380943393707275391e+01 5.976238632202148438e+01 3.553914427757263184e-01 1.455386543273925781e+01 2.154853641986846924e-01 1.929854005575180054e-01 2.053557777404785156e+01
1.635417938232421875e-01 4.282230377197265625e+00 5.507687377929687500e+01 6.405518341064453125e+01 1.601107025146484375e+01 5.308765888214111328e+00 1.304461956024169922e+01 5.731938171386718750e+01 3.533381521701812744e-01 1.378721809387207031e+01 1.551254391670227051e-01 1.267297565937042236e-01 2.053557777404785156e+01
1.698256134986877441e-01 3.901791810989379883e+00 5.175088882446289062e+01 6.068943786621093750e+01 1.569328498840332031e+01 7.266135811805725098e-01 1.198370933532714844e+01 5.378289031982421875e+01 2.021378874778747559e-01 1.260257434844970703e+01 8.416429162025451660e-02 7.797434460371732712e-03 2.053557777404785156e+01
1.761013567447662354e-01 3.852338075637817383e+00 5.099401092529296875e+01 5.949248886108398438e+01 2.028639221191406250e+01 1.823212742805480957e+00 1.178101062774658203e+01 5.271321105957031250e+01 1.018154025077819824e+00 1.232281112670898438e+01 2.697515487670898438e-01 1.737104356288909912e-02 2.053557777404785156e+01
1.823998540639877319e-01 3.623901128768920898e+00 5.109473800659179688e+01 5.902708435058593750e+01 1.386480045318603516e+01 2.541169643402099609e+00 1.139355850219726562e+01 5.245950317382812500e+01 -5.721966922283172607e-02 1.190963554382324219e+01 1.435426622629165649e-01 3.120931237936019897e-02 2.053557777404785156e+01
1.886507123708724976e-01 3.511640548706054688e+00 4.991755676269531250e+01 5.745266723632812500e+01 1.852610778808593750e+01 2.477169752120971680e+00 1.101060676574707031e+01 5.093283843994140625e+01 8.469526767730712891e-01 1.140190505981445312e+01 3.049719631671905518e-01 -1.859003491699695587e-02 2.053557777404785156e+01
1.949081569910049438e-01 3.342622041702270508e+00 4.858208084106445312e+01 5.604917144775390625e+01 1.351789379119873047e+01 4.933363914489746094e+00 1.055726146697998047e+01 4.952882385253906250e+01 -1.027868688106536865e-01 1.087918376922607422e+01 7.571900635957717896e-02 7.651109993457794189e-02 2.053557777404785156e+01
2.011425346136093140e-01 3.207473278045654297e+00 4.740303802490234375e+01 5.462482070922851562e+01 1.401696014404296875e+01 1.688300251960754395e+00 1.019502830505371094e+01 4.809958648681640625e+01 1.440769154578447342e-02 1.047815513610839844e+01 1.559977419674396515e-02 3.091316297650337219e-02 2.053557777404785156e+01
2.073954045772552490e-01 3.113046407699584961e+00 4.707573318481445312e+01 5.323210906982421875e+01 1.367536449432373047e+01 3.540426254272460938e+00 9.948804855346679688e+00 4.716412353515625000e+01 8.710062503814697266e-02 1.009269142150878906e+01 8.394537121057510376e-02 4.122547060251235962e-02 2.053557777404785156e+01
2.137389332056045532e-01 2.906176328659057617e+00 4.500019836425781250e+01 5.124822616577148438e+01 1.308439540863037109e+01 -1.290148854255676270e+00 9.331168174743652344e+00 4.514726638793945312e+01 1.031564027070999146e-01 9.508590698242187500e+00 1.048143059015274048e-01 -1.491605024784803391e-02 2.053557777404785156e+01
2.200330942869186401e-01 2.753011226654052734e+00 4.280534362792968750e+01 4.958768081665039062e+01 1.522887229919433594e+01 4.209516525268554688e+00 8.756484985351562500e+00 4.289749908447265625e+01 1.311148554086685181e-01 8.925046920776367188e+00 7.862378656864166260e-02 1.238772645592689514e-01 2.053557777404785156e+01
2.262930423021316528e-01 2.604036569595336914e+00 4.221185302734375000e+01 4.853195571899414062e+01 1.433867073059082031e+01 2.211177587509155273e+00 8.428112983703613281e+00 4.213892745971679688e+01 7.553101330995559692e-02 8.553276062011718750e+00 3.833205997943878174e-02 3.379693254828453064e-02 2.053557777404785156e+01
2.325985133647918701e-01 2.498053312301635742e+00 4.201334381103515625e+01 4.809624099731445312e+01 1.365495681762695312e+01 4.172565460205078125e+00 8.207521438598632812e+00 4.168638229370117188e+01 -9.928380697965621948e-02 8.275482177734375000e+00 3.535203263163566589e-02 2.958353236317634583e-02 2.053557777404785156e+01
2.388891130685806274e-01 2.407976865768432617e+00 4.102292251586914062e+01 4.696533584594726562e+01 1.361297798156738281e+01 1.792698144912719727e+00 7.945416450500488281e+00 4.041364669799804688e+01 -1.011166498064994812e-01 7.944255828857421875e+00 3.201877698302268982e-02 1.535438932478427887e-02 2.053557777404785156e+01
2.451218813657760620e-01 2.317137718200683594e+00 3.985743331909179688e+01 4.558067321777343750e+01 1.394058322906494141e+01 4.675532817840576172e+00 7.609345436096191406e+00 3.917318344116210938e+01 -3.478503599762916565e-02 7.620938777923583984e+00 6.601290404796600342e-02 7.470697164535522461e-02 2.053557777404785156e+01
2.513737380504608154e-01 2.269814014434814453e+00 3.982801437377929688e+01 4.555237579345703125e+01 1.311695861816406250e+01 2.629420280456542969e+00 7.532100200653076172e+00 3.890198516845703125e+01 -2.799222171306610107e-01 7.527250289916992188e+00 1.714964769780635834e-02 3.249159827828407288e-02 2.053557777404785156e+01
2.577070593833923340e-01 2.166356325149536133e+00 3.884803009033203125e+01 4.388080215454101562e+01 1.311123657226562500e+01 3.908550024032592773e+00 7.183286666870117188e+00 3.765403366088867188e+01 -8.607966452836990356e-02 7.104986667633056641e+00 1.789691112935543060e-02 6.853047013282775879e-02 2.053557777404785156e+01
2.640204429626464844e-01 2.130299568176269531e+00 3.808316421508789062e+01 4.325354766845703125e+01 1.205448913574218750e+01 2.885117053985595703e+00 7.080715179443359375e+00 3.671311569213867188e+01 -4.377644658088684082e-01 6.948348522186279297e+00 -3.859193995594978333e-02 4.230875149369239807e-02 2.053557777404785156e+01
2.702898085117340088e-01 2.008418321609497070e+00 3.721625518798828125e+01 4.182543182373046875e+01 9.840915679931640625e+00 2.176203489303588867e+00 6.726062774658203125e+00 3.555834197998046875e+01 -7.650631666183471680e-01 6.562090396881103516e+00 -9.396429359912872314e-02 5.104749579913914204e-04 2.053557777404785156e+01
2.765615284442901611e-01 1.951515793800354004e+00 3.694051742553710938e+01 4.209104919433593750e+01 1.227991485595703125e+01 4.837998867034912109e+00 6.563717365264892578e+00 3.540297317504882812e+01 -4.463691115379333496e-01 6.428291320800781250e+00 1.409474527463316917e-03 9.502966701984405518e-02 2.053557777404785156e+01
2.828698754310607910e-01 1.903407216072082520e+00 3.627176284790039062e+01 4.064801788330078125e+01 1.029569911956787109e+01 -2.238997071981430054e-01 6.408534049987792969e+00 3.425613784790039062e+01 -6.733142137527465820e-01 6.189850330352783203e+00 -9.373498708009719849e-02 -3.202514490112662315e-03 2.053557777404785156e+01
2.891486585140228271e-01 1.840179085731506348e+00 3.569155502319335938e+01 4.044654464721679688e+01 1.057648468017578125e+01 2.775238990783691406e+00 6.237126827239990234e+00 3.375632476806640625e+01 -7.821640372276306152e-01 6.028337955474853516e+00 -8.298903703689575195e-02 4.155835509300231934e-02 2.053557777404785156e+01
2.953523397445678711e-01 1.758937358856201172e+00 3.493987274169921875e+01 3.932883071899414062e+01 1.012093734741210938e+01 2.925029754638671875e+00 5.977766990661621094e+00 3.274676513671875000e+01 -7.907243967056274414e-01 5.703561305999755859e+00 -1.173240616917610168e-01 4.045826941728591919e-02 2.053557777404785156e+01
3.016075491905212402e-01 1.704271793365478516e+00 3.447162628173828125e+01 3.865623474121093750e+01 8.820228576660156250e+00 1.928865671157836914e+00 5.800073146820068359e+00 3.211842346191406250e+01 -1.005435228347778320e+00 5.514224529266357422e+00 -1.117256954312324524e-01 4.281318932771682739e-02 2.053557777404785156e+01
3.079382479190826416e-01 1.680773496627807617e+00 3.393181610107421875e+01 3.819647598266601562e+01 8.797826766967773438e+00 3.840427160263061523e+00 5.716590404510498047e+00 3.145602416992187500e+01 -1.080565214157104492e+00 5.427584648132324219e+00 -1.301499605178833008e-01 7.873716950416564941e-02 2.053557777404785156e+01
3.142760396003723145e-01 1.653977036476135254e+00 3.409218978881835938e+01 3.812471008300781250e+01 1.055848503112792969e+01 1.823277354240417480e+00 5.683256149291992188e+00 3.132711029052734375e+01 -7.687612175941467285e-01 5.316083431243896484e+00 -9.295672178268432617e-02 5.228746682405471802e-02 2.053557777404785156e+01
3.205462992191314697e-01 1.592021107673645020e+00 3.365589523315429688e+01 3.765388107299804688e+01 8.989783287048339844e+00 2.849489688873291016e+00 5.506332397460937500e+00 3.080551147460937500e+01 -1.024984955787658691e+00 5.106738567352294922e+00 -1.182147637009620667e-01 8.413427323102951050e-02 2.053557777404785156e+01
3.268128037452697754e-01 1.563447117805480957e+00 3.358095169067382812e+01 3.757649612426757812e+01 8.369418144226074219e+00 2.427219390869140625e+00 5.417942523956298828e+00 3.060537719726562500e+01 -1.288412690162658691e+00 5.040606498718261719e+00 -1.782427132129669189e-01 2.977798692882061005e-02 2.053557777404785156e+01
3.331238031387329102e-01 1.535623431205749512e+00 3.301074218750000000e+01 3.658814239501953125e+01 7.867904663085937500e+00 1.381202459335327148e+00 5.293547630310058594e+00 2.966794586181640625e+01 -1.329256176948547363e+00 4.851203441619873047e+00 -1.833082884550094604e-01 2.602558769285678864e-02 2.053557777404785156e+01
3.394046723842620850e-01 1.509201884269714355e+00 3.280627822875976562e+01 3.639720916748046875e+01 8.962903976440429688e+00 4.053787708282470703e+00 5.215370655059814453e+00 2.931165313720703125e+01 -1.196542501449584961e+00 4.768101692199707031e+00 -1.627102196216583252e-01 5.886288359761238098e-02 2.053557777404785156e+01
3.456391692161560059e-01 1.506936430931091309e+00 3.318358993530273438e+01 3.651053237915039062e+01 8.185872077941894531e+00 4.367599487304687500e+00 5.223945617675781250e+00 2.946605300903320312e+01 -1.289123773574829102e+00 4.754960060119628906e+00 -1.573241651058197021e-01 1.017245724797248840e-01 2.053557777404785156e+01
3.518808186054229736e-01 1.439970731735229492e+00 3.205895996093750000e+01 3.560129928588867188e+01 7.890846729278564453e+00 3.671281337738037109e+00 4.972254753112792969e+00 2.840377616882324219e+01 -1.427856802940368652e+00 4.508141994476318359e+00 -2.206186354160308838e-01 6.578212976455688477e-02 2.053557777404785156e+01
3.582032322883605957e-01 1.447861433029174805e+00 3.247370910644531250e+01 3.597866058349609375e+01 7.183790206909179688e+00 5.475251674652099609e+00 5.040543079376220703e+00 2.862138175964355469e+01 -1.623159050941467285e+00 4.518908977508544922e+00 -2.414979487657546997e-01 1.047866791486740112e-01 2.053557777404785156e+01
3.645117878913879395e-01 1.422433972358703613e+00 3.235792541503906250e+01 3.548559188842773438e+01 7.390922069549560547e+00 6.646975517272949219e+00 4.956646919250488281e+00 2.820252799987792969e+01 -1.545179843902587891e+00 4.409275531768798828e+00 -1.915424317121505737e-01 1.054343953728675842e-01 2.053557777404785156e+01
3.707640767097473145e-01 1.399207115173339844e+00 3.199511528015136719e+01 3.538843154907226562e+01 8.922484397888183594e+00 9.132880210876464844e+00 4.830751419067382812e+00 2.763291358947753906e+01 -1.592134356498718262e+00 4.265462875366210938e+00 -2.262872308492660522e-01 1.291454583406448364e-01 2.053557777404785156e+01
3.770540952682495117e-01 1.405505657196044922e+00 3.255253982543945312e+01 3.577265167236328125e+01 7.758273601531982422e+00 7.417428970336914062e+00 4.901123046875000000e+00 2.796976280212402344e+01 -1.741388440132141113e+00 4.292325973510742188e+00 -2.322625517845153809e-01 1.120808646082878113e-01 2.053557777404785156e+01
3.833588361740112305e-01 1.404461741447448730e+00 3.261497116088867188e+01 3.547114181518554688e+01 7.397727966308593750e+00 9.600551605224609375e+00 4.901604175567626953e+00 2.766757011413574219e+01 -1.813191413879394531e+00 4.247022628784179688e+00 -2.483869194984436035e-01 1.641058176755905151e-01 2.053557777404785156e+01
3.896513879299163818e-01 1.393595695495605469e+00 3.304566574096679688e+01 3.611519241333007812e+01 8.067543029785156250e+00 1.591806793212890625e+01 4.885683059692382812e+00 2.793927955627441406e+01 -1.940181970596313477e+00 4.192809581756591797e+00 -2.377226948738098145e-01 2.263544350862503052e-01 2.053557777404785156e+01
3.958770036697387695e-01 1.405992388725280762e+00 3.325769805908203125e+01 3.642464065551757812e+01 8.558748245239257812e+00 1.661718559265136719e+01 4.904722690582275391e+00 2.791700935363769531e+01 -2.002965927124023438e+00 4.198923110961914062e+00 -2.821841537952423096e-01 2.228039205074310303e-01 2.053557777404785156e+01
4.021010994911193848e-01 1.431257128715515137e+00 3.465943527221679688e+01 3.792460250854492188e+01 7.841779708862304688e+00 1.541385269165039062e+01 5.064772129058837891e+00 2.897304344177246094e+01 -2.323584079742431641e+00 4.318600654602050781e+00 -3.010341525077819824e-01 2.148815691471099854e-01 2.053557777404785156e+01
