# k, P_{cc}, P_{hh,r}, P_{hh,0}, P_{hh,2}, P_{hh,4}, P_{h0,hr}, P_{h2,hr}, P_{hc,r}, P_{hc,0}, P_{hc,2}, P_{hc,4}, P_pSN
#  Realization 75
8.018244989216327667e-03 1.638680839538574219e+01 1.065897216796875000e+02 1.182204895019531250e+02 -1.411601409912109375e+02 1.116699752807617188e+02 1.118371429443359375e+02 -2.986165237426757812e+01 3.938071823120117188e+01 4.194721221923828125e+01 -1.003197956085205078e+01 4.458487510681152344e+00 2.062139701843261719e+01
1.401655934751033783e-02 2.748910140991210938e+01 2.314228057861328125e+02 2.774425048828125000e+02 7.983959197998046875e+01 -8.620601654052734375e+00 2.526251678466796875e+02 6.131835460662841797e+00 7.727321624755859375e+01 8.458864593505859375e+01 5.794134736061096191e-01 -8.924266695976257324e-01 2.062139701843261719e+01
1.969251595437526703e-02 3.922391128540039062e+01 3.178433532714843750e+02 3.986627197265625000e+02 3.235835266113281250e+02 2.259951477050781250e+02 3.543081665039062500e+02 4.103058242797851562e+01 1.095833358764648438e+02 1.228215713500976562e+02 1.528285312652587891e+01 7.954531669616699219e+00 2.062139701843261719e+01
2.551339380443096161e-02 3.116428375244140625e+01 2.694831237792968750e+02 3.268045349121093750e+02 1.230484390258789062e+02 8.330920410156250000e+01 2.955328979492187500e+02 1.029844570159912109e+01 8.911205291748046875e+01 9.836232757568359375e+01 4.081536293029785156e+00 1.689797759056091309e+00 2.062139701843261719e+01
3.202908113598823547e-02 2.909104537963867188e+01 2.368364868164062500e+02 2.870816345214843750e+02 1.098921051025390625e+02 -5.728831481933593750e+01 2.597431945800781250e+02 1.056418132781982422e+01 8.004429626464843750e+01 8.828050231933593750e+01 3.451120376586914062e+00 -2.290166616439819336e+00 2.062139701843261719e+01
3.846523538231849670e-02 2.395792007446289062e+01 2.097022705078125000e+02 2.561986999511718750e+02 1.625863037109375000e+02 -5.934172058105468750e+01 2.309464721679687500e+02 2.185022926330566406e+01 6.826712799072265625e+01 7.562303161621093750e+01 7.214071750640869141e+00 -2.348921060562133789e+00 2.062139701843261719e+01
4.443310573697090149e-02 2.224551773071289062e+01 1.879549102783203125e+02 2.270083618164062500e+02 7.946572113037109375e+01 7.132303619384765625e+01 2.054587249755859375e+02 5.626864910125732422e+00 6.207096862792968750e+01 6.835534667968750000e+01 2.598781108856201172e+00 1.029622197151184082e+00 2.062139701843261719e+01
5.042308941483497620e-02 1.878418731689453125e+01 1.671007995605468750e+02 2.003466796875000000e+02 8.667037200927734375e+01 9.726787567138671875e+00 1.820628509521484375e+02 9.481480598449707031e+00 5.323681259155273438e+01 5.837440109252929688e+01 3.086060285568237305e+00 -1.265379637479782104e-01 2.062139701843261719e+01
5.690929666161537170e-02 1.620012474060058594e+01 1.424689941406250000e+02 1.711284942626953125e+02 7.015233612060546875e+01 -3.335276794433593750e+01 1.552246704101562500e+02 7.386684417724609375e+00 4.534254074096679688e+01 4.982818222045898438e+01 2.663014173507690430e+00 -9.692630171775817871e-01 2.062139701843261719e+01
6.341847032308578491e-02 1.558184242248535156e+01 1.384066467285156250e+02 1.667189788818359375e+02 6.951988220214843750e+01 3.892591476440429688e+01 1.508050537109375000e+02 6.413521766662597656e+00 4.368955230712890625e+01 4.810013198852539062e+01 2.661846876144409180e+00 1.306872487068176270e+00 2.062139701843261719e+01
6.949992477893829346e-02 1.420859813690185547e+01 1.319885253906250000e+02 1.572068634033203125e+02 5.303460693359375000e+01 1.375158882141113281e+01 1.430003051757812500e+02 4.378459453582763672e+00 4.071686935424804688e+01 4.442414093017578125e+01 1.371586799621582031e+00 3.744093775749206543e-01 2.062139701843261719e+01
7.558133453130722046e-02 1.344820404052734375e+01 1.266315689086914062e+02 1.493105773925781250e+02 4.529190063476562500e+01 2.858541107177734375e+01 1.364052429199218750e+02 3.434760332107543945e+00 3.861102294921875000e+01 4.190408706665039062e+01 1.189969062805175781e+00 7.778933048248291016e-01 2.062139701843261719e+01
8.196274191141128540e-02 1.235896396636962891e+01 1.161539535522460938e+02 1.382218017578125000e+02 5.635469818115234375e+01 1.278646659851074219e+01 1.255612792968750000e+02 5.498180389404296875e+00 3.538327026367187500e+01 3.852803039550781250e+01 1.921865105628967285e+00 2.095298618078231812e-01 2.062139701843261719e+01
8.830232173204421997e-02 1.107214641571044922e+01 1.105231323242187500e+02 1.300344390869140625e+02 3.899610519409179688e+01 7.064558506011962891e+00 1.186761627197265625e+02 2.818671703338623047e+00 3.231412506103515625e+01 3.491400909423828125e+01 7.958844304084777832e-01 1.222451031208038330e-01 2.062139701843261719e+01
9.435217082500457764e-02 9.401264190673828125e+00 9.724249267578125000e+01 1.148105010986328125e+02 3.673772430419921875e+01 -2.378784716129302979e-01 1.043592605590820312e+02 3.010069847106933594e+00 2.769197654724121094e+01 2.994414710998535156e+01 8.467708230018615723e-01 -1.123903170228004456e-01 2.062139701843261719e+01
1.005600690841674805e-01 8.178632736206054688e+00 8.427867889404296875e+01 9.974070739746093750e+01 2.114831733703613281e+01 -1.133857917785644531e+01 9.033345031738281250e+01 2.663040757179260254e-01 2.370091629028320312e+01 2.565322875976562500e+01 1.160027086734771729e-01 -4.279992282390594482e-01 2.062139701843261719e+01
1.070138886570930481e-01 7.686189174652099609e+00 8.069668579101562500e+01 9.606628417968750000e+01 3.039874267578125000e+01 6.849672317504882812e+00 8.666075134277343750e+01 1.861167788505554199e+00 2.237781906127929688e+01 2.423891448974609375e+01 5.710825324058532715e-01 1.557590365409851074e-01 2.062139701843261719e+01
1.134273484349250793e-01 7.150786399841308594e+00 7.888056945800781250e+01 9.192733764648437500e+01 2.619869422912597656e+01 5.472736835479736328e+00 8.369215393066406250e+01 1.591947674751281738e+00 2.119682312011718750e+01 2.271286964416503906e+01 4.778964817523956299e-01 1.200645044445991516e-01 2.062139701843261719e+01
1.196089535951614380e-01 7.058094978332519531e+00 7.796392822265625000e+01 9.258837890625000000e+01 3.398802566528320312e+01 2.073244667053222656e+01 8.336349487304687500e+01 2.514849185943603516e+00 2.104029464721679688e+01 2.267985153198242188e+01 7.286059856414794922e-01 5.035043954849243164e-01 2.062139701843261719e+01
1.257804334163665771e-01 6.586562156677246094e+00 7.471846008300781250e+01 8.698689270019531250e+01 2.225514984130859375e+01 1.158467292785644531e+01 7.883362579345703125e+01 7.369038462638854980e-01 1.975621414184570312e+01 2.110235404968261719e+01 3.465681374073028564e-01 2.056021243333816528e-01 2.062139701843261719e+01
1.321490257978439331e-01 6.276534080505371094e+00 7.105122375488281250e+01 8.187609100341796875e+01 1.943916893005371094e+01 -7.291307926177978516e+00 7.452762603759765625e+01 7.792326211929321289e-01 1.871908760070800781e+01 1.985096740722656250e+01 3.449785709381103516e-01 -2.947393953800201416e-01 2.062139701843261719e+01
1.384563297033309937e-01 5.810199737548828125e+00 6.809142303466796875e+01 7.923804473876953125e+01 2.731521987915039062e+01 9.120172500610351562e+00 7.157825469970703125e+01 1.944592714309692383e+00 1.751574897766113281e+01 1.863772010803222656e+01 6.525047421455383301e-01 1.291301846504211426e-01 2.062139701843261719e+01
1.446497291326522827e-01 5.227064132690429688e+00 6.142001342773437500e+01 7.239163970947265625e+01 2.383269882202148438e+01 4.927505970001220703e+00 6.475807189941406250e+01 1.466032028198242188e+00 1.556249237060546875e+01 1.660972023010253906e+01 4.143909215927124023e-01 -1.110304147005081177e-02 2.062139701843261719e+01
1.508535146713256836e-01 4.978108406066894531e+00 6.243822097778320312e+01 7.356066894531250000e+01 2.279890441894531250e+01 1.108365297317504883e+00 6.570532226562500000e+01 1.107796669006347656e+00 1.531505393981933594e+01 1.635450553894042969e+01 3.696961998939514160e-01 -5.557005479931831360e-02 2.062139701843261719e+01
1.571729034185409546e-01 4.538836956024169922e+00 5.819948577880859375e+01 6.816523742675781250e+01 1.929582595825195312e+01 2.717586040496826172e+00 6.082371139526367188e+01 5.297705531120300293e-01 1.399669742584228516e+01 1.478360080718994141e+01 1.948041766881942749e-01 -4.232287779450416565e-02 2.062139701843261719e+01
1.635417938232421875e-01 4.202399253845214844e+00 5.471527862548828125e+01 6.451079559326171875e+01 1.668811607360839844e+01 3.624147474765777588e-01 5.721590423583984375e+01 3.975741267204284668e-01 1.282522773742675781e+01 1.363612079620361328e+01 1.717070490121841431e-01 -3.205324336886405945e-02 2.062139701843261719e+01
1.698256134986877441e-01 3.976689577102661133e+00 5.314788818359375000e+01 6.165134048461914062e+01 1.867337989807128906e+01 5.185170650482177734e+00 5.501438903808593750e+01 7.486875057220458984e-01 1.224908828735351562e+01 1.286081886291503906e+01 2.304208576679229736e-01 5.528135970234870911e-02 2.062139701843261719e+01
1.761013567447662354e-01 3.769885540008544922e+00 5.057223892211914062e+01 5.826917648315429688e+01 1.712251472473144531e+01 -1.081927776336669922e+00 5.200446319580078125e+01 6.494432687759399414e-01 1.154696846008300781e+01 1.204381465911865234e+01 2.355520576238632202e-01 -2.487871982157230377e-02 2.062139701843261719e+01
1.823998540639877319e-01 3.557420730590820312e+00 4.986463546752929688e+01 5.762301635742187500e+01 1.743185234069824219e+01 2.169626951217651367e+00 5.129770278930664062e+01 7.683234214782714844e-01 1.109902954101562500e+01 1.161141586303710938e+01 2.525762021541595459e-01 2.794839628040790558e-02 2.062139701843261719e+01
1.886507123708724976e-01 3.450716257095336914e+00 4.898400878906250000e+01 5.642216873168945312e+01 1.671429443359375000e+01 3.300879955291748047e+00 5.003215408325195312e+01 5.205257534980773926e-01 1.081960868835449219e+01 1.125459003448486328e+01 2.327125519514083862e-01 4.978869110345840454e-02 2.062139701843261719e+01
1.949081569910049438e-01 3.241394042968750000e+00 4.610354614257812500e+01 5.304991912841796875e+01 1.618602752685546875e+01 4.970915794372558594e+00 4.678288650512695312e+01 4.790934622287750244e-01 1.006200218200683594e+01 1.036686038970947266e+01 8.009259402751922607e-02 5.143544077873229980e-02 2.062139701843261719e+01
2.011425346136093140e-01 3.170558691024780273e+00 4.651896286010742188e+01 5.356746673583984375e+01 1.507092761993408203e+01 4.193385541439056396e-01 4.718059921264648438e+01 2.544096708297729492e-01 9.957264900207519531e+00 1.027776813507080078e+01 1.409700959920883179e-01 -7.165603339672088623e-03 2.062139701843261719e+01
2.073954045772552490e-01 3.088381290435791016e+00 4.598559951782226562e+01 5.315298080444335938e+01 1.531089973449707031e+01 5.148017883300781250e+00 4.658568572998046875e+01 1.442184299230575562e-01 9.819334983825683594e+00 1.012486457824707031e+01 8.702669292688369751e-02 6.160007789731025696e-02 2.062139701843261719e+01
2.137389332056045532e-01 2.905660867691040039e+00 4.478518676757812500e+01 5.079533004760742188e+01 1.241900730133056641e+01 3.774220466613769531e+00 4.474088668823242188e+01 -2.130509614944458008e-01 9.303007125854492188e+00 9.429829597473144531e+00 3.579125180840492249e-02 8.956757187843322754e-02 2.062139701843261719e+01
2.200330942869186401e-01 2.697941541671752930e+00 4.248318099975585938e+01 4.865454101562500000e+01 1.375512599945068359e+01 1.330726504325866699e+00 4.239584732055664062e+01 5.879999604076147079e-03 8.627701759338378906e+00 8.747320175170898438e+00 5.026631057262420654e-02 3.479580627754330635e-03 2.062139701843261719e+01
2.262930423021316528e-01 2.633015632629394531e+00 4.319559860229492188e+01 4.964318847656250000e+01 1.371710300445556641e+01 9.660148620605468750e-01 4.311700057983398438e+01 -1.083296164870262146e-01 8.615931510925292969e+00 8.784897804260253906e+00 7.113443315029144287e-02 -1.863526180386543274e-02 2.062139701843261719e+01
2.325985133647918701e-01 2.499317169189453125e+00 4.168703079223632812e+01 4.767961120605468750e+01 1.290956592559814453e+01 5.859807968139648438e+00 4.131706619262695312e+01 -1.770506948232650757e-01 8.158720970153808594e+00 8.249136924743652344e+00 4.600845742970705032e-03 7.703323662281036377e-02 2.062139701843261719e+01
2.388891130685806274e-01 2.423585414886474609e+00 4.114063262939453125e+01 4.671963119506835938e+01 1.105857276916503906e+01 1.529038697481155396e-01 4.049315643310546875e+01 -4.235680103302001953e-01 8.004851341247558594e+00 8.032204627990722656e+00 -2.407891117036342621e-02 8.576178923249244690e-03 2.062139701843261719e+01
2.451218813657760620e-01 2.336228370666503906e+00 3.962950897216796875e+01 4.540882110595703125e+01 1.131128692626953125e+01 2.395285844802856445e+00 3.896249389648437500e+01 -5.280275344848632812e-01 7.637810230255126953e+00 7.669919967651367188e+00 -3.896773234009742737e-02 2.193930745124816895e-02 2.062139701843261719e+01
2.513737380504608154e-01 2.249317646026611328e+00 3.893331909179687500e+01 4.464990234375000000e+01 1.339334678649902344e+01 8.121154904365539551e-01 3.819344711303710938e+01 -9.933847934007644653e-02 7.409591674804687500e+00 7.424376964569091797e+00 5.675453692674636841e-02 -2.897435799241065979e-03 2.062139701843261719e+01
2.577070593833923340e-01 2.155109405517578125e+00 3.835293579101562500e+01 4.368889236450195312e+01 1.346480369567871094e+01 2.983548641204833984e+00 3.727600860595703125e+01 -9.186257421970367432e-02 7.142791271209716797e+00 7.104090690612792969e+00 2.832683175802230835e-02 3.487731888890266418e-02 2.062139701843261719e+01
2.640204429626464844e-01 2.097580432891845703e+00 3.840587615966796875e+01 4.335918807983398438e+01 1.178055572509765625e+01 4.327619552612304688e+00 3.700638580322265625e+01 -3.800477385520935059e-01 7.022032737731933594e+00 6.881347179412841797e+00 -2.688757143914699554e-02 9.475788474082946777e-02 2.062139701843261719e+01
2.702898085117340088e-01 2.011662244796752930e+00 3.757131576538085938e+01 4.240951156616210938e+01 1.068035984039306641e+01 1.426590085029602051e+00 3.605831909179687500e+01 -5.340122580528259277e-01 6.760695457458496094e+00 6.607783794403076172e+00 -3.335137665271759033e-02 4.139068350195884705e-02 2.062139701843261719e+01
2.765615284442901611e-01 1.954562187194824219e+00 3.667618560791015625e+01 4.163818740844726562e+01 1.243623256683349609e+01 4.601882457733154297e+00 3.509408950805664062e+01 -4.349473714828491211e-01 6.553277492523193359e+00 6.388807296752929688e+00 -1.709883846342563629e-02 7.960315048694610596e-02 2.062139701843261719e+01
2.828698754310607910e-01 1.876859784126281738e+00 3.588795852661132812e+01 4.022968673706054688e+01 1.079018497467041016e+01 1.402608871459960938e+00 3.386553573608398438e+01 -4.615711271762847900e-01 6.322106838226318359e+00 6.070305347442626953e+00 -3.114143013954162598e-02 8.939471095800399780e-03 2.062139701843261719e+01
2.891486585140228271e-01 1.821945667266845703e+00 3.523310470581054688e+01 4.004907226562500000e+01 1.128101444244384766e+01 4.451606273651123047e+00 3.329729461669921875e+01 -6.501629948616027832e-01 6.152211666107177734e+00 5.942752361297607422e+00 -5.659075826406478882e-02 7.290191203355789185e-02 2.062139701843261719e+01
2.953523397445678711e-01 1.751023769378662109e+00 3.533826065063476562e+01 3.998159790039062500e+01 9.677859306335449219e+00 4.296720981597900391e+00 3.318115234375000000e+01 -9.663470387458801270e-01 6.018766403198242188e+00 5.783752441406250000e+00 -1.065071746706962585e-01 6.347312778234481812e-02 2.062139701843261719e+01
3.016075491905212402e-01 1.727378964424133301e+00 3.522591781616210938e+01 3.952888107299804688e+01 1.046545124053955078e+01 3.736300468444824219e+00 3.295054244995117188e+01 -7.074213027954101562e-01 5.936306953430175781e+00 5.665107727050781250e+00 -6.782121211290359497e-02 5.862119421362876892e-02 2.062139701843261719e+01
3.079382479190826416e-01 1.674363136291503906e+00 3.468825912475585938e+01 3.884603118896484375e+01 8.646963119506835938e+00 3.532405138015747070e+00 3.219933700561523438e+01 -1.011534571647644043e+00 5.797387599945068359e+00 5.488490104675292969e+00 -1.207084804773330688e-01 4.922854900360107422e-02 2.062139701843261719e+01
3.142760396003723145e-01 1.619246125221252441e+00 3.366128540039062500e+01 3.756330871582031250e+01 9.247349739074707031e+00 2.514466762542724609e+00 3.082666587829589844e+01 -9.899245500564575195e-01 5.566133022308349609e+00 5.210004806518554688e+00 -1.082658171653747559e-01 4.020103812217712402e-02 2.062139701843261719e+01
3.205462992191314697e-01 1.593006372451782227e+00 3.362460708618164062e+01 3.792024230957031250e+01 9.244854927062988281e+00 2.546608448028564453e+00 3.090248298645019531e+01 -1.030016779899597168e+00 5.470305919647216797e+00 5.159672737121582031e+00 -1.251264065504074097e-01 5.871294811367988586e-02 2.062139701843261719e+01
3.268128037452697754e-01 1.557580232620239258e+00 3.316062545776367188e+01 3.717074203491210938e+01 9.088094711303710938e+00 4.031111717224121094e+00 3.019615554809570312e+01 -1.083349347114562988e+00 5.367825984954833984e+00 4.990837097167968750e+00 -1.445109248161315918e-01 7.977472245693206787e-02 2.062139701843261719e+01
3.331238031387329102e-01 1.519730687141418457e+00 3.281701660156250000e+01 3.654105377197265625e+01 7.829569816589355469e+00 4.229033470153808594e+00 2.961125373840332031e+01 -1.385785341262817383e+00 5.237565994262695312e+00 4.824148178100585938e+00 -1.809858828783035278e-01 5.876416712999343872e-02 2.062139701843261719e+01
3.394046723842620850e-01 1.491135120391845703e+00 3.282305526733398438e+01 3.671662902832031250e+01 8.819031715393066406e+00 3.399045944213867188e+00 2.947626113891601562e+01 -1.260753870010375977e+00 5.181130886077880859e+00 4.757611274719238281e+00 -1.827353239059448242e-01 6.005055457353591919e-02 2.062139701843261719e+01
3.456391692161560059e-01 1.473194718360900879e+00 3.218411636352539062e+01 3.586545944213867188e+01 8.275998115539550781e+00 4.185009002685546875e+00 2.872235298156738281e+01 -1.334235191345214844e+00 5.102859497070312500e+00 4.650319576263427734e+00 -1.904837638139724731e-01 6.606087088584899902e-02 2.062139701843261719e+01
3.518808186054229736e-01 1.453518271446228027e+00 3.227343750000000000e+01 3.546808242797851562e+01 7.984888553619384766e+00 5.417261123657226562e+00 2.836592674255371094e+01 -1.413311719894409180e+00 5.046968460083007812e+00 4.521993637084960938e+00 -1.930496990680694580e-01 9.493740648031234741e-02 2.062139701843261719e+01
3.582032322883605957e-01 1.435136437416076660e+00 3.214852905273437500e+01 3.539949417114257812e+01 7.613904953002929688e+00 5.065230846405029297e+00 2.817268180847167969e+01 -1.408308744430541992e+00 4.961901664733886719e+00 4.439033031463623047e+00 -1.889215409755706787e-01 7.797422260046005249e-02 2.062139701843261719e+01
3.645117878913879395e-01 1.401248574256896973e+00 3.165347290039062500e+01 3.478967666625976562e+01 7.187834262847900391e+00 4.743319511413574219e+00 2.747151756286621094e+01 -1.635651826858520508e+00 4.838568210601806641e+00 4.288748741149902344e+00 -2.254027426242828369e-01 5.937689542770385742e-02 2.062139701843261719e+01
3.707640767097473145e-01 1.397946119308471680e+00 3.206090164184570312e+01 3.557726287841796875e+01 7.497058391571044922e+00 8.429636001586914062e+00 2.781150627136230469e+01 -1.827286958694458008e+00 4.844243049621582031e+00 4.293015480041503906e+00 -2.224675267934799194e-01 1.136955842375755310e-01 2.062139701843261719e+01
3.770540952682495117e-01 1.395621776580810547e+00 3.240304565429687500e+01 3.560539245605468750e+01 6.471022605895996094e+00 7.611796379089355469e+00 2.785438156127929688e+01 -1.949651002883911133e+00 4.880151748657226562e+00 4.266465187072753906e+00 -2.791652083396911621e-01 1.091833859682083130e-01 2.062139701843261719e+01
3.833588361740112305e-01 1.393225431442260742e+00 3.226093673706054688e+01 3.544933319091796875e+01 7.458662986755371094e+00 1.062992095947265625e+01 2.754493713378906250e+01 -1.852718234062194824e+00 4.859752178192138672e+00 4.241872787475585938e+00 -2.438970953226089478e-01 1.704734861850738525e-01 2.062139701843261719e+01
3.896513879299163818e-01 1.406306266784667969e+00 3.318831634521484375e+01 3.631206130981445312e+01 7.885017395019531250e+00 1.449554157257080078e+01 2.804988098144531250e+01 -2.006472587585449219e+00 4.942388057708740234e+00 4.272266387939453125e+00 -2.549880445003509521e-01 2.202414423227310181e-01 2.062139701843261719e+01
3.958770036697387695e-01 1.409328222274780273e+00 3.395008850097656250e+01 3.702444839477539062e+01 8.135019302368164062e+00 1.513860034942626953e+01 2.847217369079589844e+01 -2.080372571945190430e+00 4.976709365844726562e+00 4.250225543975830078e+00 -2.728501260280609131e-01 1.902267783880233765e-01 2.062139701843261719e+01
4.021010994911193848e-01 1.422035694122314453e+00 3.465295410156250000e+01 3.783543395996093750e+01 8.373328208923339844e+00 1.649346923828125000e+01 2.905802726745605469e+01 -2.225155830383300781e+00 5.056495189666748047e+00 4.334497451782226562e+00 -3.030780851840972900e-01 2.211568355560302734e-01 2.062139701843261719e+01
