# k, P_{cc}, P_{hh,r}, P_{hh,0}, P_{hh,2}, P_{hh,4}, P_{hc,r}, P_{hc,0}, P_{hc,2}, P_{hc,4}, P_pSN
#  Realization 71
8.018244989216327667e-03 3.020318603515625000e+01 2.595552368164062500e+02 3.072272644042968750e+02 3.658925628662109375e+01 -3.981357727050781250e+02 8.659586334228515625e+01 2.818184814453125000e+02 6.101351380348205566e-01 9.363341522216796875e+01 -3.523345232009887695e+00 -8.742205619812011719e+00 2.064251518249511719e+01
1.401655934751033783e-02 2.177371025085449219e+01 1.636651000976562500e+02 2.099885864257812500e+02 1.850803833007812500e+02 9.807296752929687500e+01 5.706497955322265625e+01 1.843328247070312500e+02 2.306342124938964844e+01 6.537570953369140625e+01 1.172550010681152344e+01 3.021048307418823242e+00 2.064251518249511719e+01
1.969251595437526703e-02 3.968615341186523438e+01 3.466562194824218750e+02 4.148726806640625000e+02 3.717892456054687500e+01 -2.684828186035156250e+02 1.143060836791992188e+02 3.780831909179687500e+02 -4.689027309417724609e+00 1.254078598022460938e+02 1.239792630076408386e-01 -8.662083625793457031e+00 2.064251518249511719e+01
2.551339380443096161e-02 2.939363098144531250e+01 2.591608276367187500e+02 3.098677368164062500e+02 1.382564849853515625e+02 -1.187221527099609375e+02 8.468609619140625000e+01 2.826177368164062500e+02 1.691150474548339844e+01 9.238121032714843750e+01 3.471019744873046875e+00 -2.761416673660278320e+00 2.064251518249511719e+01
3.202908113598823547e-02 3.156441497802734375e+01 2.679407958984375000e+02 3.315936584472656250e+02 2.327259979248046875e+02 2.208183288574218750e+02 8.901959991455078125e+01 2.966628723144531250e+02 2.791212654113769531e+01 9.917756652832031250e+01 1.034682273864746094e+01 6.524122238159179688e+00 2.064251518249511719e+01
3.846523538231849670e-02 2.275414085388183594e+01 2.087259368896484375e+02 2.493681030273437500e+02 8.059635162353515625e+01 5.795579147338867188e+01 6.611969757080078125e+01 2.272080230712890625e+02 6.500549793243408203e+00 7.247959899902343750e+01 2.098333358764648438e+00 1.155496239662170410e+00 2.064251518249511719e+01
4.443310573697090149e-02 1.984907913208007812e+01 1.706613311767578125e+02 2.057500000000000000e+02 7.524530792236328125e+01 -4.905431365966796875e+01 5.577192306518554688e+01 1.865229187011718750e+02 7.032213687896728516e+00 6.139992904663085938e+01 3.010779619216918945e+00 -1.652112603187561035e+00 2.064251518249511719e+01
5.042308941483497620e-02 1.925256729125976562e+01 1.636358032226562500e+02 1.978765258789062500e+02 6.930113983154296875e+01 -2.466173171997070312e+01 5.357259750366210938e+01 1.789841003417968750e+02 6.276991844177246094e+00 5.905853271484375000e+01 2.330972194671630859e+00 -8.138411045074462891e-01 2.064251518249511719e+01
5.690929666161537170e-02 1.625080680847167969e+01 1.467337036132812500e+02 1.747172241210937500e+02 5.940691757202148438e+01 -2.946640014648437500e+01 4.622935867309570312e+01 1.592084503173828125e+02 5.549332618713378906e+00 5.052297973632812500e+01 1.463965415954589844e+00 -1.209286332130432129e+00 2.064251518249511719e+01
6.341847032308578491e-02 1.623027420043945312e+01 1.499928283691406250e+02 1.777612609863281250e+02 5.454714584350585938e+01 2.783348464965820312e+01 4.655487823486328125e+01 1.622582397460937500e+02 4.290919780731201172e+00 5.077433013916015625e+01 1.602546930313110352e+00 8.957546949386596680e-01 2.064251518249511719e+01
6.949992477893829346e-02 1.435608100891113281e+01 1.304046478271484375e+02 1.534103393554687500e+02 4.650627136230468750e+01 -3.331826019287109375e+01 4.064708709716796875e+01 1.404275817871093750e+02 3.931801080703735352e+00 4.416085815429687500e+01 1.382443308830261230e+00 -8.858749270439147949e-01 2.064251518249511719e+01
7.558133453130722046e-02 1.341443634033203125e+01 1.234305496215820312e+02 1.472764129638671875e+02 6.237736511230468750e+01 -2.422698402404785156e+01 3.790626907348632812e+01 1.337366180419921875e+02 6.941362857818603516e+00 4.141259002685546875e+01 2.383737802505493164e+00 -9.921460151672363281e-01 2.064251518249511719e+01
8.196274191141128540e-02 1.223209762573242188e+01 1.149659042358398438e+02 1.348779907226562500e+02 3.298485946655273438e+01 1.198942089080810547e+01 3.483570861816406250e+01 1.233742141723632812e+02 1.731554388999938965e+00 3.767628860473632812e+01 8.071305751800537109e-01 3.338272571563720703e-01 2.064251518249511719e+01
8.830232173204421997e-02 1.111878108978271484e+01 1.076571121215820312e+02 1.265218887329101562e+02 3.193337059020996094e+01 1.704397964477539062e+01 3.197332763671875000e+01 1.155287628173828125e+02 1.686760187149047852e+00 3.462395095825195312e+01 8.332170844078063965e-01 5.064943432807922363e-01 2.064251518249511719e+01
9.435217082500457764e-02 9.422293663024902344e+00 9.632438659667968750e+01 1.118921279907226562e+02 2.280590057373046875e+01 1.828155517578125000e+00 2.762521171569824219e+01 1.025980911254882812e+02 8.013694882392883301e-01 2.969352340698242188e+01 2.578013837337493896e-01 3.068826347589492798e-02 2.064251518249511719e+01
1.005600690841674805e-01 8.755621910095214844e+00 8.917552947998046875e+01 1.057958526611328125e+02 4.008934783935546875e+01 1.719145584106445312e+01 2.546960067749023438e+01 9.576531219482421875e+01 3.464527130126953125e+00 2.762968826293945312e+01 1.092351436614990234e+00 3.857722282409667969e-01 2.064251518249511719e+01
1.070138886570930481e-01 7.873414993286132812e+00 8.395519256591796875e+01 9.939117431640625000e+01 3.914007568359375000e+01 7.665169715881347656e+00 2.314022827148437500e+01 8.986161041259765625e+01 3.542874574661254883e+00 2.499081230163574219e+01 8.097419738769531250e-01 5.584488064050674438e-02 2.064251518249511719e+01
1.134273484349250793e-01 7.181450366973876953e+00 7.717681121826171875e+01 9.102149200439453125e+01 2.650711059570312500e+01 -1.790832042694091797e+00 2.102310180664062500e+01 8.235989379882812500e+01 1.438548684120178223e+00 2.267501068115234375e+01 3.386324942111968994e-01 -1.533904373645782471e-01 2.064251518249511719e+01
1.196089535951614380e-01 7.010710716247558594e+00 7.688467407226562500e+01 8.970487213134765625e+01 2.343035888671875000e+01 5.558907032012939453e+00 2.068078994750976562e+01 8.145861816406250000e+01 1.242006301879882812e+00 2.216934585571289062e+01 4.941056966781616211e-01 1.354541778564453125e-01 2.064251518249511719e+01
1.257804334163665771e-01 6.536356449127197266e+00 7.503589630126953125e+01 8.767761993408203125e+01 3.120260238647460938e+01 -3.786664247512817383e+00 1.967595863342285156e+01 7.942533111572265625e+01 2.719336748123168945e+00 2.102136993408203125e+01 7.055217027664184570e-01 -1.894748657941818237e-01 2.064251518249511719e+01
1.321490257978439331e-01 6.245126724243164062e+00 7.017007446289062500e+01 8.170993804931640625e+01 1.911627769470214844e+01 -2.585619211196899414e+00 1.849979019165039062e+01 7.398043060302734375e+01 5.629642605781555176e-01 1.966793060302734375e+01 2.762425541877746582e-01 -1.279303282499313354e-01 2.064251518249511719e+01
1.384563297033309937e-01 5.654268741607666016e+00 6.585475158691406250e+01 7.732276153564453125e+01 2.876548576354980469e+01 4.672454833984375000e+00 1.689183425903320312e+01 6.950796508789062500e+01 2.227520227432250977e+00 1.798424720764160156e+01 6.639934778213500977e-01 2.829927951097488403e-03 2.064251518249511719e+01
1.446497291326522827e-01 5.510667324066162109e+00 6.557433319091796875e+01 7.629673767089843750e+01 2.533329772949218750e+01 6.437959194183349609e+00 1.663155937194824219e+01 6.878981018066406250e+01 1.741479158401489258e+00 1.760506439208984375e+01 4.911752045154571533e-01 1.321822404861450195e-01 2.064251518249511719e+01
1.508535146713256836e-01 4.954310417175292969e+00 5.961292648315429688e+01 6.995546722412109375e+01 2.314185142517089844e+01 6.956986427307128906e+00 1.482629394531250000e+01 6.262063217163085938e+01 1.353170037269592285e+00 1.579726600646972656e+01 4.262437522411346436e-01 1.210592910647392273e-01 2.064251518249511719e+01
1.571729034185409546e-01 4.571289062500000000e+00 5.742717361450195312e+01 6.704535675048828125e+01 2.600566864013671875e+01 4.095146179199218750e+00 1.387529563903808594e+01 5.992623138427734375e+01 1.945729255676269531e+00 1.471103858947753906e+01 5.717453956604003906e-01 -5.465767811983823776e-03 2.064251518249511719e+01
1.635417938232421875e-01 4.227464199066162109e+00 5.481742095947265625e+01 6.379612350463867188e+01 2.144925117492675781e+01 2.726183414459228516e+00 1.292029857635498047e+01 5.693027114868164062e+01 1.253811359405517578e+00 1.363523101806640625e+01 4.443671107292175293e-01 6.365578621625900269e-02 2.064251518249511719e+01
1.698256134986877441e-01 4.082941532135009766e+00 5.452017593383789062e+01 6.395575714111328125e+01 2.324395942687988281e+01 7.381983280181884766e+00 1.268088722229003906e+01 5.681842422485351562e+01 1.461225986480712891e+00 1.340311050415039062e+01 3.749413192272186279e-01 1.499947160482406616e-01 2.064251518249511719e+01
1.761013567447662354e-01 3.845445394515991211e+00 5.228160858154296875e+01 6.126442718505859375e+01 2.224407005310058594e+01 4.650282859802246094e-01 1.192122364044189453e+01 5.413838195800781250e+01 1.267596483230590820e+00 1.254955005645751953e+01 4.458668828010559082e-01 -2.913058549165725708e-02 2.064251518249511719e+01
1.823998540639877319e-01 3.641306161880493164e+00 5.021994400024414062e+01 5.850973129272460938e+01 1.972742462158203125e+01 3.583331108093261719e+00 1.130959892272949219e+01 5.176389694213867188e+01 9.339569807052612305e-01 1.178977394104003906e+01 2.563106715679168701e-01 1.202028989791870117e-01 2.064251518249511719e+01
1.886507123708724976e-01 3.515785455703735352e+00 4.929251098632812500e+01 5.719678115844726562e+01 1.616577148437500000e+01 -2.932457923889160156e-01 1.097141456604003906e+01 5.050904846191406250e+01 3.751961886882781982e-01 1.138283157348632812e+01 1.614400595426559448e-01 -9.101562201976776123e-03 2.064251518249511719e+01
1.949081569910049438e-01 3.427142381668090820e+00 4.842039108276367188e+01 5.565533065795898438e+01 1.715877342224121094e+01 2.707554340362548828e+00 1.066045665740966797e+01 4.914780426025390625e+01 5.738986134529113770e-01 1.098971939086914062e+01 1.889300644397735596e-01 1.618600264191627502e-02 2.064251518249511719e+01
2.011425346136093140e-01 3.155812501907348633e+00 4.644137573242187500e+01 5.329156875610351562e+01 1.552406406402587891e+01 4.502298355102539062e+00 9.901393890380859375e+00 4.698889923095703125e+01 3.961601257324218750e-01 1.019128036499023438e+01 2.180501669645309448e-01 6.703061610460281372e-02 2.064251518249511719e+01
2.073954045772552490e-01 3.068491935729980469e+00 4.628819656372070312e+01 5.366200637817382812e+01 1.597644805908203125e+01 4.098566055297851562e+00 9.808430671691894531e+00 4.693246078491210938e+01 2.458215057849884033e-01 1.011789512634277344e+01 1.483902186155319214e-01 6.676614284515380859e-02 2.064251518249511719e+01
2.137389332056045532e-01 2.896011352539062500e+00 4.461997222900390625e+01 5.117308807373046875e+01 1.542311859130859375e+01 5.192969322204589844e+00 9.237500190734863281e+00 4.485157394409179688e+01 2.662720978260040283e-01 9.455345153808593750e+00 6.983139365911483765e-02 6.306236237287521362e-02 2.064251518249511719e+01
2.200330942869186401e-01 2.747457981109619141e+00 4.299229049682617188e+01 4.921031188964843750e+01 1.535888576507568359e+01 3.657348871231079102e+00 8.777469635009765625e+00 4.293260192871093750e+01 2.138064950704574585e-01 8.930822372436523438e+00 1.315946578979492188e-01 6.223922222852706909e-02 2.064251518249511719e+01
2.262930423021316528e-01 2.642437696456909180e+00 4.188068389892578125e+01 4.881121063232421875e+01 1.573636245727539062e+01 5.459322929382324219e-01 8.466275215148925781e+00 4.210165786743164062e+01 1.458334624767303467e-01 8.648224830627441406e+00 1.092199981212615967e-01 -7.542130071669816971e-03 2.064251518249511719e+01
2.325985133647918701e-01 2.554920434951782227e+00 4.246704864501953125e+01 4.857664489746093750e+01 1.432670021057128906e+01 3.623930692672729492e+00 8.361248016357421875e+00 4.210240936279296875e+01 -2.946867235004901886e-02 8.447518348693847656e+00 6.207207590341567993e-02 4.315777122974395752e-02 2.064251518249511719e+01
2.388891130685806274e-01 2.383107900619506836e+00 4.036270904541015625e+01 4.639174270629882812e+01 1.364290046691894531e+01 7.174906730651855469e-01 7.783694267272949219e+00 3.989838409423828125e+01 -5.581561848521232605e-02 7.838219165802001953e+00 7.440364360809326172e-02 7.041359785944223404e-03 2.064251518249511719e+01
2.451218813657760620e-01 2.313678979873657227e+00 3.990169525146484375e+01 4.673244857788085938e+01 1.528237056732177734e+01 1.656521081924438477e+00 7.595424175262451172e+00 3.972589492797851562e+01 5.524986237287521362e-02 7.703589916229248047e+00 3.243534639477729797e-02 1.027636136859655380e-02 2.064251518249511719e+01
2.513737380504608154e-01 2.215033292770385742e+00 3.912371444702148438e+01 4.430061340332031250e+01 9.930962562561035156e+00 2.804915189743041992e+00 7.353945732116699219e+00 3.800624465942382812e+01 -7.107847332954406738e-01 7.329257488250732422e+00 -5.480860173702239990e-02 6.441241502761840820e-02 2.064251518249511719e+01
2.577070593833923340e-01 2.189961194992065430e+00 3.858255004882812500e+01 4.422080993652343750e+01 1.317144298553466797e+01 2.710244655609130859e+00 7.219637870788574219e+00 3.755546188354492188e+01 -2.992781400680541992e-01 7.213026046752929688e+00 2.586733363568782806e-02 4.862597212195396423e-02 2.064251518249511719e+01
2.640204429626464844e-01 2.114336490631103516e+00 3.852571105957031250e+01 4.356158447265625000e+01 1.140490436553955078e+01 3.413287162780761719e+00 7.083188056945800781e+00 3.714992523193359375e+01 -4.631384015083312988e-01 6.951046466827392578e+00 -6.422900408506393433e-02 6.267613917589187622e-02 2.064251518249511719e+01
2.702898085117340088e-01 2.009457111358642578e+00 3.729037475585937500e+01 4.246900558471679688e+01 1.249658012390136719e+01 3.750730991363525391e+00 6.751286983489990234e+00 3.587107086181640625e+01 -4.758291840553283691e-01 6.602530479431152344e+00 -4.205509647727012634e-02 3.198910132050514221e-02 2.064251518249511719e+01
2.765615284442901611e-01 1.947924971580505371e+00 3.653754043579101562e+01 4.176052856445312500e+01 1.127806854248046875e+01 1.989354610443115234e+00 6.496840953826904297e+00 3.499885940551757812e+01 -7.226887345314025879e-01 6.364704132080078125e+00 -8.988823741674423218e-02 1.319616753607988358e-02 2.064251518249511719e+01
2.828698754310607910e-01 1.885595083236694336e+00 3.608321380615234375e+01 4.107278442382812500e+01 1.104942131042480469e+01 2.007807731628417969e+00 6.365593433380126953e+00 3.433804321289062500e+01 -6.375159025192260742e-01 6.181992053985595703e+00 -6.260187178850173950e-02 2.940035611391067505e-02 2.064251518249511719e+01
2.891486585140228271e-01 1.822224140167236328e+00 3.536375427246093750e+01 3.977268218994140625e+01 9.026994705200195312e+00 3.606100082397460938e+00 6.157809257507324219e+00 3.318150329589843750e+01 -1.015708684921264648e+00 5.893310070037841797e+00 -1.053052693605422974e-01 4.210869595408439636e-02 2.064251518249511719e+01
2.953523397445678711e-01 1.778435468673706055e+00 3.501824188232421875e+01 3.956436920166015625e+01 1.012002182006835938e+01 7.049726247787475586e-01 6.024929523468017578e+00 3.284487533569335938e+01 -7.795506715774536133e-01 5.780369281768798828e+00 -8.139494806528091431e-02 1.368255447596311569e-02 2.064251518249511719e+01
3.016075491905212402e-01 1.741327762603759766e+00 3.482810211181640625e+01 3.895764923095703125e+01 8.042671203613281250e+00 3.149506807327270508e+00 5.925933837890625000e+00 3.233605194091796875e+01 -1.178178071975708008e+00 5.622691631317138672e+00 -1.429792642593383789e-01 5.356556922197341919e-02 2.064251518249511719e+01
3.079382479190826416e-01 1.687071800231933594e+00 3.429117202758789062e+01 3.876012039184570312e+01 1.004493045806884766e+01 4.768953800201416016e+00 5.765486240386962891e+00 3.188556671142578125e+01 -9.466514587402343750e-01 5.472037792205810547e+00 -1.109877228736877441e-01 8.918623626232147217e-02 2.064251518249511719e+01
3.142760396003723145e-01 1.635820031166076660e+00 3.403853225708007812e+01 3.828401565551757812e+01 1.034925365447998047e+01 2.543080091476440430e+00 5.598579883575439453e+00 3.141375350952148438e+01 -8.746546506881713867e-01 5.288487434387207031e+00 -8.611593395471572876e-02 4.995215684175491333e-02 2.064251518249511719e+01
3.205462992191314697e-01 1.598629832267761230e+00 3.352591705322265625e+01 3.790565490722656250e+01 1.052192306518554688e+01 4.682178497314453125e+00 5.488351345062255859e+00 3.076426506042480469e+01 -9.527741670608520508e-01 5.154227733612060547e+00 -1.091371774673461914e-01 5.503075197339057922e-02 2.064251518249511719e+01
3.268128037452697754e-01 1.556444883346557617e+00 3.350739288330078125e+01 3.738921737670898438e+01 9.174238204956054688e+00 4.214762210845947266e+00 5.363366603851318359e+00 3.042028999328613281e+01 -1.069929122924804688e+00 5.000035762786865234e+00 -1.271450817584991455e-01 9.072286635637283325e-02 2.064251518249511719e+01
3.331238031387329102e-01 1.534165143966674805e+00 3.338906860351562500e+01 3.718591308593750000e+01 9.507095336914062500e+00 4.458446502685546875e+00 5.323004722595214844e+00 3.014618492126464844e+01 -1.058491110801696777e+00 4.890254020690917969e+00 -1.743800491094589233e-01 7.555769383907318115e-02 2.064251518249511719e+01
3.394046723842620850e-01 1.496119618415832520e+00 3.262843322753906250e+01 3.608690643310546875e+01 9.138483047485351562e+00 4.877981185913085938e+00 5.156644344329833984e+00 2.911633110046386719e+01 -1.144029974937438965e+00 4.722955226898193359e+00 -1.234744936227798462e-01 7.680169492959976196e-02 2.064251518249511719e+01
3.456391692161560059e-01 1.486516237258911133e+00 3.244858551025390625e+01 3.628511810302734375e+01 9.120275497436523438e+00 3.580322027206420898e+00 5.111026287078857422e+00 2.895952033996582031e+01 -1.265005230903625488e+00 4.671458721160888672e+00 -1.802971363067626953e-01 5.638442933559417725e-02 2.064251518249511719e+01
3.518808186054229736e-01 1.453426599502563477e+00 3.200173568725585938e+01 3.559883117675781250e+01 7.667258262634277344e+00 5.440222263336181641e+00 4.994096755981445312e+00 2.825008773803710938e+01 -1.518055081367492676e+00 4.505078315734863281e+00 -2.051101624965667725e-01 1.051284819841384888e-01 2.064251518249511719e+01
3.582032322883605957e-01 1.441074252128601074e+00 3.239612579345703125e+01 3.539283752441406250e+01 7.558253765106201172e+00 5.908946037292480469e+00 4.988202571868896484e+00 2.832031822204589844e+01 -1.487561941146850586e+00 4.463214397430419922e+00 -1.992839425802230835e-01 8.424848318099975586e-02 2.064251518249511719e+01
3.645117878913879395e-01 1.409241557121276855e+00 3.194983863830566406e+01 3.530768585205078125e+01 7.881959438323974609e+00 4.913126945495605469e+00 4.855826377868652344e+00 2.778291893005371094e+01 -1.527091860771179199e+00 4.317489624023437500e+00 -1.836093962192535400e-01 8.517915010452270508e-02 2.064251518249511719e+01
3.707640767097473145e-01 1.404030919075012207e+00 3.201075363159179688e+01 3.532057571411132812e+01 8.134523391723632812e+00 6.995646476745605469e+00 4.856371879577636719e+00 2.761343002319335938e+01 -1.672992825508117676e+00 4.280807971954345703e+00 -2.261677682399749756e-01 9.708496183156967163e-02 2.064251518249511719e+01
3.770540952682495117e-01 1.415181159973144531e+00 3.211833953857421875e+01 3.570123672485351562e+01 8.319954872131347656e+00 8.702079772949218750e+00 4.857793331146240234e+00 2.764805603027343750e+01 -1.790675163269042969e+00 4.288820743560791016e+00 -2.363555133342742920e-01 1.289293915033340454e-01 2.064251518249511719e+01
3.833588361740112305e-01 1.412590503692626953e+00 3.297728729248046875e+01 3.594414520263671875e+01 7.711738109588623047e+00 1.124198722839355469e+01 4.941679000854492188e+00 2.808472061157226562e+01 -1.862016558647155762e+00 4.297881126403808594e+00 -2.421537190675735474e-01 1.599674671888351440e-01 2.064251518249511719e+01
3.896513879299163818e-01 1.399958968162536621e+00 3.314408493041992188e+01 3.657217407226562500e+01 8.276037216186523438e+00 1.322201251983642578e+01 4.891513347625732422e+00 2.819983482360839844e+01 -2.003090143203735352e+00 4.237839698791503906e+00 -2.669500410556793213e-01 1.687132418155670166e-01 2.064251518249511719e+01
3.958770036697387695e-01 1.404626846313476562e+00 3.346256637573242188e+01 3.696085739135742188e+01 8.352611541748046875e+00 1.615578651428222656e+01 4.897759914398193359e+00 2.819570350646972656e+01 -2.166460990905761719e+00 4.217628002166748047e+00 -2.909134626388549805e-01 2.069555968046188354e-01 2.064251518249511719e+01
4.021010994911193848e-01 1.429077982902526855e+00 3.497066879272460938e+01 3.823723983764648438e+01 6.791314601898193359e+00 1.641695022583007812e+01 5.083588123321533203e+00 2.920371246337890625e+01 -2.611817359924316406e+00 4.321894645690917969e+00 -3.450698256492614746e-01 2.111251950263977051e-01 2.064251518249511719e+01
