# k, P_{cc}, P_{hh,r}, P_{hh,0}, P_{hh,2}, P_{hh,4}, P_{hc,r}, P_{hc,0}, P_{hc,2}, P_{hc,4}, P_pSN
#  Realization 94
8.018244989216327667e-03 2.264735221862792969e+01 2.057768859863281250e+02 2.236995391845703125e+02 -2.475295562744140625e+02 2.586300964355468750e+02 6.443296813964843750e+01 2.139761047363281250e+02 -5.267356109619140625e+01 6.757221221923828125e+01 -1.707172966003417969e+01 1.052796745300292969e+01 2.061844444274902344e+01
1.401655934751033783e-02 3.756062698364257812e+01 3.180864562988281250e+02 3.872933044433593750e+02 1.958151702880859375e+02 -8.052568817138671875e+01 1.070969543457031250e+02 3.498363647460937500e+02 2.290414428710937500e+01 1.178966140747070312e+02 6.310051441192626953e+00 -8.241003155708312988e-01 2.061844444274902344e+01
1.969251595437526703e-02 4.108558654785156250e+01 3.561979980468750000e+02 4.275545349121093750e+02 1.112104339599609375e+02 3.232470092773437500e+02 1.186516418457031250e+02 3.887041015625000000e+02 3.244575023651123047e+00 1.299553527832031250e+02 1.878226757049560547e+00 1.042033004760742188e+01 2.061844444274902344e+01
2.551339380443096161e-02 3.017709732055664062e+01 2.333725585937500000e+02 2.829094543457031250e+02 5.714321136474609375e+01 -1.316481018066406250e+02 8.114256286621093750e+01 2.560289611816406250e+02 1.736476778984069824e+00 8.954354858398437500e+01 1.053755164146423340e+00 -4.123964786529541016e+00 2.061844444274902344e+01
3.202908113598823547e-02 2.603419876098632812e+01 2.238854217529296875e+02 2.681794128417968750e+02 7.005506896972656250e+01 -1.105673751831054688e+02 7.424707031250000000e+01 2.441684265136718750e+02 4.926898002624511719e+00 8.139623260498046875e+01 1.963563203811645508e+00 -3.117191076278686523e+00 2.061844444274902344e+01
3.846523538231849670e-02 2.441343498229980469e+01 2.071948852539062500e+02 2.494897308349609375e+02 9.735162353515625000e+01 3.732775878906250000e+01 6.854566955566406250e+01 2.264145202636718750e+02 9.262820243835449219e+00 7.538399505615234375e+01 3.670560121536254883e+00 7.810181975364685059e-01 2.061844444274902344e+01
4.443310573697090149e-02 2.344533920288085938e+01 1.959661560058593750e+02 2.364615020751953125e+02 1.137313919067382812e+02 5.823301696777343750e+01 6.518653869628906250e+01 2.142620544433593750e+02 1.222650432586669922e+01 7.157961273193359375e+01 3.867473602294921875e+00 1.468595266342163086e+00 2.061844444274902344e+01
5.042308941483497620e-02 1.794426536560058594e+01 1.596444854736328125e+02 1.946047668457031250e+02 8.227429962158203125e+01 -4.119541931152343750e+01 5.086732482910156250e+01 1.752989044189453125e+02 8.289162635803222656e+00 5.629742431640625000e+01 2.873949766159057617e+00 -1.643765807151794434e+00 2.061844444274902344e+01
5.690929666161537170e-02 1.731846809387207031e+01 1.550592956542968750e+02 1.850947418212890625e+02 7.498173522949218750e+01 -2.030986547470092773e+00 4.910469055175781250e+01 1.685402374267578125e+02 8.087795257568359375e+00 5.367069625854492188e+01 2.260375261306762695e+00 -1.645521968603134155e-01 2.061844444274902344e+01
6.341847032308578491e-02 1.464413738250732422e+01 1.325363464355468750e+02 1.595360260009765625e+02 6.331471252441406250e+01 -6.515245437622070312e+00 4.141641235351562500e+01 1.444304046630859375e+02 6.231994628906250000e+00 4.557501220703125000e+01 2.464552164077758789e+00 -4.476900994777679443e-01 2.061844444274902344e+01
6.949992477893829346e-02 1.513257217407226562e+01 1.422908782958984375e+02 1.675292816162109375e+02 5.437195968627929688e+01 3.183998680114746094e+01 4.374153518676757812e+01 1.533445129394531250e+02 4.486510276794433594e+00 4.747513198852539062e+01 1.328510880470275879e+00 6.391794085502624512e-01 2.061844444274902344e+01
7.558133453130722046e-02 1.427497863769531250e+01 1.319132995605468750e+02 1.570789642333984375e+02 5.603885269165039062e+01 -4.399106979370117188e+01 4.085542678833007812e+01 1.428902282714843750e+02 5.425238132476806641e+00 4.447388458251953125e+01 1.628684401512145996e+00 -1.449281454086303711e+00 2.061844444274902344e+01
8.196274191141128540e-02 1.186960029602050781e+01 1.083121795654296875e+02 1.293195343017578125e+02 4.920083236694335938e+01 4.238151550292968750e+00 3.314274978637695312e+01 1.171635055541992188e+02 4.487008571624755859e+00 3.612614822387695312e+01 1.444130659103393555e+00 -5.867951735854148865e-02 2.061844444274902344e+01
8.830232173204421997e-02 1.054243087768554688e+01 1.029493026733398438e+02 1.220194091796875000e+02 4.098906326293945312e+01 1.831884574890136719e+01 3.032564544677734375e+01 1.108907394409179688e+02 3.220410108566284180e+00 3.286322021484375000e+01 7.564758062362670898e-01 4.623678028583526611e-01 2.061844444274902344e+01
9.435217082500457764e-02 8.964534759521484375e+00 8.932495117187500000e+01 1.058514633178710938e+02 3.909138488769531250e+01 -6.218095302581787109e+00 2.569949722290039062e+01 9.599442291259765625e+01 3.579893112182617188e+00 2.788774871826171875e+01 1.037714958190917969e+00 -2.930435538291931152e-01 2.061844444274902344e+01
1.005600690841674805e-01 8.758466720581054688e+00 8.914596557617187500e+01 1.063012847900390625e+02 3.508956527709960938e+01 2.297519445419311523e+00 2.535849952697753906e+01 9.597467041015625000e+01 2.463116884231567383e+00 2.758441162109375000e+01 8.890730142593383789e-01 7.386295497417449951e-02 2.061844444274902344e+01
1.070138886570930481e-01 7.745623588562011719e+00 8.168497467041015625e+01 9.628696441650390625e+01 2.878581809997558594e+01 8.181723594665527344e+00 2.258710479736328125e+01 8.733507537841796875e+01 1.820479750633239746e+00 2.438187980651855469e+01 4.439902901649475098e-01 1.110639497637748718e-01 2.061844444274902344e+01
1.134273484349250793e-01 7.430130481719970703e+00 8.111412048339843750e+01 9.492045593261718750e+01 3.116119956970214844e+01 7.279043197631835938e+00 2.192313957214355469e+01 8.624365234375000000e+01 2.528324604034423828e+00 2.356872558593750000e+01 6.637352108955383301e-01 4.417108744382858276e-02 2.061844444274902344e+01
1.196089535951614380e-01 6.734259605407714844e+00 7.314865875244140625e+01 8.508074188232421875e+01 1.826563644409179688e+01 2.499107360839843750e+00 1.966511535644531250e+01 7.729016113281250000e+01 2.869150936603546143e-01 2.097959709167480469e+01 9.510867297649383545e-03 -3.071059659123420715e-02 2.061844444274902344e+01
1.257804334163665771e-01 6.665582656860351562e+00 7.363867187500000000e+01 8.637521362304687500e+01 2.025627136230468750e+01 -9.559139251708984375e+00 1.965131950378417969e+01 7.807882690429687500e+01 5.722547173500061035e-01 2.102101707458496094e+01 2.620840370655059814e-01 -3.459405899047851562e-01 2.061844444274902344e+01
1.321490257978439331e-01 6.178739070892333984e+00 7.067269134521484375e+01 8.190271759033203125e+01 2.094395446777343750e+01 3.350350856781005859e+00 1.838570976257324219e+01 7.438835906982421875e+01 9.224846959114074707e-01 1.952223014831542969e+01 2.722746133804321289e-01 1.259834915399551392e-01 2.061844444274902344e+01
1.384563297033309937e-01 5.614359855651855469e+00 6.603086090087890625e+01 7.748550415039062500e+01 2.595864677429199219e+01 6.262336254119873047e+00 1.677242660522460938e+01 6.962642669677734375e+01 1.779424071311950684e+00 1.788877487182617188e+01 5.242119431495666504e-01 1.016011238098144531e-01 2.061844444274902344e+01
1.446497291326522827e-01 5.365652084350585938e+00 6.444384002685546875e+01 7.474774169921875000e+01 2.549491310119628906e+01 -4.036409854888916016e+00 1.614297103881835938e+01 6.746805572509765625e+01 1.998303532600402832e+00 1.706472015380859375e+01 5.624328851699829102e-01 -1.656653583049774170e-01 2.061844444274902344e+01
1.508535146713256836e-01 4.817131519317626953e+00 5.950083541870117188e+01 6.940581512451171875e+01 1.620269775390625000e+01 3.911427259445190430e+00 1.460656642913818359e+01 6.228218078613281250e+01 1.734927743673324585e-01 1.548466587066650391e+01 7.383497804403305054e-02 5.506521835923194885e-02 2.061844444274902344e+01
1.571729034185409546e-01 4.519851207733154297e+00 5.682703018188476562e+01 6.588928985595703125e+01 1.493747997283935547e+01 2.117351770401000977e+00 1.367959976196289062e+01 5.905453872680664062e+01 3.720058128237724304e-02 1.442744445800781250e+01 8.483346551656723022e-02 1.943335309624671936e-02 2.061844444274902344e+01
1.635417938232421875e-01 4.241013526916503906e+00 5.607663726806640625e+01 6.516693115234375000e+01 1.926600837707519531e+01 3.102749586105346680e+00 1.308179664611816406e+01 5.831706619262695312e+01 8.518936634063720703e-01 1.377350711822509766e+01 2.485761493444442749e-01 2.896954491734504700e-02 2.061844444274902344e+01
1.698256134986877441e-01 4.022650241851806641e+00 5.387608337402343750e+01 6.259398651123046875e+01 1.826519393920898438e+01 -1.937752127647399902e+00 1.248330116271972656e+01 5.579613876342773438e+01 7.938891053199768066e-01 1.310945606231689453e+01 2.749574184417724609e-01 -5.559246987104415894e-02 2.061844444274902344e+01
1.761013567447662354e-01 3.849443912506103516e+00 5.245552825927734375e+01 6.019104385375976562e+01 1.552287483215332031e+01 -1.219350814819335938e+00 1.201036834716796875e+01 5.387815093994140625e+01 3.550711274147033691e-01 1.254300308227539062e+01 1.811276823282241821e-01 -4.499558731913566589e-02 2.061844444274902344e+01
1.823998540639877319e-01 3.564381599426269531e+00 5.086748123168945312e+01 5.884293365478515625e+01 1.882210540771484375e+01 7.714722156524658203e+00 1.124217891693115234e+01 5.218531417846679688e+01 7.200697064399719238e-01 1.167466259002685547e+01 1.563385576009750366e-01 7.926195114850997925e-02 2.061844444274902344e+01
1.886507123708724976e-01 3.459590911865234375e+00 4.884698486328125000e+01 5.681655120849609375e+01 2.027519798278808594e+01 8.385809898376464844e+00 1.084477043151855469e+01 5.007460403442382812e+01 8.456686139106750488e-01 1.130768489837646484e+01 3.035638332366943359e-01 9.698986262083053589e-02 2.061844444274902344e+01
1.949081569910049438e-01 3.398862838745117188e+00 4.911804962158203125e+01 5.660554504394531250e+01 1.799589157104492188e+01 5.178981781005859375e+00 1.075401687622070312e+01 5.003868865966796875e+01 7.806734442710876465e-01 1.109127521514892578e+01 2.268821299076080322e-01 5.250493064522743225e-02 2.061844444274902344e+01
2.011425346136093140e-01 3.248859882354736328e+00 4.762567520141601562e+01 5.459324645996093750e+01 1.426393604278564453e+01 -1.865748763084411621e+00 1.034685230255126953e+01 4.827151870727539062e+01 2.142368853092193604e-01 1.061107921600341797e+01 8.829981088638305664e-02 -4.567126557230949402e-02 2.061844444274902344e+01
2.073954045772552490e-01 3.080392837524414062e+00 4.667224502563476562e+01 5.328333282470703125e+01 1.482139110565185547e+01 2.517975568771362305e-01 9.904297828674316406e+00 4.703677368164062500e+01 2.524612545967102051e-01 1.011022758483886719e+01 7.667923718690872192e-02 8.088888600468635559e-03 2.061844444274902344e+01
2.137389332056045532e-01 2.872668266296386719e+00 4.468353652954101562e+01 5.128030395507812500e+01 1.469023513793945312e+01 3.035407543182373047e+00 9.226072311401367188e+00 4.486402511596679688e+01 1.463676989078521729e-01 9.397050857543945312e+00 5.690008029341697693e-02 6.215178221464157104e-02 2.061844444274902344e+01
2.200330942869186401e-01 2.769880056381225586e+00 4.401374816894531250e+01 5.042749786376953125e+01 1.231172275543212891e+01 2.772712707519531250e+00 8.975537300109863281e+00 4.395186614990234375e+01 -3.348772227764129639e-01 9.101330757141113281e+00 8.107587695121765137e-03 4.282697662711143494e-02 2.061844444274902344e+01
2.262930423021316528e-01 2.636855840682983398e+00 4.230633163452148438e+01 4.856202697753906250e+01 1.109012889862060547e+01 -2.605702400207519531e+00 8.496037483215332031e+00 4.223631286621093750e+01 -3.921949267387390137e-01 8.594839096069335938e+00 -4.206667188555002213e-03 -7.990079931914806366e-03 2.061844444274902344e+01
2.325985133647918701e-01 2.524968147277832031e+00 4.168407440185546875e+01 4.789774703979492188e+01 1.487333965301513672e+01 4.948414802551269531e+00 8.227242469787597656e+00 4.147822189331054688e+01 1.085010021924972534e-01 8.346407890319824219e+00 7.307889312505722046e-02 5.826264992356300354e-02 2.061844444274902344e+01
2.388891130685806274e-01 2.401552438735961914e+00 4.072646331787109375e+01 4.689821624755859375e+01 1.268963813781738281e+01 -1.215344518423080444e-01 7.871381282806396484e+00 4.033747100830078125e+01 -2.557679712772369385e-01 7.922307491302490234e+00 -1.676343381404876709e-02 -5.226687714457511902e-02 2.061844444274902344e+01
2.451218813657760620e-01 2.353059530258178711e+00 4.029332733154296875e+01 4.619925308227539062e+01 1.405889034271240234e+01 4.946652889251708984e+00 7.767650127410888672e+00 3.966869354248046875e+01 -4.541515186429023743e-02 7.778501510620117188e+00 3.082772530615329742e-02 8.924612402915954590e-02 2.061844444274902344e+01
2.513737380504608154e-01 2.298538684844970703e+00 3.986878585815429688e+01 4.535475540161132812e+01 1.108506679534912109e+01 -9.046095013618469238e-01 7.588480472564697266e+00 3.888488388061523438e+01 -4.568076133728027344e-01 7.536701202392578125e+00 -3.207501396536827087e-02 1.113723404705524445e-02 2.061844444274902344e+01
2.577070593833923340e-01 2.183942794799804688e+00 3.947234725952148438e+01 4.489739227294921875e+01 1.145722293853759766e+01 1.849313139915466309e+00 7.329673290252685547e+00 3.831794357299804688e+01 -5.610389709472656250e-01 7.250089168548583984e+00 -2.967047691345214844e-02 5.611735396087169647e-03 2.061844444274902344e+01
2.640204429626464844e-01 2.107191801071166992e+00 3.855230331420898438e+01 4.351133728027343750e+01 1.008468151092529297e+01 7.073233127593994141e-01 7.052241325378417969e+00 3.711041259765625000e+01 -6.414122581481933594e-01 6.923501968383789062e+00 -6.729978322982788086e-02 2.046381123363971710e-02 2.061844444274902344e+01
2.702898085117340088e-01 2.037828922271728516e+00 3.816260910034179688e+01 4.316340255737304688e+01 1.067758846282958984e+01 3.306893825531005859e+00 6.893605232238769531e+00 3.664978027343750000e+01 -6.924235224723815918e-01 6.758054733276367188e+00 -6.323493272066116333e-02 3.569837287068367004e-02 2.061844444274902344e+01
2.765615284442901611e-01 1.950763463973999023e+00 3.714435577392578125e+01 4.203327178955078125e+01 1.012148857116699219e+01 1.736986756324768066e+00 6.623027324676513672e+00 3.553796386718750000e+01 -7.175769209861755371e-01 6.474086284637451172e+00 -7.899812608957290649e-02 1.889113709330558777e-02 2.061844444274902344e+01
2.828698754310607910e-01 1.908345580101013184e+00 3.664161300659179688e+01 4.146506500244140625e+01 1.152817058563232422e+01 3.758510589599609375e+00 6.473228931427001953e+00 3.481574630737304688e+01 -6.031983494758605957e-01 6.274732589721679688e+00 -5.628569424152374268e-02 7.184735685586929321e-02 2.061844444274902344e+01
2.891486585140228271e-01 1.788785457611083984e+00 3.534335708618164062e+01 4.010552597045898438e+01 9.529185295104980469e+00 2.291985750198364258e+00 6.052330970764160156e+00 3.354870605468750000e+01 -7.812089323997497559e-01 5.861000061035156250e+00 -1.038474813103675842e-01 2.307691238820552826e-02 2.061844444274902344e+01
2.953523397445678711e-01 1.763539195060729980e+00 3.557216644287109375e+01 4.003743362426757812e+01 1.037335872650146484e+01 2.540676832199096680e+00 6.071543693542480469e+00 3.347964859008789062e+01 -6.938250064849853516e-01 5.822516918182373047e+00 -9.140428900718688965e-02 4.012119770050048828e-02 2.061844444274902344e+01
3.016075491905212402e-01 1.730377078056335449e+00 3.553206253051757812e+01 3.992176055908203125e+01 9.547993659973144531e+00 3.357661247253417969e+00 5.971758365631103516e+00 3.324929809570312500e+01 -9.711722135543823242e-01 5.695323944091796875e+00 -1.129717230796813965e-01 3.578802943229675293e-02 2.061844444274902344e+01
3.079382479190826416e-01 1.668584942817687988e+00 3.416846084594726562e+01 3.849787902832031250e+01 9.310317993164062500e+00 3.765439510345458984e+00 5.673249721527099609e+00 3.160897254943847656e+01 -1.033022761344909668e+00 5.391673564910888672e+00 -1.098022982478141785e-01 5.506600439548492432e-02 2.061844444274902344e+01
3.142760396003723145e-01 1.627844095230102539e+00 3.420746994018554688e+01 3.857235717773437500e+01 8.880773544311523438e+00 2.856825828552246094e+00 5.627037048339843750e+00 3.164690780639648438e+01 -1.106581687927246094e+00 5.297012329101562500e+00 -1.246606782078742981e-01 6.914138048887252808e-02 2.061844444274902344e+01
3.205462992191314697e-01 1.592189192771911621e+00 3.317681121826171875e+01 3.678022003173828125e+01 8.296618461608886719e+00 2.961326360702514648e+00 5.422896385192871094e+00 3.027382469177246094e+01 -1.080586075782775879e+00 5.063745498657226562e+00 -1.568521410226821899e-01 4.111622273921966553e-02 2.061844444274902344e+01
3.268128037452697754e-01 1.574599623680114746e+00 3.364916992187500000e+01 3.741551208496093750e+01 8.053183555603027344e+00 3.335448265075683594e+00 5.430257320404052734e+00 3.052670478820800781e+01 -1.292957663536071777e+00 5.054271221160888672e+00 -1.717357784509658813e-01 6.059949472546577454e-02 2.061844444274902344e+01
3.331238031387329102e-01 1.530531883239746094e+00 3.321172332763671875e+01 3.700876235961914062e+01 9.032691001892089844e+00 5.028500556945800781e+00 5.318538665771484375e+00 2.984875679016113281e+01 -1.251496076583862305e+00 4.866370201110839844e+00 -1.681225150823593140e-01 7.655159384012222290e-02 2.061844444274902344e+01
3.394046723842620850e-01 1.500255703926086426e+00 3.280698776245117188e+01 3.659160614013671875e+01 8.540500640869140625e+00 4.165169715881347656e+00 5.205364227294921875e+00 2.949542427062988281e+01 -1.233458757400512695e+00 4.788737773895263672e+00 -1.814626157283782959e-01 8.379790931940078735e-02 2.061844444274902344e+01
3.456391692161560059e-01 1.461692690849304199e+00 3.257447814941406250e+01 3.613863372802734375e+01 7.402821540832519531e+00 3.694000244140625000e+00 5.076626300811767578e+00 2.891142082214355469e+01 -1.546884655952453613e+00 4.597222328186035156e+00 -2.327006906270980835e-01 6.451688706874847412e-02 2.061844444274902344e+01
3.518808186054229736e-01 1.447046160697937012e+00 3.218701934814453125e+01 3.584402847290039062e+01 7.895492553710937500e+00 4.077383518218994141e+00 4.994919300079345703e+00 2.849479293823242188e+01 -1.445253610610961914e+00 4.530460834503173828e+00 -2.110353559255599976e-01 7.298906892538070679e-02 2.061844444274902344e+01
3.582032322883605957e-01 1.412927746772766113e+00 3.217325592041015625e+01 3.564435958862304688e+01 6.970070838928222656e+00 2.770647525787353516e+00 4.913619995117187500e+00 2.818780708312988281e+01 -1.588224887847900391e+00 4.416947841644287109e+00 -2.305919677019119263e-01 6.254794448614120483e-02 2.061844444274902344e+01
3.645117878913879395e-01 1.407174825668334961e+00 3.244748687744140625e+01 3.566740798950195312e+01 6.952415466308593750e+00 5.468602657318115234e+00 4.926702499389648438e+00 2.831331253051757812e+01 -1.700082063674926758e+00 4.377451896667480469e+00 -2.381503731012344360e-01 8.733194321393966675e-02 2.061844444274902344e+01
3.707640767097473145e-01 1.400172114372253418e+00 3.235818862915039062e+01 3.559915924072265625e+01 7.013796806335449219e+00 7.245250701904296875e+00 4.892409324645996094e+00 2.800784111022949219e+01 -1.820632576942443848e+00 4.313691616058349609e+00 -2.671983540058135986e-01 1.210315451025962830e-01 2.061844444274902344e+01
3.770540952682495117e-01 1.393120646476745605e+00 3.256635665893554688e+01 3.581892013549804688e+01 7.898921489715576172e+00 8.663278579711914062e+00 4.871582508087158203e+00 2.801240921020507812e+01 -1.699750065803527832e+00 4.285429477691650391e+00 -2.074854075908660889e-01 1.368974298238754272e-01 2.061844444274902344e+01
3.833588361740112305e-01 1.401256442070007324e+00 3.293815612792968750e+01 3.599641036987304688e+01 7.174099445343017578e+00 9.941568374633789062e+00 4.890509128570556641e+00 2.794466018676757812e+01 -2.020343542098999023e+00 4.230795860290527344e+00 -2.653354406356811523e-01 1.144900843501091003e-01 2.061844444274902344e+01
3.896513879299163818e-01 1.394145011901855469e+00 3.326463699340820312e+01 3.634902191162109375e+01 7.510790348052978516e+00 1.212398815155029297e+01 4.916964530944824219e+00 2.805284881591796875e+01 -2.060324907302856445e+00 4.234833240509033203e+00 -2.907198369503021240e-01 1.650728136301040649e-01 2.061844444274902344e+01
3.958770036697387695e-01 1.402979969978332520e+00 3.373828506469726562e+01 3.683036041259765625e+01 7.872975826263427734e+00 1.640287017822265625e+01 4.939479827880859375e+00 2.835779571533203125e+01 -2.155000209808349609e+00 4.226260662078857422e+00 -2.842611968517303467e-01 2.248695492744445801e-01 2.061844444274902344e+01
4.021010994911193848e-01 1.398339152336120605e+00 3.443511962890625000e+01 3.761112976074218750e+01 7.578030586242675781e+00 1.707168579101562500e+01 4.956809043884277344e+00 2.878827476501464844e+01 -2.395905494689941406e+00 4.216253757476806641e+00 -3.110510110855102539e-01 2.195694446563720703e-01 2.061844444274902344e+01
