# k, P_{cc}, P_{hh,r}, P_{hh,0}, P_{hh,2}, P_{hh,4}, P_{hc,r}, P_{hc,0}, P_{hc,2}, P_{hc,4}, P_pSN
#  Realization 81
8.018244989216327667e-03 3.185557937622070312e+01 2.847177124023437500e+02 3.449008178710937500e+02 1.644338989257812500e+02 3.340653686523437500e+02 9.340294647216796875e+01 3.122646179199218750e+02 1.679937934875488281e+01 1.027015914916992188e+02 4.374525070190429688e+00 6.843975067138671875e+00 2.064737701416015625e+01
1.401655934751033783e-02 3.601666641235351562e+01 2.859953002929687500e+02 3.548211364746093750e+02 2.265988159179687500e+02 -1.142953491210937500e+02 9.927689361572265625e+01 3.175503845214843750e+02 3.003903961181640625e+01 1.104630966186523438e+02 8.824157714843750000e+00 -5.990127563476562500e+00 2.064737701416015625e+01
1.969251595437526703e-02 3.547579193115234375e+01 2.792501525878906250e+02 3.367656555175781250e+02 9.579434967041015625e+01 1.817918090820312500e+02 9.671744537353515625e+01 3.053828430175781250e+02 4.181692123413085938e+00 1.064435272216796875e+02 2.515699863433837891e+00 5.570019721984863281e+00 2.064737701416015625e+01
2.551339380443096161e-02 3.544865417480468750e+01 2.906718750000000000e+02 3.453815612792968750e+02 4.369800567626953125e+01 7.933930206298828125e+01 9.893539428710937500e+01 3.156730651855468750e+02 -3.777694463729858398e+00 1.077789535522460938e+02 -1.732161760330200195e+00 2.684021949768066406e+00 2.064737701416015625e+01
3.202908113598823547e-02 3.196772766113281250e+01 2.738232727050781250e+02 3.330590820312500000e+02 1.345290679931640625e+02 -1.093552780151367188e+02 9.120498657226562500e+01 3.009476318359375000e+02 1.434765815734863281e+01 1.007032089233398438e+02 5.146317005157470703e+00 -4.305634021759033203e+00 2.064737701416015625e+01
3.846523538231849670e-02 2.418941307067871094e+01 2.028862304687500000e+02 2.449087677001953125e+02 1.039144058227539062e+02 -1.502036476135253906e+01 6.711273956298828125e+01 2.219443817138671875e+02 1.090328502655029297e+01 7.401492309570312500e+01 4.156679630279541016e+00 -8.546248674392700195e-01 2.064737701416015625e+01
4.443310573697090149e-02 2.226163673400878906e+01 1.918628692626953125e+02 2.342096099853515625e+02 1.194677276611328125e+02 -6.979583740234375000e+00 6.280693435668945312e+01 2.109953613281250000e+02 1.375380420684814453e+01 6.951419830322265625e+01 4.807398796081542969e+00 -3.346880078315734863e-01 2.064737701416015625e+01
5.042308941483497620e-02 1.792975807189941406e+01 1.565014801025390625e+02 1.863268585205078125e+02 6.400290679931640625e+01 1.146219253540039062e+01 5.033738708496093750e+01 1.697885894775390625e+02 5.502593517303466797e+00 5.504066085815429688e+01 1.825585603713989258e+00 4.176035523414611816e-02 2.064737701416015625e+01
5.690929666161537170e-02 1.750741577148437500e+01 1.615238647460937500e+02 1.932065734863281250e+02 6.948891448974609375e+01 -5.838104248046875000e+01 5.048690032958984375e+01 1.756573333740234375e+02 6.713274478912353516e+00 5.518933105468750000e+01 1.635895490646362305e+00 -1.576511859893798828e+00 2.064737701416015625e+01
6.341847032308578491e-02 1.613580703735351562e+01 1.448761901855468750e+02 1.704709930419921875e+02 3.356564331054687500e+01 4.214430999755859375e+01 4.556042861938476562e+01 1.561945648193359375e+02 7.668567299842834473e-01 4.945725631713867188e+01 4.537815749645233154e-01 1.290376067161560059e+00 2.064737701416015625e+01
6.949992477893829346e-02 1.372375106811523438e+01 1.286294097900390625e+02 1.514385223388671875e+02 2.838380622863769531e+01 -2.862541007995605469e+01 3.941294860839843750e+01 1.385321655273437500e+02 7.645455598831176758e-01 4.266352844238281250e+01 4.234018176794052124e-02 -8.331736326217651367e-01 2.064737701416015625e+01
7.558133453130722046e-02 1.322155475616455078e+01 1.219083709716796875e+02 1.452332916259765625e+02 5.865763473510742188e+01 -1.470387268066406250e+01 3.752806854248046875e+01 1.318783569335937500e+02 5.976013183593750000e+00 4.087611770629882812e+01 2.052321910858154297e+00 -6.927437782287597656e-01 2.064737701416015625e+01
8.196274191141128540e-02 1.219622421264648438e+01 1.151069488525390625e+02 1.366638793945312500e+02 4.362886810302734375e+01 2.724244117736816406e+01 3.481998443603515625e+01 1.241948471069335938e+02 3.141202211380004883e+00 3.782759475708007812e+01 1.159078478813171387e+00 6.203103661537170410e-01 2.064737701416015625e+01
8.830232173204421997e-02 1.050058841705322266e+01 1.044626007080078125e+02 1.235261077880859375e+02 4.030305862426757812e+01 1.591798305511474609e+01 3.052651596069335938e+01 1.122442398071289062e+02 3.031388521194458008e+00 3.308612060546875000e+01 9.413950443267822266e-01 3.496527373790740967e-01 2.064737701416015625e+01
9.435217082500457764e-02 1.006533050537109375e+01 9.847665405273437500e+01 1.174844360351562500e+02 3.117997360229492188e+01 3.134855031967163086e+00 2.890888214111328125e+01 1.061416320800781250e+02 1.392730593681335449e+00 3.140050506591796875e+01 3.700945675373077393e-01 6.965215504169464111e-02 2.064737701416015625e+01
1.005600690841674805e-01 8.392773628234863281e+00 8.491793060302734375e+01 9.978558349609375000e+01 2.656298255920410156e+01 -2.272578477859497070e+00 2.416077995300292969e+01 9.065903472900390625e+01 1.439553856849670410e+00 2.602530670166015625e+01 5.292286872863769531e-01 -2.485232800245285034e-01 2.064737701416015625e+01
1.070138886570930481e-01 7.633860588073730469e+00 7.978560638427734375e+01 9.462747192382812500e+01 3.183931541442871094e+01 2.178137153387069702e-01 2.219201660156250000e+01 8.541280364990234375e+01 2.347652435302734375e+00 2.392016983032226562e+01 6.306688189506530762e-01 -2.116934023797512054e-02 2.064737701416015625e+01
1.134273484349250793e-01 7.322781085968017578e+00 7.905784606933593750e+01 9.322826385498046875e+01 2.633095741271972656e+01 -7.378018856048583984e+00 2.146837425231933594e+01 8.424238586425781250e+01 1.563048839569091797e+00 2.312595939636230469e+01 4.407903850078582764e-01 -3.102721273899078369e-01 2.064737701416015625e+01
1.196089535951614380e-01 6.825829982757568359e+00 7.390896606445312500e+01 8.652331542968750000e+01 2.853104400634765625e+01 3.888239622116088867e+00 2.003356552124023438e+01 7.838433074951171875e+01 2.296276569366455078e+00 2.149327659606933594e+01 7.864688634872436523e-01 2.382798194885253906e-01 2.064737701416015625e+01
1.257804334163665771e-01 6.450564384460449219e+00 7.291313171386718750e+01 8.456382751464843750e+01 2.048748016357421875e+01 2.684835910797119141e+00 1.918776702880859375e+01 7.672511291503906250e+01 6.800850629806518555e-01 2.038175964355468750e+01 2.935014367103576660e-01 -3.203795850276947021e-02 2.064737701416015625e+01
1.321490257978439331e-01 6.170670032501220703e+00 7.088787841796875000e+01 8.224319458007812500e+01 2.365144920349121094e+01 -7.361425876617431641e+00 1.842517662048339844e+01 7.452310180664062500e+01 1.381621837615966797e+00 1.956785583496093750e+01 4.683794975280761719e-01 -2.444649785757064819e-01 2.064737701416015625e+01
1.384563297033309937e-01 5.760595798492431641e+00 6.805345916748046875e+01 7.905664062500000000e+01 2.158752441406250000e+01 7.298678398132324219e+00 1.740822029113769531e+01 7.134871673583984375e+01 8.740750551223754883e-01 1.844270324707031250e+01 3.573119342327117920e-01 1.401487141847610474e-01 2.064737701416015625e+01
1.446497291326522827e-01 5.238950729370117188e+00 6.155847549438476562e+01 7.125298309326171875e+01 1.753510093688964844e+01 -1.740326166152954102e+00 1.562075710296630859e+01 6.421883392333984375e+01 6.218817234039306641e-01 1.649505805969238281e+01 2.602153122425079346e-01 5.341048818081617355e-04 2.064737701416015625e+01
1.508535146713256836e-01 5.025057315826416016e+00 6.249707412719726562e+01 7.213298034667968750e+01 2.132382392883300781e+01 6.307901382446289062e+00 1.531536483764648438e+01 6.504985809326171875e+01 1.219059705734252930e+00 1.610889053344726562e+01 4.455884993076324463e-01 1.111050024628639221e-01 2.064737701416015625e+01
1.571729034185409546e-01 4.487050056457519531e+00 5.705241394042968750e+01 6.653167724609375000e+01 1.950076103210449219e+01 3.120303153991699219e+00 1.367947006225585938e+01 5.939313125610351562e+01 7.556302547454833984e-01 1.445672321319580078e+01 3.200439214706420898e-01 1.818780228495597839e-02 2.064737701416015625e+01
1.635417938232421875e-01 4.263675212860107422e+00 5.554263305664062500e+01 6.478166198730468750e+01 2.108479499816894531e+01 -6.926302313804626465e-01 1.313978290557861328e+01 5.772405242919921875e+01 1.117375969886779785e+00 1.386122131347656250e+01 4.588457047939300537e-01 2.482699789106845856e-02 2.064737701416015625e+01
1.698256134986877441e-01 3.946540355682373047e+00 5.275860595703125000e+01 6.147755050659179688e+01 1.829006004333496094e+01 6.528295516967773438e+00 1.215987205505371094e+01 5.458815002441406250e+01 5.947504043579101562e-01 1.277782630920410156e+01 2.013753801584243774e-01 1.337007731199264526e-01 2.064737701416015625e+01
1.761013567447662354e-01 3.786701440811157227e+00 5.164591217041015625e+01 6.008738327026367188e+01 1.859643554687500000e+01 -9.338203072547912598e-01 1.169896793365478516e+01 5.328860473632812500e+01 7.385236024856567383e-01 1.224898433685302734e+01 2.062071412801742554e-01 -9.632290899753570557e-02 2.064737701416015625e+01
1.823998540639877319e-01 3.621744632720947266e+00 5.140918350219726562e+01 5.989227676391601562e+01 1.829138183593750000e+01 5.390745401382446289e-01 1.140585041046142578e+01 5.291229629516601562e+01 6.155855059623718262e-01 1.191057872772216797e+01 1.572529226541519165e-01 -6.272968649864196777e-02 2.064737701416015625e+01
1.886507123708724976e-01 3.531398296356201172e+00 4.952481842041015625e+01 5.704049682617187500e+01 1.791026687622070312e+01 5.198742389678955078e+00 1.109822273254394531e+01 5.036669921875000000e+01 5.953909754753112793e-01 1.145967578887939453e+01 1.810139566659927368e-01 6.508410722017288208e-02 2.064737701416015625e+01
1.949081569910049438e-01 3.409720897674560547e+00 4.956409454345703125e+01 5.691784286499023438e+01 1.667975616455078125e+01 7.842711448669433594e+00 1.080044078826904297e+01 5.029407882690429688e+01 3.280941545963287354e-01 1.111749744415283203e+01 7.935933768749237061e-02 1.365930140018463135e-01 2.064737701416015625e+01
2.011425346136093140e-01 3.185603380203247070e+00 4.683168029785156250e+01 5.394060897827148438e+01 1.462990760803222656e+01 5.856849670410156250e+00 1.008475875854492188e+01 4.732696151733398438e+01 4.570619389414787292e-02 1.031618404388427734e+01 7.781885564327239990e-02 9.180478006601333618e-02 2.064737701416015625e+01
2.073954045772552490e-01 3.097421169281005859e+00 4.746322631835937500e+01 5.439588546752929688e+01 1.481856727600097656e+01 2.890198469161987305e+00 9.945027351379394531e+00 4.780544281005859375e+01 8.613947778940200806e-02 1.015100574493408203e+01 9.595789760351181030e-02 4.974529147148132324e-02 2.064737701416015625e+01
2.137389332056045532e-01 2.992052555084228516e+00 4.568836975097656250e+01 5.235995864868164062e+01 1.531938838958740234e+01 5.970332145690917969e+00 9.595831871032714844e+00 4.570384216308593750e+01 7.616311311721801758e-02 9.745317459106445312e+00 -2.070751413702964783e-02 6.605136394500732422e-02 2.064737701416015625e+01
2.200330942869186401e-01 2.763965368270874023e+00 4.354377746582031250e+01 5.027904129028320312e+01 1.534157752990722656e+01 7.037337779998779297e+00 8.925113677978515625e+00 4.358871078491210938e+01 1.397445648908615112e-01 9.097167968750000000e+00 1.124593243002891541e-01 1.441808640956878662e-01 2.064737701416015625e+01
2.262930423021316528e-01 2.635186910629272461e+00 4.233087539672851562e+01 4.876522827148437500e+01 1.460521411895751953e+01 7.098763585090637207e-01 8.498214721679687500e+00 4.205688095092773438e+01 -9.492245316505432129e-02 8.619812011718750000e+00 3.615581616759300232e-02 -8.347848430275917053e-03 2.064737701416015625e+01
2.325985133647918701e-01 2.545224666595458984e+00 4.212166213989257812e+01 4.749552154541015625e+01 1.336729812622070312e+01 4.878479480743408203e+00 8.316390991210937500e+00 4.136780166625976562e+01 -1.544238813221454620e-02 8.309521675109863281e+00 6.846930086612701416e-02 6.518314778804779053e-02 2.064737701416015625e+01
2.388891130685806274e-01 2.416710138320922852e+00 4.076489257812500000e+01 4.669534301757812500e+01 1.335758781433105469e+01 3.777975320816040039e+00 7.955167293548583984e+00 4.013631820678710938e+01 -1.658826768398284912e-01 7.965571403503417969e+00 -7.555457297712564468e-03 6.460586190223693848e-02 2.064737701416015625e+01
2.451218813657760620e-01 2.366870641708374023e+00 4.067718887329101562e+01 4.641732788085937500e+01 1.329372978210449219e+01 5.234450817108154297e+00 7.810501575469970703e+00 3.975963211059570312e+01 -3.383642733097076416e-01 7.789639472961425781e+00 6.272280588746070862e-03 9.315467625856399536e-02 2.064737701416015625e+01
2.513737380504608154e-01 2.259242534637451172e+00 3.999151229858398438e+01 4.564558792114257812e+01 1.251060295104980469e+01 1.701833963394165039e+00 7.555037975311279297e+00 3.891970443725585938e+01 -4.611617326736450195e-01 7.485115051269531250e+00 -4.211275279521942139e-02 -1.311843935400247574e-02 2.064737701416015625e+01
2.577070593833923340e-01 2.204480886459350586e+00 3.887253952026367188e+01 4.458369827270507812e+01 1.198655986785888672e+01 1.887449145317077637e+00 7.280971050262451172e+00 3.769658660888671875e+01 -5.325783491134643555e-01 7.204063892364501953e+00 -5.186269804835319519e-02 2.332515269517898560e-02 2.064737701416015625e+01
2.640204429626464844e-01 2.120797395706176758e+00 3.790591049194335938e+01 4.321891403198242188e+01 1.144132614135742188e+01 1.718062043190002441e+00 7.040435314178466797e+00 3.640739822387695312e+01 -6.109327077865600586e-01 6.893769741058349609e+00 -7.059447467327117920e-02 1.715774089097976685e-02 2.064737701416015625e+01
2.702898085117340088e-01 2.040668487548828125e+00 3.826655197143554688e+01 4.336630630493164062e+01 1.002366924285888672e+01 1.645329475402832031e+00 6.891775608062744141e+00 3.656460189819335938e+01 -8.734397292137145996e-01 6.728960990905761719e+00 -1.188798546791076660e-01 2.889267168939113617e-02 2.064737701416015625e+01
2.765615284442901611e-01 1.931283831596374512e+00 3.688612747192382812e+01 4.171582031250000000e+01 1.190764236450195312e+01 3.594558715820312500e+00 6.532359123229980469e+00 3.501261138916015625e+01 -5.639963150024414062e-01 6.356532573699951172e+00 -2.330773882567882538e-02 6.078752502799034119e-02 2.064737701416015625e+01
2.828698754310607910e-01 1.873842358589172363e+00 3.646206665039062500e+01 4.145007324218750000e+01 1.105059623718261719e+01 1.819040536880493164e+00 6.368885517120361328e+00 3.446564102172851562e+01 -7.904083728790283203e-01 6.146221160888671875e+00 -6.793184578418731689e-02 1.424744352698326111e-02 2.064737701416015625e+01
2.891486585140228271e-01 1.811792016029357910e+00 3.585717391967773438e+01 4.091398620605468750e+01 1.015103149414062500e+01 2.969264745712280273e+00 6.189473152160644531e+00 3.385411834716796875e+01 -9.146128296852111816e-01 5.962953090667724609e+00 -1.038074642419815063e-01 4.520943015813827515e-02 2.064737701416015625e+01
2.953523397445678711e-01 1.763715028762817383e+00 3.574633026123046875e+01 4.012434768676757812e+01 9.913671493530273438e+00 3.360337734222412109e+00 6.075333595275878906e+00 3.323748779296875000e+01 -9.499282240867614746e-01 5.768336296081542969e+00 -1.404984742403030396e-01 4.300477355718612671e-02 2.064737701416015625e+01
3.016075491905212402e-01 1.706556797027587891e+00 3.511000442504882812e+01 3.926848220825195312e+01 8.670312881469726562e+00 2.429282665252685547e+00 5.876487255096435547e+00 3.249348831176757812e+01 -1.046446323394775391e+00 5.563641071319580078e+00 -1.445136964321136475e-01 4.902751371264457703e-02 2.064737701416015625e+01
3.079382479190826416e-01 1.685126900672912598e+00 3.450986099243164062e+01 3.849959564208984375e+01 8.983397483825683594e+00 5.180509090423583984e+00 5.781983852386474609e+00 3.162161636352539062e+01 -1.032224059104919434e+00 5.416669845581054688e+00 -1.305891722440719604e-01 6.574612855911254883e-02 2.064737701416015625e+01
3.142760396003723145e-01 1.659577369689941406e+00 3.419591140747070312e+01 3.843982696533203125e+01 9.710814476013183594e+00 3.694428682327270508e+00 5.680476188659667969e+00 3.128970146179199219e+01 -1.064510107040405273e+00 5.346535205841064453e+00 -1.477343291044235229e-01 6.570518016815185547e-02 2.064737701416015625e+01
3.205462992191314697e-01 1.587046504020690918e+00 3.352312088012695312e+01 3.753824615478515625e+01 9.253489494323730469e+00 4.863246440887451172e+00 5.461045265197753906e+00 3.040317726135253906e+01 -1.119001507759094238e+00 5.065197467803955078e+00 -1.630335301160812378e-01 8.679415285587310791e-02 2.064737701416015625e+01
3.268128037452697754e-01 1.577630758285522461e+00 3.359328079223632812e+01 3.777060699462890625e+01 1.007005500793457031e+01 4.187414169311523438e+00 5.460588455200195312e+00 3.034208679199218750e+01 -1.172323226928710938e+00 5.043092727661132812e+00 -1.537938266992568970e-01 5.678359046578407288e-02 2.064737701416015625e+01
3.331238031387329102e-01 1.518603801727294922e+00 3.280119705200195312e+01 3.665844345092773438e+01 8.141935348510742188e+00 4.510844707489013672e+00 5.224758148193359375e+00 2.936779975891113281e+01 -1.430466175079345703e+00 4.789140701293945312e+00 -1.990827172994613647e-01 6.070820614695549011e-02 2.064737701416015625e+01
3.394046723842620850e-01 1.496931433677673340e+00 3.280060958862304688e+01 3.653000259399414062e+01 8.025351524353027344e+00 3.038831472396850586e+00 5.183238983154296875e+00 2.918962669372558594e+01 -1.390337944030761719e+00 4.718314170837402344e+00 -1.992724537849426270e-01 7.409749180078506470e-02 2.064737701416015625e+01
3.456391692161560059e-01 1.479979276657104492e+00 3.286571502685546875e+01 3.632735443115234375e+01 8.429651260375976562e+00 3.748413801193237305e+00 5.144993305206298828e+00 2.892277145385742188e+01 -1.375647664070129395e+00 4.639604091644287109e+00 -1.922418475151062012e-01 7.860496640205383301e-02 2.064737701416015625e+01
3.518808186054229736e-01 1.467823147773742676e+00 3.265888214111328125e+01 3.596403503417968750e+01 7.472528934478759766e+00 3.885896205902099609e+00 5.096737861633300781e+00 2.852610015869140625e+01 -1.647677659988403320e+00 4.568138122558593750e+00 -2.180514335632324219e-01 4.146713763475418091e-02 2.064737701416015625e+01
3.582032322883605957e-01 1.433932423591613770e+00 3.197436714172363281e+01 3.568416213989257812e+01 7.695294380187988281e+00 5.198541164398193359e+00 4.961386203765869141e+00 2.784333038330078125e+01 -1.676871538162231445e+00 4.406234264373779297e+00 -2.505452036857604980e-01 9.284557402133941650e-02 2.064737701416015625e+01
3.645117878913879395e-01 1.429231524467468262e+00 3.204986953735351562e+01 3.560346603393554688e+01 7.946648597717285156e+00 5.502161026000976562e+00 4.941891670227050781e+00 2.775246620178222656e+01 -1.651646852493286133e+00 4.369036674499511719e+00 -2.266636639833450317e-01 1.018540486693382263e-01 2.064737701416015625e+01
3.707640767097473145e-01 1.401691317558288574e+00 3.249055480957031250e+01 3.574555587768554688e+01 7.166999816894531250e+00 7.966402530670166016e+00 4.898514747619628906e+00 2.777344894409179688e+01 -1.890496253967285156e+00 4.298750400543212891e+00 -2.717530429363250732e-01 1.256439238786697388e-01 2.064737701416015625e+01
3.770540952682495117e-01 1.404807806015014648e+00 3.223297119140625000e+01 3.557762527465820312e+01 7.623649597167968750e+00 8.404085159301757812e+00 4.886844635009765625e+00 2.749274635314941406e+01 -1.897187829017639160e+00 4.267331123352050781e+00 -2.590822875499725342e-01 1.216782629489898682e-01 2.064737701416015625e+01
3.833588361740112305e-01 1.391031146049499512e+00 3.275554656982421875e+01 3.603703308105468750e+01 8.189153671264648438e+00 1.059277534484863281e+01 4.888660430908203125e+00 2.756790733337402344e+01 -1.988320946693420410e+00 4.216960430145263672e+00 -2.414404451847076416e-01 1.535696983337402344e-01 2.064737701416015625e+01
3.896513879299163818e-01 1.391111493110656738e+00 3.308998107910156250e+01 3.626520919799804688e+01 7.869959354400634766e+00 1.373308181762695312e+01 4.868436813354492188e+00 2.772848892211914062e+01 -2.157515764236450195e+00 4.214691638946533203e+00 -2.867131531238555908e-01 1.991609781980514526e-01 2.064737701416015625e+01
3.958770036697387695e-01 1.402183890342712402e+00 3.377071380615234375e+01 3.698538208007812500e+01 9.254384040832519531e+00 1.757964324951171875e+01 4.946625709533691406e+00 2.800601577758789062e+01 -2.236303806304931641e+00 4.208741664886474609e+00 -2.927865386009216309e-01 2.017549723386764526e-01 2.064737701416015625e+01
4.021010994911193848e-01 1.407627105712890625e+00 3.410348892211914062e+01 3.749864578247070312e+01 7.709391117095947266e+00 1.570229721069335938e+01 4.938470840454101562e+00 2.821739578247070312e+01 -2.524858713150024414e+00 4.170470714569091797e+00 -3.345435857772827148e-01 1.848832815885543823e-01 2.064737701416015625e+01
