# k, P_{cc}, P_{hh,r}, P_{hh,0}, P_{hh,2}, P_{hh,4}, P_{hc,r}, P_{hc,0}, P_{hc,2}, P_{hc,4}, P_pSN
#  Realization 129
8.018244989216327667e-03 1.430596160888671875e+01 1.559567413330078125e+02 1.685357971191406250e+02 -1.627675628662109375e+02 2.358305206298828125e+02 4.555950546264648438e+01 1.617941284179687500e+02 -3.529863739013671875e+01 4.734855270385742188e+01 -1.186128807067871094e+01 8.873415946960449219e+00 2.066664123535156250e+01
1.401655934751033783e-02 3.842738723754882812e+01 3.088679809570312500e+02 3.838909912109375000e+02 2.888657836914062500e+02 1.809228057861328125e+02 1.058643798828125000e+02 3.429926757812500000e+02 3.738694763183593750e+01 1.183251037597656250e+02 1.347565364837646484e+01 4.091698169708251953e+00 2.066664123535156250e+01
1.969251595437526703e-02 3.908200073242187500e+01 3.171246643066406250e+02 3.866936645507812500e+02 1.542051544189453125e+02 -4.975242614746093750e+01 1.086931991577148438e+02 3.489081726074218750e+02 1.505470180511474609e+01 1.201352539062500000e+02 5.427143573760986328e+00 -1.351976275444030762e+00 2.066664123535156250e+01
2.551339380443096161e-02 3.293333816528320312e+01 2.854740295410156250e+02 3.461112670898437500e+02 1.205505065917968750e+02 -2.603933143615722656e+01 9.455390167236328125e+01 3.132456054687500000e+02 1.052068519592285156e+01 1.041989440917968750e+02 4.012438297271728516e+00 -1.018045425415039062e+00 2.066664123535156250e+01
3.202908113598823547e-02 3.216244506835937500e+01 2.698662719726562500e+02 3.219863281250000000e+02 7.890279388427734375e+01 7.637958526611328125e+01 9.040890502929687500e+01 2.936847534179687500e+02 3.574888229370117188e+00 9.875909423828125000e+01 6.326782107353210449e-01 2.437600612640380859e+00 2.066664123535156250e+01
3.846523538231849670e-02 2.257457542419433594e+01 1.921239013671875000e+02 2.326463317871093750e+02 1.200462417602539062e+02 5.894556427001953125e+01 6.331496047973632812e+01 2.104898529052734375e+02 1.367444801330566406e+01 6.967478179931640625e+01 4.154323101043701172e+00 1.483890771865844727e+00 2.066664123535156250e+01
4.443310573697090149e-02 1.995984649658203125e+01 1.698489990234375000e+02 2.064879760742187500e+02 1.073134841918945312e+02 3.397373580932617188e+01 5.577466583251953125e+01 1.863363189697265625e+02 1.214808940887451172e+01 6.164022827148437500e+01 4.349704742431640625e+00 6.335409283638000488e-01 2.066664123535156250e+01
5.042308941483497620e-02 1.973136520385742188e+01 1.674699096679687500e+02 2.014552001953125000e+02 9.407835388183593750e+01 1.418565979003906250e+02 5.497960662841796875e+01 1.826547546386718750e+02 9.285718917846679688e+00 6.041158294677734375e+01 3.200422525405883789e+00 4.410787105560302734e+00 2.066664123535156250e+01
5.690929666161537170e-02 1.735004234313964844e+01 1.503512420654296875e+02 1.800145721435546875e+02 5.646630096435546875e+01 -1.515137100219726562e+01 4.841551589965820312e+01 1.635888214111328125e+02 4.517528533935546875e+00 5.318549728393554688e+01 2.237897157669067383e+00 -7.608432173728942871e-01 2.066664123535156250e+01
6.341847032308578491e-02 1.601584243774414062e+01 1.458184814453125000e+02 1.729435729980468750e+02 4.824837112426757812e+01 1.603224372863769531e+01 4.559315109252929688e+01 1.577588806152343750e+02 3.067930698394775391e+00 4.957015991210937500e+01 5.788730978965759277e-01 3.546162545680999756e-01 2.066664123535156250e+01
6.949992477893829346e-02 1.498796558380126953e+01 1.369875793457031250e+02 1.622884521484375000e+02 5.400949859619140625e+01 1.822543525695800781e+01 4.268879699707031250e+01 1.480841217041015625e+02 4.686682224273681641e+00 4.647974014282226562e+01 1.750023603439331055e+00 4.225312173366546631e-01 2.066664123535156250e+01
7.558133453130722046e-02 1.402525997161865234e+01 1.272811889648437500e+02 1.517399749755859375e+02 5.219071578979492188e+01 1.532013893127441406e+01 3.957434463500976562e+01 1.378316192626953125e+02 4.175008773803710938e+00 4.312488174438476562e+01 1.584948182106018066e+00 3.967041075229644775e-01 2.066664123535156250e+01
8.196274191141128540e-02 1.199556827545166016e+01 1.152068710327148438e+02 1.362928161621093750e+02 3.106442642211914062e+01 -1.896877169609069824e+00 3.452434539794921875e+01 1.242049026489257812e+02 1.262215495109558105e+00 3.746791458129882812e+01 4.092767834663391113e-01 -8.528421074151992798e-02 2.066664123535156250e+01
8.830232173204421997e-02 1.059415054321289062e+01 1.020774536132812500e+02 1.216600112915039062e+02 4.184484481811523438e+01 -4.307446002960205078e+00 3.030160713195800781e+01 1.101227798461914062e+02 3.444210290908813477e+00 3.300981903076171875e+01 1.215049147605895996e+00 -3.678918480873107910e-01 2.066664123535156250e+01
9.435217082500457764e-02 9.636611938476562500e+00 9.490992736816406250e+01 1.121379776000976562e+02 3.708819580078125000e+01 1.011072248220443726e-01 2.760555839538574219e+01 1.018393554687500000e+02 3.112551689147949219e+00 2.989673995971679688e+01 9.571371674537658691e-01 2.712211571633815765e-02 2.066664123535156250e+01
1.005600690841674805e-01 8.584929466247558594e+00 8.741117858886718750e+01 1.029424743652343750e+02 3.251924514770507812e+01 -2.893227815628051758e+00 2.481991767883300781e+01 9.351605224609375000e+01 2.514328479766845703e+00 2.678600883483886719e+01 8.474256396293640137e-01 -1.288425177335739136e-01 2.066664123535156250e+01
1.070138886570930481e-01 7.841319561004638672e+00 8.383116912841796875e+01 9.933508300781250000e+01 4.015540695190429688e+01 8.517125129699707031e+00 2.309433174133300781e+01 8.984480285644531250e+01 3.869998693466186523e+00 2.501286888122558594e+01 1.139143943786621094e+00 1.118638645857572556e-02 2.066664123535156250e+01
1.134273484349250793e-01 6.972640037536621094e+00 7.477314758300781250e+01 8.713182067871093750e+01 2.680372619628906250e+01 1.711977958679199219e+01 2.031860351562500000e+01 7.918901062011718750e+01 1.689786314964294434e+00 2.182099342346191406e+01 7.229740619659423828e-01 4.203609824180603027e-01 2.066664123535156250e+01
1.196089535951614380e-01 6.697126865386962891e+00 7.497924804687500000e+01 8.749037933349609375e+01 2.607584953308105469e+01 9.454911231994628906e+00 1.987530899047851562e+01 7.939347076416015625e+01 1.709634184837341309e+00 2.123518371582031250e+01 5.225353837013244629e-01 2.673256099224090576e-01 2.066664123535156250e+01
1.257804334163665771e-01 6.716529369354248047e+00 7.357117462158203125e+01 8.645283508300781250e+01 2.718545150756835938e+01 1.062059020996093750e+01 1.965480804443359375e+01 7.785408782958984375e+01 1.590255737304687500e+00 2.110727882385253906e+01 5.433171391487121582e-01 2.607580721378326416e-01 2.066664123535156250e+01
1.321490257978439331e-01 6.398438453674316406e+00 7.262731170654296875e+01 8.446433258056640625e+01 2.349997329711914062e+01 7.060928940773010254e-01 1.912067794799804688e+01 7.652598571777343750e+01 1.325802087783813477e+00 2.033824157714843750e+01 4.442363381385803223e-01 1.553164608776569366e-02 2.066664123535156250e+01
1.384563297033309937e-01 5.825800895690917969e+00 6.791746520996093750e+01 7.983650970458984375e+01 3.177745056152343750e+01 9.308249473571777344e+00 1.740112113952636719e+01 7.172011566162109375e+01 2.626891136169433594e+00 1.854727935791015625e+01 6.461071372032165527e-01 9.442194551229476929e-02 2.066664123535156250e+01
1.446497291326522827e-01 5.439189910888671875e+00 6.356314086914062500e+01 7.443865966796875000e+01 2.202041244506835938e+01 -8.318117141723632812e+00 1.615896606445312500e+01 6.686143493652343750e+01 1.208513259887695312e+00 1.716678047180175781e+01 4.555982947349548340e-01 -2.403471171855926514e-01 2.066664123535156250e+01
1.508535146713256836e-01 4.749670028686523438e+00 5.867700958251953125e+01 6.834263610839843750e+01 1.923811531066894531e+01 -5.344063282012939453e+00 1.433636665344238281e+01 6.127077484130859375e+01 8.735911250114440918e-01 1.519534778594970703e+01 2.710893750190734863e-01 -1.442752331495285034e-01 2.066664123535156250e+01
1.571729034185409546e-01 4.571024894714355469e+00 5.816355895996093750e+01 6.807613372802734375e+01 1.974645042419433594e+01 5.627596855163574219e+00 1.401848793029785156e+01 6.076295471191406250e+01 8.024363517761230469e-01 1.481875896453857422e+01 1.577589660882949829e-01 4.853586480021476746e-02 2.066664123535156250e+01
1.635417938232421875e-01 4.319096565246582031e+00 5.599289321899414062e+01 6.476062011718750000e+01 1.554552650451660156e+01 -1.567374467849731445e+00 1.323927116394042969e+01 5.803799819946289062e+01 2.569063603878021240e-01 1.395056152343750000e+01 2.004551738500595093e-01 -4.650695621967315674e-02 2.066664123535156250e+01
1.698256134986877441e-01 4.056852817535400391e+00 5.437556838989257812e+01 6.313069534301757812e+01 1.588190841674804688e+01 5.997363567352294922e+00 1.256291580200195312e+01 5.624764251708984375e+01 2.220603525638580322e-01 1.318621158599853516e+01 1.130235046148300171e-01 1.480042636394500732e-01 2.066664123535156250e+01
1.761013567447662354e-01 3.814260244369506836e+00 5.122610855102539062e+01 5.981316757202148438e+01 2.141919898986816406e+01 2.395004987716674805e+00 1.172094154357910156e+01 5.293309402465820312e+01 1.053875803947448730e+00 1.223213481903076172e+01 2.727704644203186035e-01 -1.227742433547973633e-02 2.066664123535156250e+01
1.823998540639877319e-01 3.635324478149414062e+00 5.056766510009765625e+01 5.848477172851562500e+01 1.747802162170410156e+01 1.714352846145629883e+00 1.136076164245605469e+01 5.185667037963867188e+01 6.322051882743835449e-01 1.184273815155029297e+01 2.729258239269256592e-01 6.186091154813766479e-02 2.066664123535156250e+01
1.886507123708724976e-01 3.482838869094848633e+00 4.884350204467773438e+01 5.682177734375000000e+01 1.956696319580078125e+01 1.195460915565490723e+00 1.079836368560791016e+01 5.003732299804687500e+01 8.368075489997863770e-01 1.124537658691406250e+01 2.512416243553161621e-01 -3.976047039031982422e-02 2.066664123535156250e+01
1.949081569910049438e-01 3.352817296981811523e+00 4.854622650146484375e+01 5.595354843139648438e+01 1.604651069641113281e+01 4.001591682434082031e+00 1.057732105255126953e+01 4.931628799438476562e+01 2.283184975385665894e-01 1.087722396850585938e+01 5.295801535248756409e-02 3.932387009263038635e-02 2.066664123535156250e+01
2.011425346136093140e-01 3.222007274627685547e+00 4.664507293701171875e+01 5.315935134887695312e+01 1.350150489807128906e+01 3.778939962387084961e+00 1.007884693145751953e+01 4.705555343627929688e+01 2.837343513965606689e-02 1.029081344604492188e+01 6.786601990461349487e-02 6.927719712257385254e-02 2.066664123535156250e+01
2.073954045772552490e-01 3.037189722061157227e+00 4.631964111328125000e+01 5.323986434936523438e+01 1.566323947906494141e+01 3.400216817855834961e+00 9.696487426757812500e+00 4.670245742797851562e+01 2.488556802272796631e-01 9.941793441772460938e+00 1.158284023404121399e-01 2.494338713586330414e-02 2.066664123535156250e+01
2.137389332056045532e-01 2.944369316101074219e+00 4.482372283935546875e+01 5.177737426757812500e+01 1.506275367736816406e+01 3.499389410018920898e+00 9.366432189941406250e+00 4.519030761718750000e+01 1.989753246307373047e-01 9.574315071105957031e+00 1.081652119755744934e-01 2.875464595854282379e-02 2.066664123535156250e+01
2.200330942869186401e-01 2.765463829040527344e+00 4.361213684082031250e+01 4.918027877807617188e+01 9.969699859619140625e+00 4.321432113647460938e+00 8.856467247009277344e+00 4.323195266723632812e+01 -5.268424749374389648e-01 8.955018043518066406e+00 -3.849023953080177307e-02 6.538341194391250610e-02 2.066664123535156250e+01
2.262930423021316528e-01 2.626067876815795898e+00 4.206745529174804688e+01 4.804644012451171875e+01 1.225826072692871094e+01 -3.571314334869384766e+00 8.440816879272460938e+00 4.177066040039062500e+01 -2.218208909034729004e-01 8.531676292419433594e+00 4.685151949524879456e-02 -1.006910353899002075e-01 2.066664123535156250e+01
2.325985133647918701e-01 2.559010267257690430e+00 4.227247238159179688e+01 4.813411331176757812e+01 1.183650302886962891e+01 4.516642093658447266e+00 8.357116699218750000e+00 4.180954742431640625e+01 -4.293776750564575195e-01 8.389039993286132812e+00 -2.471451647579669952e-02 3.978868201375007629e-02 2.066664123535156250e+01
2.388891130685806274e-01 2.455718755722045898e+00 4.075109481811523438e+01 4.717966842651367188e+01 1.358143711090087891e+01 2.010301113128662109e+00 7.976969718933105469e+00 4.034191131591796875e+01 -2.828890681266784668e-01 8.062416076660156250e+00 9.079720824956893921e-03 3.622795687988400459e-03 2.066664123535156250e+01
2.451218813657760620e-01 2.320222616195678711e+00 4.013698959350585938e+01 4.545447921752929688e+01 1.059891700744628906e+01 3.575227260589599609e-01 7.633826732635498047e+00 3.918406295776367188e+01 -5.633437037467956543e-01 7.612330913543701172e+00 -8.576254546642303467e-02 -4.170132428407669067e-02 2.066664123535156250e+01
2.513737380504608154e-01 2.232454061508178711e+00 3.865036773681640625e+01 4.429022598266601562e+01 1.208738708496093750e+01 2.068622350692749023e+00 7.273410320281982422e+00 3.771883392333984375e+01 -4.292144477367401123e-01 7.250026702880859375e+00 -1.319202594459056854e-02 5.190667882561683655e-02 2.066664123535156250e+01
2.577070593833923340e-01 2.160417079925537109e+00 3.895698928833007812e+01 4.449369430541992188e+01 1.206393241882324219e+01 2.120796680450439453e+00 7.199068546295166016e+00 3.791368484497070312e+01 -4.455191493034362793e-01 7.149621963500976562e+00 1.360558345913887024e-02 3.154923394322395325e-02 2.066664123535156250e+01
2.640204429626464844e-01 2.116825103759765625e+00 3.797188186645507812e+01 4.337665939331054688e+01 1.222795486450195312e+01 3.245226144790649414e+00 7.005237579345703125e+00 3.666246032714843750e+01 -4.957794547080993652e-01 6.926502227783203125e+00 -1.864396221935749054e-02 4.382421448826789856e-02 2.066664123535156250e+01
2.702898085117340088e-01 2.022158622741699219e+00 3.741361999511718750e+01 4.242913055419921875e+01 1.124404430389404297e+01 2.884840488433837891e+00 6.779603004455566406e+00 3.575121307373046875e+01 -6.297947168350219727e-01 6.639302253723144531e+00 -4.103715345263481140e-02 5.965157970786094666e-02 2.066664123535156250e+01
2.765615284442901611e-01 1.953693032264709473e+00 3.718963241577148438e+01 4.169078445434570312e+01 1.055593013763427734e+01 3.885243415832519531e+00 6.610311985015869141e+00 3.536507797241210938e+01 -6.174446940422058105e-01 6.414180278778076172e+00 -9.137510508298873901e-02 7.219424843788146973e-02 2.066664123535156250e+01
2.828698754310607910e-01 1.937026500701904297e+00 3.691905212402343750e+01 4.147246170043945312e+01 1.004835700988769531e+01 1.983793854713439941e+00 6.546838760375976562e+00 3.501892852783203125e+01 -7.198978066444396973e-01 6.292699337005615234e+00 -1.107966303825378418e-01 1.434203144162893295e-02 2.066664123535156250e+01
2.891486585140228271e-01 1.827861428260803223e+00 3.562588500976562500e+01 4.056489562988281250e+01 1.009028720855712891e+01 3.495655059814453125e+00 6.155467510223388672e+00 3.370212173461914062e+01 -9.509840607643127441e-01 5.953303337097167969e+00 -1.282236874103546143e-01 6.243986636400222778e-02 2.066664123535156250e+01
2.953523397445678711e-01 1.786625623703002930e+00 3.543803787231445312e+01 3.994200897216796875e+01 9.384412765502929688e+00 2.650245428085327148e+00 6.081934452056884766e+00 3.326233673095703125e+01 -9.182863235473632812e-01 5.812702655792236328e+00 -1.143006980419158936e-01 5.615263432264328003e-02 2.066664123535156250e+01
3.016075491905212402e-01 1.747539401054382324e+00 3.497710800170898438e+01 3.942539596557617188e+01 1.021212863922119141e+01 1.654888033866882324e+00 5.955188751220703125e+00 3.267903900146484375e+01 -7.909454107284545898e-01 5.689890861511230469e+00 -8.063152432441711426e-02 3.726890310645103455e-02 2.066664123535156250e+01
3.079382479190826416e-01 1.660098552703857422e+00 3.400444030761718750e+01 3.802883148193359375e+01 9.772414207458496094e+00 2.670883178710937500e+00 5.676998615264892578e+00 3.130977058410644531e+01 -8.221672773361206055e-01 5.325264930725097656e+00 -1.026636362075805664e-01 5.099623277783393860e-02 2.066664123535156250e+01
3.142760396003723145e-01 1.673293590545654297e+00 3.428143692016601562e+01 3.822068023681640625e+01 8.159524917602539062e+00 3.823544740676879883e+00 5.722669601440429688e+00 3.144867706298828125e+01 -1.210665225982666016e+00 5.325407028198242188e+00 -1.727169007062911987e-01 4.888519644737243652e-02 2.066664123535156250e+01
3.205462992191314697e-01 1.606208801269531250e+00 3.372460937500000000e+01 3.773792648315429688e+01 9.120255470275878906e+00 2.301009178161621094e+00 5.513507366180419922e+00 3.080286216735839844e+01 -1.047506093978881836e+00 5.118127822875976562e+00 -1.219107955694198608e-01 5.074037238955497742e-02 2.066664123535156250e+01
3.268128037452697754e-01 1.570466160774230957e+00 3.340212249755859375e+01 3.753398132324218750e+01 8.400549888610839844e+00 3.416834831237792969e+00 5.413435935974121094e+00 3.033687210083007812e+01 -1.333738327026367188e+00 4.987791538238525391e+00 -1.900861263275146484e-01 5.672414228320121765e-02 2.066664123535156250e+01
3.331238031387329102e-01 1.534649848937988281e+00 3.263584899902343750e+01 3.652490997314453125e+01 8.059969902038574219e+00 1.816054940223693848e+00 5.265110492706298828e+00 2.936183357238769531e+01 -1.384680867195129395e+00 4.817543983459472656e+00 -2.033189088106155396e-01 3.399847075343132019e-02 2.066664123535156250e+01
3.394046723842620850e-01 1.507234334945678711e+00 3.238706207275390625e+01 3.594984054565429688e+01 8.047097206115722656e+00 2.619585275650024414e+00 5.151621818542480469e+00 2.884172248840332031e+01 -1.258678317070007324e+00 4.662976264953613281e+00 -1.744856387376785278e-01 5.495932325720787048e-02 2.066664123535156250e+01
3.456391692161560059e-01 1.480425953865051270e+00 3.236277389526367188e+01 3.605893325805664062e+01 8.342875480651855469e+00 5.264836311340332031e+00 5.098336696624755859e+00 2.878478050231933594e+01 -1.382867813110351562e+00 4.627085685729980469e+00 -1.811890602111816406e-01 8.122793585062026978e-02 2.066664123535156250e+01
3.518808186054229736e-01 1.469151496887207031e+00 3.211602783203125000e+01 3.565883255004882812e+01 7.217702388763427734e+00 5.525103569030761719e+00 5.033218860626220703e+00 2.836967468261718750e+01 -1.580863833427429199e+00 4.493336677551269531e+00 -2.231026440858840942e-01 9.666451811790466309e-02 2.066664123535156250e+01
3.582032322883605957e-01 1.434647321701049805e+00 3.202698516845703125e+01 3.547246551513671875e+01 7.376863956451416016e+00 5.522828102111816406e+00 4.961017131805419922e+00 2.801808166503906250e+01 -1.629865050315856934e+00 4.448695659637451172e+00 -1.985539048910140991e-01 1.032676920294761658e-01 2.066664123535156250e+01
3.645117878913879395e-01 1.453214883804321289e+00 3.229408645629882812e+01 3.541941833496093750e+01 7.627726078033447266e+00 6.291333198547363281e+00 4.998182773590087891e+00 2.795471382141113281e+01 -1.577981114387512207e+00 4.416102886199951172e+00 -2.067897617816925049e-01 1.070477887988090515e-01 2.066664123535156250e+01
3.707640767097473145e-01 1.414638996124267578e+00 3.226944732666015625e+01 3.537332916259765625e+01 7.194762706756591797e+00 7.081885337829589844e+00 4.893610000610351562e+00 2.776308441162109375e+01 -1.740876197814941406e+00 4.314662933349609375e+00 -2.357327640056610107e-01 1.056161969900131226e-01 2.066664123535156250e+01
3.770540952682495117e-01 1.434180378913879395e+00 3.266923904418945312e+01 3.596596527099609375e+01 6.571238517761230469e+00 7.731465816497802734e+00 4.956049919128417969e+00 2.800318145751953125e+01 -2.052624702453613281e+00 4.344047069549560547e+00 -2.909895777702331543e-01 1.234964281320571899e-01 2.066664123535156250e+01
3.833588361740112305e-01 1.415864944458007812e+00 3.263329315185546875e+01 3.580556106567382812e+01 7.325549125671386719e+00 9.596158981323242188e+00 4.904550552368164062e+00 2.780772590637207031e+01 -1.997261881828308105e+00 4.284726619720458984e+00 -2.827153801918029785e-01 1.344575434923171997e-01 2.066664123535156250e+01
3.896513879299163818e-01 1.422119498252868652e+00 3.314193344116210938e+01 3.631806564331054688e+01 8.431278228759765625e+00 1.351294326782226562e+01 4.927115440368652344e+00 2.797493171691894531e+01 -1.945662021636962891e+00 4.259732723236083984e+00 -2.437070310115814209e-01 1.860578507184982300e-01 2.066664123535156250e+01
3.958770036697387695e-01 1.423341155052185059e+00 3.384965515136718750e+01 3.715603637695312500e+01 9.216930389404296875e+00 1.803959846496582031e+01 4.973706722259521484e+00 2.834503173828125000e+01 -2.076446533203125000e+00 4.239721298217773438e+00 -2.692191600799560547e-01 2.221444696187973022e-01 2.066664123535156250e+01
4.021010994911193848e-01 1.421682953834533691e+00 3.418538284301757812e+01 3.759467697143554688e+01 8.627408027648925781e+00 1.708560943603515625e+01 4.976706981658935547e+00 2.859494400024414062e+01 -2.217384815216064453e+00 4.255381584167480469e+00 -2.888931334018707275e-01 2.038300782442092896e-01 2.066664123535156250e+01
