# k, P_{cc}, P_{hh,r}, P_{hh,0}, P_{hh,2}, P_{hh,4}, P_{hc,r}, P_{hc,0}, P_{hc,2}, P_{hc,4}, P_pSN
#  Realization 4
8.018244989216327667e-03 3.738109207153320312e+01 3.224015197753906250e+02 3.888103942871093750e+02 2.353178405761718750e+02 7.698854980468750000e+02 1.064210357666015625e+02 3.523437194824218750e+02 2.346295928955078125e+01 1.165468902587890625e+02 6.053527355194091797e+00 2.593942642211914062e+01 2.059684944152832031e+01
1.401655934751033783e-02 4.083169555664062500e+01 3.401997985839843750e+02 4.092506408691406250e+02 6.630599975585937500e+01 5.720529556274414062e+01 1.149899368286132812e+02 3.717033386230468750e+02 -2.579385519027709961e+00 1.263540802001953125e+02 3.674653470516204834e-01 1.770181298255920410e+00 2.059684944152832031e+01
1.969251595437526703e-02 3.635601806640625000e+01 2.892650451660156250e+02 3.719646911621093750e+02 3.832966308593750000e+02 -4.890692710876464844e+00 9.951380157470703125e+01 3.266145324707031250e+02 5.420270156860351562e+01 1.132970428466796875e+02 2.070058822631835938e+01 -5.699868798255920410e-01 2.059684944152832031e+01
2.551339380443096161e-02 3.230157089233398438e+01 2.663114318847656250e+02 3.265034179687500000e+02 1.728636016845703125e+02 1.940202484130859375e+02 9.012577056884765625e+01 2.935675964355468750e+02 1.822377586364746094e+01 9.989589691162109375e+01 6.582997322082519531e+00 5.668602943420410156e+00 2.059684944152832031e+01
3.202908113598823547e-02 2.866720581054687500e+01 2.321387023925781250e+02 2.758281250000000000e+02 2.661254692077636719e+01 4.759427261352539062e+01 7.881118011474609375e+01 2.520069732666015625e+02 -4.443311214447021484e+00 8.597254180908203125e+01 -1.647515892982482910e+00 1.566524744033813477e+00 2.059684944152832031e+01
3.846523538231849670e-02 2.631124877929687500e+01 2.228090362548828125e+02 2.769245300292968750e+02 2.209223937988281250e+02 2.213604583740234375e+02 7.412466430664062500e+01 2.470883636474609375e+02 2.801914978027343750e+01 8.248970794677734375e+01 8.711440086364746094e+00 5.627635002136230469e+00 2.059684944152832031e+01
4.443310573697090149e-02 1.939341926574707031e+01 1.751696319580078125e+02 2.123617248535156250e+02 9.165990447998046875e+01 -2.985090255737304688e+01 5.548200225830078125e+01 1.919253082275390625e+02 9.965784072875976562e+00 6.122010040283203125e+01 3.113390684127807617e+00 -1.308969140052795410e+00 2.059684944152832031e+01
5.042308941483497620e-02 1.835683250427246094e+01 1.610169982910156250e+02 1.915092620849609375e+02 6.427355957031250000e+01 -2.201236534118652344e+01 5.156513595581054688e+01 1.746523742675781250e+02 5.894536972045898438e+00 5.632230758666992188e+01 1.672877073287963867e+00 -1.100481629371643066e+00 2.059684944152832031e+01
5.690929666161537170e-02 1.681450080871582031e+01 1.512104034423828125e+02 1.774796600341796875e+02 2.468162155151367188e+01 -2.337836265563964844e+01 4.794736099243164062e+01 1.628974456787109375e+02 -4.030045270919799805e-01 5.198337936401367188e+01 -1.647613197565078735e-01 -7.198036909103393555e-01 2.059684944152832031e+01
6.341847032308578491e-02 1.630444145202636719e+01 1.444412841796875000e+02 1.730040740966796875e+02 6.040655136108398438e+01 4.199147796630859375e+01 4.590953063964843750e+01 1.570192108154296875e+02 4.892473697662353516e+00 5.028063201904296875e+01 1.863602995872497559e+00 1.141399264335632324e+00 2.059684944152832031e+01
6.949992477893829346e-02 1.449462699890136719e+01 1.327857360839843750e+02 1.556786346435546875e+02 2.974588394165039062e+01 9.231792449951171875e+00 4.133129882812500000e+01 1.427064971923828125e+02 6.795300841331481934e-01 4.471505355834960938e+01 4.923211336135864258e-01 3.253186047077178955e-01 2.059684944152832031e+01
7.558133453130722046e-02 1.307170200347900391e+01 1.200523071289062500e+02 1.399657592773437500e+02 2.828310012817382812e+01 -7.621197700500488281e+00 3.702451324462890625e+01 1.285331726074218750e+02 1.214367389678955078e+00 3.992181396484375000e+01 1.978614032268524170e-01 -1.123310998082160950e-01 2.059684944152832031e+01
8.196274191141128540e-02 1.222370624542236328e+01 1.131259613037109375e+02 1.337030639648437500e+02 2.898506736755371094e+01 -2.037011384963989258e+00 3.452385330200195312e+01 1.217470169067382812e+02 8.748477101325988770e-01 3.745966720581054688e+01 6.103107333183288574e-01 -2.367995381355285645e-01 2.059684944152832031e+01
8.830232173204421997e-02 1.053177833557128906e+01 1.020511627197265625e+02 1.211089019775390625e+02 4.672447967529296875e+01 1.594520473480224609e+01 3.028613090515136719e+01 1.098467712402343750e+02 4.186477661132812500e+00 3.283564376831054688e+01 1.246803045272827148e+00 3.550925254821777344e-01 2.059684944152832031e+01
9.435217082500457764e-02 9.500697135925292969e+00 9.637577819824218750e+01 1.143382415771484375e+02 3.591550827026367188e+01 6.494191646575927734e+00 2.763680839538574219e+01 1.035603027343750000e+02 2.501899480819702148e+00 2.996354293823242188e+01 7.907220721244812012e-01 -2.760217897593975067e-02 2.059684944152832031e+01
1.005600690841674805e-01 8.424699783325195312e+00 8.747811889648437500e+01 1.032526855468750000e+02 3.630381774902343750e+01 -1.882876586914062500e+01 2.468079376220703125e+01 9.357230377197265625e+01 3.257631778717041016e+00 2.667819595336914062e+01 1.085053324699401855e+00 -5.688283443450927734e-01 2.059684944152832031e+01
1.070138886570930481e-01 7.848370552062988281e+00 8.338329315185546875e+01 9.833184051513671875e+01 3.001972198486328125e+01 1.794705152511596680e+00 2.306558609008789062e+01 8.910560607910156250e+01 2.034180641174316406e+00 2.487742614746093750e+01 6.331284046173095703e-01 3.375119715929031372e-02 2.059684944152832031e+01
1.134273484349250793e-01 7.310647010803222656e+00 7.720900726318359375e+01 9.018795776367187500e+01 2.252370452880859375e+01 3.035787105560302734e+00 2.130112266540527344e+01 8.181051635742187500e+01 9.137635827064514160e-01 2.283257865905761719e+01 2.754725217819213867e-01 2.260165289044380188e-02 2.059684944152832031e+01
1.196089535951614380e-01 6.711181163787841797e+00 7.486477661132812500e+01 8.784317779541015625e+01 3.601609802246093750e+01 3.667117118835449219e+00 1.985292053222656250e+01 7.944243621826171875e+01 3.377135276794433594e+00 2.128924560546875000e+01 1.032053589820861816e+00 5.692954361438751221e-02 2.059684944152832031e+01
1.257804334163665771e-01 6.412291526794433594e+00 7.175237274169921875e+01 8.319400787353515625e+01 2.677559280395507812e+01 1.491375160217285156e+01 1.899852752685546875e+01 7.545079040527343750e+01 1.931811809539794922e+00 2.021730422973632812e+01 6.804882884025573730e-01 4.255881905555725098e-01 2.059684944152832031e+01
1.321490257978439331e-01 6.064455032348632812e+00 6.748065948486328125e+01 7.936559295654296875e+01 2.396820449829101562e+01 7.454733848571777344e+00 1.780305480957031250e+01 7.127088928222656250e+01 1.299897313117980957e+00 1.896501350402832031e+01 2.728016674518585205e-01 1.590456962585449219e-01 2.059684944152832031e+01
1.384563297033309937e-01 5.699971199035644531e+00 6.712831115722656250e+01 7.886499786376953125e+01 3.273714828491210938e+01 1.618865203857421875e+01 1.714865684509277344e+01 7.074374389648437500e+01 2.784446001052856445e+00 1.829495048522949219e+01 8.284792900085449219e-01 3.596076965332031250e-01 2.059684944152832031e+01
1.446497291326522827e-01 5.349300384521484375e+00 6.429367065429687500e+01 7.477011871337890625e+01 2.131027793884277344e+01 3.435804367065429688e+00 1.618334770202636719e+01 6.717410278320312500e+01 9.352762103080749512e-01 1.712728118896484375e+01 3.683325648307800293e-01 7.656303048133850098e-02 2.059684944152832031e+01
1.508535146713256836e-01 4.997411251068115234e+00 6.115927124023437500e+01 7.062153625488281250e+01 1.786654090881347656e+01 9.468962669372558594e+00 1.510557556152343750e+01 6.348966217041015625e+01 4.450459480285644531e-01 1.588392543792724609e+01 1.650306880474090576e-01 2.192343622446060181e-01 2.059684944152832031e+01
1.571729034185409546e-01 4.551031589508056641e+00 5.806685638427734375e+01 6.773458862304687500e+01 2.154652786254882812e+01 6.801128864288330078e+00 1.390892028808593750e+01 6.036922454833984375e+01 1.046711444854736328e+00 1.467196464538574219e+01 3.315873146057128906e-01 3.324392065405845642e-02 2.059684944152832031e+01
1.635417938232421875e-01 4.283010005950927734e+00 5.544085311889648438e+01 6.446961975097656250e+01 2.128256797790527344e+01 2.836951017379760742e+00 1.310837364196777344e+01 5.731911087036132812e+01 1.022550463676452637e+00 1.375821876525878906e+01 3.329724073410034180e-01 1.018886566162109375e-01 2.059684944152832031e+01
1.698256134986877441e-01 3.902415752410888672e+00 5.328770065307617188e+01 6.181200027465820312e+01 1.827798461914062500e+01 1.340203285217285156e+00 1.216035079956054688e+01 5.486679840087890625e+01 7.367116808891296387e-01 1.273726558685302734e+01 2.491166442632675171e-01 -5.898445378988981247e-03 2.059684944152832031e+01
1.761013567447662354e-01 3.826022148132324219e+00 5.230416870117187500e+01 6.047622299194335938e+01 1.664428901672363281e+01 4.156024754047393799e-01 1.190485572814941406e+01 5.367605209350585938e+01 3.454300463199615479e-01 1.239703559875488281e+01 1.765335649251937866e-01 -1.245490554720163345e-02 2.059684944152832031e+01
1.823998540639877319e-01 3.702295303344726562e+00 5.154381179809570312e+01 5.966064834594726562e+01 1.607855796813964844e+01 1.811132669448852539e+00 1.158339691162109375e+01 5.279198837280273438e+01 1.936136484146118164e-01 1.204961585998535156e+01 1.205178946256637573e-01 -4.162891954183578491e-02 2.059684944152832031e+01
1.886507123708724976e-01 3.550123929977416992e+00 4.974037170410156250e+01 5.723349761962890625e+01 2.008850479125976562e+01 6.766725540161132812e+00 1.100409889221191406e+01 5.056135559082031250e+01 1.103595018386840820e+00 1.133469581604003906e+01 2.947552502155303955e-01 1.076636686921119690e-01 2.059684944152832031e+01
1.949081569910049438e-01 3.435600519180297852e+00 4.970199584960937500e+01 5.678590393066406250e+01 1.488524818420410156e+01 1.928960919380187988e+00 1.087513923645019531e+01 5.021514511108398438e+01 1.604613214731216431e-01 1.109865760803222656e+01 1.142723187804222107e-01 9.511389769613742828e-03 2.059684944152832031e+01
2.011425346136093140e-01 3.261734247207641602e+00 4.693282699584960938e+01 5.399027252197265625e+01 1.492367172241210938e+01 1.150417685508728027e+00 1.019702053070068359e+01 4.734818649291992188e+01 1.146441698074340820e-01 1.045364379882812500e+01 1.050247400999069214e-01 -9.053449030034244061e-04 2.059684944152832031e+01
2.073954045772552490e-01 2.997705221176147461e+00 4.525509262084960938e+01 5.256369400024414062e+01 1.703685760498046875e+01 1.661616325378417969e+00 9.541374206542968750e+00 4.562949752807617188e+01 3.829418420791625977e-01 9.763632774353027344e+00 1.623649299144744873e-01 4.155373200774192810e-02 2.059684944152832031e+01
2.137389332056045532e-01 2.912402391433715820e+00 4.525025939941406250e+01 5.198569107055664062e+01 1.604243469238281250e+01 6.781130313873291016e+00 9.348617553710937500e+00 4.528580856323242188e+01 2.229992896318435669e-01 9.493222236633300781e+00 6.204066798090934753e-02 1.410185396671295166e-01 2.059684944152832031e+01
2.200330942869186401e-01 2.772192001342773438e+00 4.419141387939453125e+01 5.054892730712890625e+01 1.451218509674072266e+01 2.048955678939819336e+00 8.999289512634277344e+00 4.395981216430664062e+01 -2.530615776777267456e-02 9.101085662841796875e+00 5.959102138876914978e-02 -1.269732229411602020e-02 2.059684944152832031e+01
2.262930423021316528e-01 2.661183357238769531e+00 4.259904479980468750e+01 4.845832443237304688e+01 1.373837852478027344e+01 6.669862270355224609e-01 8.594856262207031250e+00 4.195171737670898438e+01 -1.022761687636375427e-01 8.617178916931152344e+00 4.522334039211273193e-02 -1.827522367238998413e-02 2.059684944152832031e+01
2.325985133647918701e-01 2.489197015762329102e+00 4.116870117187500000e+01 4.722959899902343750e+01 1.497954559326171875e+01 6.828999519348144531e+00 8.103734016418457031e+00 4.055499649047851562e+01 -2.776734717190265656e-02 8.113686561584472656e+00 6.306858360767364502e-02 1.144621446728706360e-01 2.059684944152832031e+01
2.388891130685806274e-01 2.415764331817626953e+00 4.076458358764648438e+01 4.701395797729492188e+01 1.363010120391845703e+01 3.012859523296356201e-01 7.906201362609863281e+00 4.014123916625976562e+01 -2.149729579687118530e-01 7.945934772491455078e+00 6.322523206472396851e-02 -2.140850946307182312e-02 2.059684944152832031e+01
2.451218813657760620e-01 2.305056571960449219e+00 4.016524887084960938e+01 4.566055297851562500e+01 1.223521804809570312e+01 3.957500457763671875e+00 7.600033283233642578e+00 3.914474487304687500e+01 -3.559896647930145264e-01 7.563262939453125000e+00 -7.799055892974138260e-03 6.559367477893829346e-02 2.059684944152832031e+01
2.513737380504608154e-01 2.260950088500976562e+00 3.932537460327148438e+01 4.510309982299804688e+01 1.403629875183105469e+01 3.231775522232055664e+00 7.436000347137451172e+00 3.830562973022460938e+01 -2.214861214160919189e-01 7.393960952758789062e+00 1.377626974135637283e-02 3.874005004763603210e-02 2.059684944152832031e+01
2.577070593833923340e-01 2.179192066192626953e+00 3.889243698120117188e+01 4.388927459716796875e+01 1.261264991760253906e+01 2.072760820388793945e+00 7.247843265533447266e+00 3.724502563476562500e+01 -4.198057949542999268e-01 7.051292896270751953e+00 -1.360158808529376984e-02 2.388421073555946350e-02 2.059684944152832031e+01
2.640204429626464844e-01 2.100326061248779297e+00 3.780809020996093750e+01 4.322395324707031250e+01 1.212441253662109375e+01 3.686204195022583008e+00 6.970880985260009766e+00 3.622115325927734375e+01 -6.286222338676452637e-01 6.834017276763916016e+00 -5.660281702876091003e-02 4.066861420869827271e-02 2.059684944152832031e+01
2.702898085117340088e-01 2.053423404693603516e+00 3.801566314697265625e+01 4.288228225708007812e+01 1.105946350097656250e+01 4.741233825683593750e+00 6.901570320129394531e+00 3.621871185302734375e+01 -6.110150814056396484e-01 6.698118209838867188e+00 -4.990929365158081055e-02 9.757266938686370850e-02 2.059684944152832031e+01
2.765615284442901611e-01 1.965641975402832031e+00 3.695044708251953125e+01 4.173676681518554688e+01 1.108728504180908203e+01 5.205324649810791016e+00 6.617597103118896484e+00 3.492110443115234375e+01 -7.569110393524169922e-01 6.363938331604003906e+00 -9.986232221126556396e-02 7.199438661336898804e-02 2.059684944152832031e+01
2.828698754310607910e-01 1.900531172752380371e+00 3.630221557617187500e+01 4.095425033569335938e+01 1.020885276794433594e+01 -6.082253456115722656e-01 6.431100845336914062e+00 3.410710144042968750e+01 -7.881715297698974609e-01 6.165400028228759766e+00 -9.640286117792129517e-02 -2.553394064307212830e-02 2.059684944152832031e+01
2.891486585140228271e-01 1.832687616348266602e+00 3.592080307006835938e+01 4.044646453857421875e+01 9.922160148620605469e+00 6.439256668090820312e+00 6.248941898345947266e+00 3.361828613281250000e+01 -9.406099319458007812e-01 5.942999362945556641e+00 -1.464580595493316650e-01 1.010783836245536804e-01 2.059684944152832031e+01
2.953523397445678711e-01 1.766637802124023438e+00 3.519956588745117188e+01 3.937701034545898438e+01 8.856587409973144531e+00 4.683988571166992188e+00 6.021776676177978516e+00 3.259863281250000000e+01 -1.157498359680175781e+00 5.695103645324707031e+00 -1.423396170139312744e-01 5.010503530502319336e-02 2.059684944152832031e+01
3.016075491905212402e-01 1.738109946250915527e+00 3.509594726562500000e+01 3.882008743286132812e+01 8.258268356323242188e+00 2.518769502639770508e+00 5.942539215087890625e+00 3.212290191650390625e+01 -1.190281510353088379e+00 5.552824974060058594e+00 -1.493872851133346558e-01 5.065524950623512268e-02 2.059684944152832031e+01
3.079382479190826416e-01 1.682939887046813965e+00 3.472410583496093750e+01 3.872011947631835938e+01 8.833977699279785156e+00 3.723685264587402344e+00 5.792674541473388672e+00 3.178766250610351562e+01 -1.173382759094238281e+00 5.422302246093750000e+00 -1.498984396457672119e-01 7.661186158657073975e-02 2.059684944152832031e+01
3.142760396003723145e-01 1.643072724342346191e+00 3.421783447265625000e+01 3.841254425048828125e+01 9.406891822814941406e+00 3.682268619537353516e+00 5.660926342010498047e+00 3.123076057434082031e+01 -1.229426264762878418e+00 5.273941993713378906e+00 -1.686809211969375610e-01 3.071598708629608154e-02 2.059684944152832031e+01
3.205462992191314697e-01 1.579715967178344727e+00 3.314358139038085938e+01 3.733842849731445312e+01 9.289434432983398438e+00 3.600183486938476562e+00 5.405351161956787109e+00 3.002035522460937500e+01 -1.167791128158569336e+00 5.024249553680419922e+00 -1.372039765119552612e-01 6.954904645681381226e-02 2.059684944152832031e+01
3.268128037452697754e-01 1.563523769378662109e+00 3.333212280273437500e+01 3.700099563598632812e+01 9.049853324890136719e+00 2.156684637069702148e+00 5.361523151397705078e+00 2.974066543579101562e+01 -1.225823163986206055e+00 4.892913818359375000e+00 -1.599491536617279053e-01 4.045336693525314331e-02 2.059684944152832031e+01
3.331238031387329102e-01 1.528869152069091797e+00 3.297094726562500000e+01 3.651396942138671875e+01 8.141770362854003906e+00 3.852475404739379883e+00 5.319278717041015625e+00 2.943127441406250000e+01 -1.317025065422058105e+00 4.851155281066894531e+00 -1.823045313358306885e-01 6.407223641872406006e-02 2.059684944152832031e+01
3.394046723842620850e-01 1.500600695610046387e+00 3.247084045410156250e+01 3.610626983642578125e+01 8.434246063232421875e+00 2.557974338531494141e+00 5.136671066284179688e+00 2.868206977844238281e+01 -1.321477651596069336e+00 4.629292488098144531e+00 -1.780677139759063721e-01 4.752306267619132996e-02 2.059684944152832031e+01
3.456391692161560059e-01 1.462992668151855469e+00 3.266440200805664062e+01 3.638573837280273438e+01 8.777452468872070312e+00 4.585116386413574219e+00 5.071441650390625000e+00 2.884656143188476562e+01 -1.394757390022277832e+00 4.579443931579589844e+00 -1.709331274032592773e-01 6.677009165287017822e-02 2.059684944152832031e+01
3.518808186054229736e-01 1.459830522537231445e+00 3.223198699951171875e+01 3.558179473876953125e+01 8.185252189636230469e+00 7.168950080871582031e+00 5.035029411315917969e+00 2.807938003540039062e+01 -1.562666296958923340e+00 4.471806049346923828e+00 -2.026108503341674805e-01 1.159508451819419861e-01 2.059684944152832031e+01
3.582032322883605957e-01 1.420431971549987793e+00 3.220431900024414062e+01 3.562840270996093750e+01 8.364331245422363281e+00 4.372500896453857422e+00 4.963308811187744141e+00 2.789655876159667969e+01 -1.511659502983093262e+00 4.385750770568847656e+00 -1.982631832361221313e-01 8.422101289033889771e-02 2.059684944152832031e+01
3.645117878913879395e-01 1.422890901565551758e+00 3.241490554809570312e+01 3.572653579711914062e+01 6.997435092926025391e+00 6.021313190460205078e+00 4.982250690460205078e+00 2.806438446044921875e+01 -1.746805429458618164e+00 4.435390949249267578e+00 -2.271575033664703369e-01 1.224192976951599121e-01 2.059684944152832031e+01
3.707640767097473145e-01 1.411193966865539551e+00 3.224037551879882812e+01 3.552421188354492188e+01 7.464792728424072266e+00 7.927529335021972656e+00 4.923336982727050781e+00 2.754479980468750000e+01 -1.895658969879150391e+00 4.286310195922851562e+00 -2.524887323379516602e-01 1.320515125989913940e-01 2.059684944152832031e+01
3.770540952682495117e-01 1.401495933532714844e+00 3.211574172973632812e+01 3.581904602050781250e+01 8.374653816223144531e+00 1.036714172363281250e+01 4.863953113555908203e+00 2.738652229309082031e+01 -1.898837924003601074e+00 4.228249073028564453e+00 -2.693456411361694336e-01 1.649637669324874878e-01 2.059684944152832031e+01
3.833588361740112305e-01 1.380127549171447754e+00 3.287589645385742188e+01 3.589420318603515625e+01 7.630626678466796875e+00 1.174885749816894531e+01 4.856752872467041016e+00 2.763699722290039062e+01 -1.958135962486267090e+00 4.167284965515136719e+00 -2.564500570297241211e-01 1.689389050006866455e-01 2.059684944152832031e+01
3.896513879299163818e-01 1.407149195671081543e+00 3.325494003295898438e+01 3.638310241699218750e+01 8.063078880310058594e+00 1.435241127014160156e+01 4.936196327209472656e+00 2.774247932434082031e+01 -2.147778034210205078e+00 4.207540512084960938e+00 -2.623105943202972412e-01 2.009160369634628296e-01 2.059684944152832031e+01
3.958770036697387695e-01 1.407873153686523438e+00 3.356252670288085938e+01 3.690559005737304688e+01 8.541116714477539062e+00 1.556768226623535156e+01 4.937055110931396484e+00 2.789042854309082031e+01 -2.188618183135986328e+00 4.196914196014404297e+00 -3.003386259078979492e-01 2.005745470523834229e-01 2.059684944152832031e+01
4.021010994911193848e-01 1.416199088096618652e+00 3.434260940551757812e+01 3.795878601074218750e+01 8.030565261840820312e+00 1.632858276367187500e+01 5.020406723022460938e+00 2.850633811950683594e+01 -2.487737894058227539e+00 4.245389938354492188e+00 -3.121216297149658203e-01 2.103779762983322144e-01 2.059684944152832031e+01
