# k, P_{cc}, P_{hh,r}, P_{hh,0}, P_{hh,2}, P_{hh,4}, P_{h0,hr}, P_{h2,hr}, P_{hc,r}, P_{hc,0}, P_{hc,2}, P_{hc,4}, P_pSN
#  Realization 138
8.018244989216327667e-03 2.301154708862304688e+01 1.845532684326171875e+02 2.262231903076171875e+02 9.724755096435546875e+01 -2.938520812988281250e+02 2.037628021240234375e+02 1.233588504791259766e+01 6.302581787109375000e+01 6.990227508544921875e+01 4.052895069122314453e+00 -9.492596626281738281e+00 2.063987159729003906e+01
1.401655934751033783e-02 3.464574432373046875e+01 2.992406311035156250e+02 3.755112609863281250e+02 3.923159484863281250e+02 -6.599544525146484375e+01 3.343180847167968750e+02 5.959900283813476562e+01 9.906259918212890625e+01 1.107082214355468750e+02 1.653374099731445312e+01 -4.193193912506103516e+00 2.063987159729003906e+01
1.969251595437526703e-02 4.182735824584960938e+01 3.416115417480468750e+02 4.245629882812500000e+02 3.250190429687500000e+02 1.021267776489257812e+02 3.794485168457031250e+02 4.328161621093750000e+01 1.172724838256835938e+02 1.306651000976562500e+02 1.455856132507324219e+01 2.582977294921875000e+00 2.063987159729003906e+01
2.551339380443096161e-02 3.294422531127929688e+01 2.595546264648437500e+02 3.058580627441406250e+02 -9.337342262268066406e+00 1.969734344482421875e+02 2.806802978515625000e+02 -1.266765213012695312e+01 8.987508392333984375e+01 9.776570892333984375e+01 -3.629765272140502930e+00 6.238752365112304688e+00 2.063987159729003906e+01
3.202908113598823547e-02 2.978870010375976562e+01 2.522869720458984375e+02 3.066750183105468750e+02 1.420588836669921875e+02 3.213839340209960938e+01 2.770165710449218750e+02 1.510468959808349609e+01 8.392256927490234375e+01 9.270068359375000000e+01 5.330307006835937500e+00 8.964714407920837402e-01 2.063987159729003906e+01
3.846523538231849670e-02 2.504329299926757812e+01 2.173524627685546875e+02 2.618912048339843750e+02 1.175013122558593750e+02 -2.987327194213867188e+01 2.376107788085937500e+02 1.305313777923583984e+01 7.141733551025390625e+01 7.835984039306640625e+01 3.930818557739257812e+00 -1.453128695487976074e+00 2.063987159729003906e+01
4.443310573697090149e-02 2.335931396484375000e+01 1.951333770751953125e+02 2.380202026367187500e+02 1.348408050537109375e+02 -3.712840652465820312e+01 2.144657592773437500e+02 1.649050712585449219e+01 6.490223693847656250e+01 7.181974029541015625e+01 5.895339488983154297e+00 -1.422263026237487793e+00 2.063987159729003906e+01
5.042308941483497620e-02 1.812839126586914062e+01 1.611537628173828125e+02 1.920908966064453125e+02 4.983253097534179688e+01 3.380287551879882812e+01 1.749955596923828125e+02 2.597095012664794922e+00 5.150642395019531250e+01 5.632818603515625000e+01 1.064576148986816406e+00 1.244822740554809570e+00 2.063987159729003906e+01
5.690929666161537170e-02 1.747169494628906250e+01 1.550912475585937500e+02 1.850905914306640625e+02 7.024256134033203125e+01 -2.843895721435546875e+01 1.684516906738281250e+02 7.103178501129150391e+00 4.956409835815429688e+01 5.413341140747070312e+01 2.331355333328247070e+00 -6.688069105148315430e-01 2.063987159729003906e+01
6.341847032308578491e-02 1.530567359924316406e+01 1.385286560058593750e+02 1.658946075439453125e+02 6.592051696777343750e+01 5.067158508300781250e+01 1.505276031494140625e+02 6.123580932617187500e+00 4.349421310424804688e+01 4.761704254150390625e+01 1.892661213874816895e+00 1.663196921348571777e+00 2.063987159729003906e+01
6.949992477893829346e-02 1.538919067382812500e+01 1.437745056152343750e+02 1.710617370605468750e+02 6.042976760864257812e+01 -9.352805137634277344e+00 1.555719604492187500e+02 5.336197376251220703e+00 4.446273803710937500e+01 4.841946792602539062e+01 1.922864317893981934e+00 -5.286332368850708008e-01 2.063987159729003906e+01
7.558133453130722046e-02 1.428578662872314453e+01 1.358553314208984375e+02 1.617575225830078125e+02 4.868833923339843750e+01 7.422354698181152344e+00 1.470403137207031250e+02 3.323003530502319336e+00 4.150872421264648438e+01 4.524534606933593750e+01 1.301125884056091309e+00 1.850459724664688110e-02 2.063987159729003906e+01
8.196274191141128540e-02 1.196832275390625000e+01 1.159316558837890625e+02 1.384645080566406250e+02 4.750382995605468750e+01 3.027290153503417969e+01 1.254547882080078125e+02 3.841951370239257812e+00 3.459788131713867188e+01 3.780742645263671875e+01 1.269783139228820801e+00 9.951055645942687988e-01 2.063987159729003906e+01
8.830232173204421997e-02 1.070659923553466797e+01 1.050580062866210938e+02 1.250796508789062500e+02 4.332672882080078125e+01 -3.539861679077148438e+00 1.132379455566406250e+02 3.488531589508056641e+00 3.097490692138671875e+01 3.365745544433593750e+01 1.207911729812622070e+00 -7.328566163778305054e-02 2.063987159729003906e+01
9.435217082500457764e-02 9.432085990905761719e+00 9.333136749267578125e+01 1.095365295410156250e+02 2.949629020690917969e+01 1.576867580413818359e+01 9.965506744384765625e+01 1.767237544059753418e+00 2.713958168029785156e+01 2.925522232055664062e+01 6.464440226554870605e-01 4.619375765323638916e-01 2.063987159729003906e+01
1.005600690841674805e-01 8.271041870117187500e+00 8.696481323242187500e+01 1.018548889160156250e+02 2.560526275634765625e+01 -9.691602706909179688e+00 9.260448455810546875e+01 1.264240741729736328e+00 2.416890716552734375e+01 2.598722839355468750e+01 5.106487870216369629e-01 -3.434754312038421631e-01 2.063987159729003906e+01
1.070138886570930481e-01 7.862027168273925781e+00 8.472084045410156250e+01 1.011053085327148438e+02 3.828199768066406250e+01 1.066358947753906250e+01 9.099768066406250000e+01 3.023167610168457031e+00 2.327927017211914062e+01 2.530311965942382812e+01 9.466826319694519043e-01 1.609911024570465088e-01 2.063987159729003906e+01
1.134273484349250793e-01 7.236453056335449219e+00 7.755782318115234375e+01 9.074405670166015625e+01 2.445376014709472656e+01 1.769045448303222656e+01 8.234816741943359375e+01 1.218906879425048828e+00 2.118873214721679688e+01 2.265536117553710938e+01 3.989210724830627441e-01 3.736797869205474854e-01 2.063987159729003906e+01
1.196089535951614380e-01 6.798968791961669922e+00 7.479508972167968750e+01 8.709953308105468750e+01 2.031548881530761719e+01 7.482759952545166016e+00 7.906111145019531250e+01 6.654619574546813965e-01 2.003992080688476562e+01 2.136021041870117188e+01 2.318641543388366699e-01 1.504271030426025391e-01 2.063987159729003906e+01
1.257804334163665771e-01 6.367001056671142578e+00 7.030349731445312500e+01 8.225247955322265625e+01 2.794889259338378906e+01 1.183851432800292969e+01 7.429048156738281250e+01 1.965550065040588379e+00 1.867566108703613281e+01 1.993540382385253906e+01 5.731042027473449707e-01 2.614678740501403809e-01 2.063987159729003906e+01
1.321490257978439331e-01 6.034825801849365234e+00 6.844821166992187500e+01 7.978409576416015625e+01 2.549963188171386719e+01 -4.163300514221191406e+00 7.205691528320312500e+01 1.733645558357238770e+00 1.789684867858886719e+01 1.905223655700683594e+01 4.501003324985504150e-01 -1.940387338399887085e-01 2.063987159729003906e+01
1.384563297033309937e-01 5.686728000640869141e+00 6.634224700927734375e+01 7.702120971679687500e+01 1.777311134338378906e+01 8.808560371398925781e+00 6.953771209716796875e+01 2.101939618587493896e-01 1.694819068908691406e+01 1.796011543273925781e+01 2.130705714225769043e-01 1.547031551599502563e-01 2.063987159729003906e+01
1.446497291326522827e-01 5.235643863677978516e+00 6.136824798583984375e+01 7.175555419921875000e+01 2.797901535034179688e+01 4.424559116363525391e+00 6.434616851806640625e+01 2.280181169509887695e+00 1.549677753448486328e+01 1.645441055297851562e+01 6.169244050979614258e-01 1.407247688621282578e-02 2.063987159729003906e+01
1.508535146713256836e-01 5.009326934814453125e+00 6.217181777954101562e+01 7.259402465820312500e+01 2.514016151428222656e+01 7.485189437866210938e+00 6.499646759033203125e+01 1.624855637550354004e+00 1.531253719329833984e+01 1.616541290283203125e+01 5.063738226890563965e-01 9.374522417783737183e-02 2.063987159729003906e+01
1.571729034185409546e-01 4.615278720855712891e+00 5.836220550537109375e+01 6.717797088623046875e+01 1.902820014953613281e+01 3.222567796707153320e+00 6.037276840209960938e+01 8.221502900123596191e-01 1.401565456390380859e+01 1.466744422912597656e+01 2.418005764484405518e-01 8.224936574697494507e-02 2.063987159729003906e+01
1.635417938232421875e-01 4.313403606414794922e+00 5.563838958740234375e+01 6.473633575439453125e+01 1.778009033203125000e+01 6.048264026641845703e+00 5.780124282836914062e+01 4.994771480560302734e-01 1.320443916320800781e+01 1.389128684997558594e+01 1.968569010496139526e-01 1.029284596443176270e-01 2.063987159729003906e+01
1.698256134986877441e-01 4.025049686431884766e+00 5.424069976806640625e+01 6.291431427001953125e+01 1.494271850585937500e+01 -1.575317263603210449e+00 5.603058242797851562e+01 1.453331559896469116e-01 1.251651954650878906e+01 1.308193302154541016e+01 1.038645803928375244e-01 -9.696797281503677368e-02 2.063987159729003906e+01
1.761013567447662354e-01 3.905948162078857422e+00 5.281211090087890625e+01 6.148869323730468750e+01 1.731180381774902344e+01 4.152330398559570312e+00 5.444211578369140625e+01 4.071739315986633301e-01 1.214945125579833984e+01 1.271288204193115234e+01 1.941204667091369629e-01 3.075798274949193001e-03 2.063987159729003906e+01
1.823998540639877319e-01 3.718535184860229492e+00 5.161855316162109375e+01 5.984570693969726562e+01 1.997548103332519531e+01 1.100121593475341797e+01 5.292282485961914062e+01 7.867013812065124512e-01 1.162010669708251953e+01 1.207447910308837891e+01 2.465778142213821411e-01 1.981545835733413696e-01 2.063987159729003906e+01
1.886507123708724976e-01 3.570612668991088867e+00 4.993386840820312500e+01 5.714674758911132812e+01 1.637868118286132812e+01 9.298288822174072266e-01 5.073627853393554688e+01 5.110578536987304688e-01 1.111510658264160156e+01 1.146521186828613281e+01 2.052569538354873657e-01 -2.704754658043384552e-02 2.063987159729003906e+01
1.949081569910049438e-01 3.375704288482666016e+00 4.951538467407226562e+01 5.621868133544921875e+01 1.528079414367675781e+01 4.083405017852783203e+00 4.995794677734375000e+01 3.393880128860473633e-01 1.072832489013671875e+01 1.098618030548095703e+01 1.232563778758049011e-01 3.917845338582992554e-02 2.063987159729003906e+01
2.011425346136093140e-01 3.254636764526367188e+00 4.744222259521484375e+01 5.488581848144531250e+01 1.788558197021484375e+01 9.712247848510742188e+00 4.812022399902343750e+01 5.060453414916992188e-01 1.031900691986083984e+01 1.060981273651123047e+01 1.675634235143661499e-01 1.598825603723526001e-01 2.063987159729003906e+01
2.073954045772552490e-01 3.066982746124267578e+00 4.616990661621093750e+01 5.272452163696289062e+01 1.669099807739257812e+01 3.422019481658935547e+00 4.632561874389648438e+01 4.906225502490997314e-01 9.764754295349121094e+00 9.987495422363281250e+00 1.636318564414978027e-01 -1.220443286001682281e-02 2.063987159729003906e+01
2.137389332056045532e-01 2.921604156494140625e+00 4.400650405883789062e+01 5.091006469726562500e+01 1.536565494537353516e+01 1.714523911476135254e+00 4.423661422729492188e+01 2.041896134614944458e-01 9.239651679992675781e+00 9.427336692810058594e+00 1.224884986877441406e-01 4.335332661867141724e-02 2.063987159729003906e+01
2.200330942869186401e-01 2.847394943237304688e+00 4.449145889282226562e+01 5.095024108886718750e+01 1.426939487457275391e+01 5.669541358947753906e+00 4.443201065063476562e+01 -4.130802303552627563e-02 9.205441474914550781e+00 9.306985855102539062e+00 4.646502062678337097e-02 9.672290831804275513e-02 2.063987159729003906e+01
2.262930423021316528e-01 2.688030481338500977e+00 4.322653198242187500e+01 5.021247482299804688e+01 1.639694786071777344e+01 1.271779656410217285e+00 4.327325439453125000e+01 2.064241170883178711e-01 8.716552734375000000e+00 8.875291824340820312e+00 7.917595654726028442e-02 -1.079252548515796661e-02 2.063987159729003906e+01
2.325985133647918701e-01 2.485120296478271484e+00 4.138464736938476562e+01 4.723770523071289062e+01 1.326510715484619141e+01 3.335531711578369141e+00 4.080325698852539062e+01 -2.129435986280441284e-01 8.092539787292480469e+00 8.113668441772460938e+00 -4.482852295041084290e-03 4.559367895126342773e-02 2.063987159729003906e+01
2.388891130685806274e-01 2.399900436401367188e+00 4.043467712402343750e+01 4.660321044921875000e+01 1.211018943786621094e+01 7.740362286567687988e-01 3.986940002441406250e+01 -4.308979809284210205e-01 7.851187229156494141e+00 7.892379283905029297e+00 -1.012626569718122482e-02 1.310680154711008072e-02 2.063987159729003906e+01
2.451218813657760620e-01 2.354404449462890625e+00 4.042342758178710938e+01 4.624590682983398438e+01 1.325754928588867188e+01 2.686511754989624023e+00 3.951925659179687500e+01 -3.637465536594390869e-01 7.780692577362060547e+00 7.782827854156494141e+00 3.010376356542110443e-02 1.112836599349975586e-02 2.063987159729003906e+01
2.513737380504608154e-01 2.291526317596435547e+00 3.957685852050781250e+01 4.506113815307617188e+01 1.274721813201904297e+01 2.189906597137451172e+00 3.847080993652343750e+01 -3.191528618335723877e-01 7.543568134307861328e+00 7.497043609619140625e+00 2.554612979292869568e-02 2.164006233215332031e-02 2.063987159729003906e+01
2.577070593833923340e-01 2.170177459716796875e+00 3.902524185180664062e+01 4.480941772460937500e+01 1.251787662506103516e+01 2.206490755081176758e+00 3.790172576904296875e+01 -5.549992918968200684e-01 7.248396396636962891e+00 7.194955825805664062e+00 -7.162964344024658203e-02 9.567239321768283844e-03 2.063987159729003906e+01
2.640204429626464844e-01 2.123695850372314453e+00 3.825862503051757812e+01 4.344215393066406250e+01 1.026408672332763672e+01 1.276308536529541016e+00 3.675794982910156250e+01 -8.563198447227478027e-01 7.029442310333251953e+00 6.891014575958251953e+00 -1.385251581668853760e-01 1.899283565580844879e-02 2.063987159729003906e+01
2.702898085117340088e-01 2.050846338272094727e+00 3.715669631958007812e+01 4.155397415161132812e+01 1.133990097045898438e+01 2.132411718368530273e+00 3.517105484008789062e+01 -4.922280311584472656e-01 6.781921386718750000e+00 6.559157848358154297e+00 -2.346028015017509460e-02 2.633924596011638641e-02 2.063987159729003906e+01
2.765615284442901611e-01 1.941528201103210449e+00 3.613365554809570312e+01 4.088758087158203125e+01 1.103781986236572266e+01 3.323133468627929688e+00 3.426913452148437500e+01 -6.327151656150817871e-01 6.490887165069580078e+00 6.265028953552246094e+00 -6.762981414794921875e-02 6.490114331245422363e-02 2.063987159729003906e+01
2.828698754310607910e-01 1.913065910339355469e+00 3.648530960083007812e+01 4.099335098266601562e+01 1.042591381072998047e+01 9.237723350524902344e-01 3.441330337524414062e+01 -6.465249061584472656e-01 6.453750133514404297e+00 6.224090576171875000e+00 -5.391480773687362671e-02 2.597875148057937622e-02 2.063987159729003906e+01
2.891486585140228271e-01 1.814118862152099609e+00 3.580664443969726562e+01 4.041991424560546875e+01 1.136772155761718750e+01 2.700897693634033203e+00 3.355978775024414062e+01 -6.471428871154785156e-01 6.160697460174560547e+00 5.902337551116943359e+00 -5.474971979856491089e-02 4.654490202665328979e-02 2.063987159729003906e+01
2.953523397445678711e-01 1.783081650733947754e+00 3.470526504516601562e+01 3.917758178710937500e+01 1.031266403198242188e+01 1.132251501083374023e+00 3.235742568969726562e+01 -8.007555007934570312e-01 6.007383823394775391e+00 5.728992938995361328e+00 -6.735028326511383057e-02 2.216985449194908142e-02 2.063987159729003906e+01
3.016075491905212402e-01 1.723424315452575684e+00 3.491450500488281250e+01 3.914553833007812500e+01 9.222585678100585938e+00 3.429045438766479492e+00 3.233891677856445312e+01 -9.909662604331970215e-01 5.927371501922607422e+00 5.647157192230224609e+00 -9.356749802827835083e-02 6.285324692726135254e-02 2.063987159729003906e+01
3.079382479190826416e-01 1.668992400169372559e+00 3.403379440307617188e+01 3.808212661743164062e+01 8.855558395385742188e+00 1.528006076812744141e+00 3.120099067687988281e+01 -1.055476188659667969e+00 5.694051742553710938e+00 5.357269287109375000e+00 -1.365993022918701172e-01 5.100205168128013611e-02 2.063987159729003906e+01
3.142760396003723145e-01 1.659639120101928711e+00 3.384617233276367188e+01 3.800495147705078125e+01 8.518680572509765625e+00 9.793669581413269043e-01 3.089306831359863281e+01 -1.270889520645141602e+00 5.652126789093017578e+00 5.247440814971923828e+00 -1.781168133020401001e-01 1.282991003245115280e-02 2.063987159729003906e+01
3.205462992191314697e-01 1.596673727035522461e+00 3.407879257202148438e+01 3.777985382080078125e+01 8.439724922180175781e+00 2.948842525482177734e+00 3.087938880920410156e+01 -1.175126075744628906e+00 5.531249046325683594e+00 5.121225833892822266e+00 -1.576092839241027832e-01 5.620588734745979309e-02 2.063987159729003906e+01
3.268128037452697754e-01 1.574282407760620117e+00 3.289677429199218750e+01 3.688217544555664062e+01 8.894426345825195312e+00 3.523392200469970703e+00 2.966370201110839844e+01 -1.249895334243774414e+00 5.352303028106689453e+00 4.941937446594238281e+00 -1.817711442708969116e-01 6.214607879519462585e-02 2.063987159729003906e+01
3.331238031387329102e-01 1.557814002037048340e+00 3.333824539184570312e+01 3.708876800537109375e+01 7.956439495086669922e+00 4.122103214263916016e+00 2.988171958923339844e+01 -1.439552187919616699e+00 5.385773658752441406e+00 4.943961620330810547e+00 -1.741977930068969727e-01 7.239873707294464111e-02 2.063987159729003906e+01
3.394046723842620850e-01 1.517759561538696289e+00 3.299346923828125000e+01 3.670225906372070312e+01 7.970995903015136719e+00 2.324371337890625000e+00 2.931377220153808594e+01 -1.367806553840637207e+00 5.260764598846435547e+00 4.770867824554443359e+00 -1.851488649845123291e-01 7.079666107892990112e-02 2.063987159729003906e+01
3.456391692161560059e-01 1.464010715484619141e+00 3.216277694702148438e+01 3.579687500000000000e+01 7.686228752136230469e+00 4.104421138763427734e+00 2.840926933288574219e+01 -1.570456981658935547e+00 5.045663356781005859e+00 4.550383090972900391e+00 -2.224630564451217651e-01 6.227613240480422974e-02 2.063987159729003906e+01
3.518808186054229736e-01 1.441179990768432617e+00 3.230138397216796875e+01 3.546934509277343750e+01 7.921162605285644531e+00 4.526261329650878906e+00 2.813623046875000000e+01 -1.452216982841491699e+00 5.010696411132812500e+00 4.468346595764160156e+00 -1.873743683099746704e-01 7.692293822765350342e-02 2.063987159729003906e+01
3.582032322883605957e-01 1.449842810630798340e+00 3.234253692626953125e+01 3.575301742553710938e+01 8.141436576843261719e+00 5.413566589355468750e+00 2.814385414123535156e+01 -1.575086116790771484e+00 5.034377098083496094e+00 4.477986812591552734e+00 -2.205610424280166626e-01 9.225127100944519043e-02 2.063987159729003906e+01
3.645117878913879395e-01 1.417903423309326172e+00 3.198804473876953125e+01 3.525366973876953125e+01 7.603214263916015625e+00 6.534692287445068359e+00 2.761639213562011719e+01 -1.664738297462463379e+00 4.899708747863769531e+00 4.320919036865234375e+00 -2.044974118471145630e-01 1.059734448790550232e-01 2.063987159729003906e+01
3.707640767097473145e-01 1.421341776847839355e+00 3.222611999511718750e+01 3.565750122070312500e+01 7.435747623443603516e+00 7.757642745971679688e+00 2.754706764221191406e+01 -1.941755890846252441e+00 4.919888496398925781e+00 4.285761356353759766e+00 -2.526841461658477783e-01 1.279947757720947266e-01 2.063987159729003906e+01
3.770540952682495117e-01 1.414930462837219238e+00 3.240381622314453125e+01 3.549567031860351562e+01 6.908272266387939453e+00 8.318561553955078125e+00 2.746739959716796875e+01 -1.999589204788208008e+00 4.907199382781982422e+00 4.237943649291992188e+00 -2.765914201736450195e-01 1.168735548853874207e-01 2.063987159729003906e+01
3.833588361740112305e-01 1.418742418289184570e+00 3.310021209716796875e+01 3.614017868041992188e+01 6.974955081939697266e+00 1.119137668609619141e+01 2.797561073303222656e+01 -2.062861680984497070e+00 4.950721740722656250e+00 4.284855365753173828e+00 -2.657793164253234863e-01 1.768458932638168335e-01 2.063987159729003906e+01
3.896513879299163818e-01 1.437639474868774414e+00 3.334161758422851562e+01 3.634922409057617188e+01 7.863750934600830078e+00 1.438491535186767578e+01 2.785981941223144531e+01 -2.180610418319702148e+00 4.999804496765136719e+00 4.258444309234619141e+00 -3.025923967361450195e-01 1.802273541688919067e-01 2.063987159729003906e+01
3.958770036697387695e-01 1.437052130699157715e+00 3.411779785156250000e+01 3.730821990966796875e+01 8.355813026428222656e+00 1.754543495178222656e+01 2.840698051452636719e+01 -2.243872404098510742e+00 5.053523063659667969e+00 4.295200824737548828e+00 -2.977643311023712158e-01 2.183837890625000000e-01 2.063987159729003906e+01
4.021010994911193848e-01 1.426096558570861816e+00 3.471003341674804688e+01 3.767401885986328125e+01 6.892313480377197266e+00 1.623382377624511719e+01 2.867477989196777344e+01 -2.509832143783569336e+00 5.057808876037597656e+00 4.223099231719970703e+00 -3.630424439907073975e-01 2.160621434450149536e-01 2.063987159729003906e+01
