# k, P_{cc}, P_{hh,r}, P_{hh,0}, P_{hh,2}, P_{hh,4}, P_{hc,r}, P_{hc,0}, P_{hc,2}, P_{hc,4}, P_pSN
#  Realization 134
8.018244989216327667e-03 2.117034149169921875e+01 1.845662384033203125e+02 2.567526855468750000e+02 6.540292968750000000e+02 8.090979003906250000e+02 6.078626251220703125e+01 2.166676483154296875e+02 9.999656677246093750e+01 7.171883392333984375e+01 3.346957778930664062e+01 2.488787078857421875e+01 2.057971000671386719e+01
1.401655934751033783e-02 3.002335929870605469e+01 2.471381683349609375e+02 3.115252685546875000e+02 2.643975524902343750e+02 4.684743881225585938e+01 8.394067382812500000e+01 2.763237609863281250e+02 3.551451110839843750e+01 9.435964965820312500e+01 1.219140529632568359e+01 1.293743014335632324e+00 2.057971000671386719e+01
1.969251595437526703e-02 3.166704940795898438e+01 2.567117919921875000e+02 3.132152404785156250e+02 1.607278137207031250e+02 -3.332703590393066406e+00 8.763829040527343750e+01 2.825043029785156250e+02 1.827391052246093750e+01 9.706057739257812500e+01 7.122582912445068359e+00 9.585065841674804688e-01 2.057971000671386719e+01
2.551339380443096161e-02 3.535682296752929688e+01 2.779521484375000000e+02 3.336979064941406250e+02 4.195646286010742188e+01 -6.095500946044921875e+01 9.660600280761718750e+01 3.034862365722656250e+02 -2.931123256683349609e+00 1.059220809936523438e+02 -5.413662791252136230e-01 -1.898192048072814941e+00 2.057971000671386719e+01
3.202908113598823547e-02 2.804878616333007812e+01 2.445008697509765625e+02 2.938737792968750000e+02 1.329235076904296875e+02 1.128361225128173828e+00 7.979718780517578125e+01 2.670710754394531250e+02 1.479775714874267578e+01 8.771984100341796875e+01 5.446253776550292969e+00 -6.687904149293899536e-02 2.057971000671386719e+01
3.846523538231849670e-02 2.471162986755371094e+01 2.078321838378906250e+02 2.526967926025390625e+02 6.692699432373046875e+01 -2.945243263244628906e+01 6.914068603515625000e+01 2.280766601562500000e+02 3.449132442474365234e+00 7.644406890869140625e+01 1.681566238403320312e+00 -1.066877245903015137e+00 2.057971000671386719e+01
4.443310573697090149e-02 2.076862525939941406e+01 1.750964202880859375e+02 2.118868713378906250e+02 8.958789825439453125e+01 5.345252037048339844e+00 5.762788391113281250e+01 1.916291809082031250e+02 8.998670578002929688e+00 6.354997253417968750e+01 3.284108638763427734e+00 -7.691622525453567505e-02 2.057971000671386719e+01
5.042308941483497620e-02 1.808823394775390625e+01 1.585176696777343750e+02 1.886485900878906250e+02 5.526907348632812500e+01 -1.559137725830078125e+01 5.101919555664062500e+01 1.720726470947265625e+02 4.428356647491455078e+00 5.573973464965820312e+01 1.625957846641540527e+00 -9.051535725593566895e-01 2.057971000671386719e+01
5.690929666161537170e-02 1.573699760437011719e+01 1.428143005371093750e+02 1.729790191650390625e+02 9.343917083740234375e+01 2.322834014892578125e+01 4.474737167358398438e+01 1.562569427490234375e+02 1.106808757781982422e+01 4.920055770874023438e+01 3.140759468078613281e+00 1.866467893123626709e-01 2.057971000671386719e+01
6.341847032308578491e-02 1.663865280151367188e+01 1.470358581542968750e+02 1.771487884521484375e+02 9.658161163330078125e+01 4.988081741333007812e+01 4.685860061645507812e+01 1.602845611572265625e+02 1.144852828979492188e+01 5.146573638916015625e+01 3.557967424392700195e+00 1.703685879707336426e+00 2.057971000671386719e+01
6.949992477893829346e-02 1.397141742706298828e+01 1.256875686645507812e+02 1.494128723144531250e+02 6.213164901733398438e+01 -7.778001308441162109e+00 3.935311126708984375e+01 1.359212799072265625e+02 6.718610763549804688e+00 4.284586715698242188e+01 2.221080303192138672e+00 -3.343044221401214600e-01 2.057971000671386719e+01
7.558133453130722046e-02 1.448573112487792969e+01 1.327572784423828125e+02 1.576834259033203125e+02 4.781067276000976562e+01 -3.528746414184570312e+01 4.111284637451171875e+01 1.434684143066406250e+02 3.840402841567993164e+00 4.480611801147460938e+01 1.329701066017150879e+00 -1.208935976028442383e+00 2.057971000671386719e+01
8.196274191141128540e-02 1.177670383453369141e+01 1.119201126098632812e+02 1.319122619628906250e+02 5.267490386962890625e+01 -7.691693305969238281e+00 3.370940017700195312e+01 1.202946319580078125e+02 5.465270996093750000e+00 3.650336837768554688e+01 2.079121828079223633e+00 -2.678461372852325439e-01 2.057971000671386719e+01
8.830232173204421997e-02 1.095096302032470703e+01 1.085226821899414062e+02 1.273733825683593750e+02 3.411864852905273438e+01 8.644762039184570312e+00 3.197214889526367188e+01 1.162553100585937500e+02 2.243020057678222656e+00 3.447386550903320312e+01 7.841528654098510742e-01 2.265447676181793213e-01 2.057971000671386719e+01
9.435217082500457764e-02 8.977415084838867188e+00 9.097338104248046875e+01 1.075265731811523438e+02 3.217987823486328125e+01 4.157958984375000000e+00 2.612004470825195312e+01 9.748440551757812500e+01 1.893316745758056641e+00 2.822427749633789062e+01 7.033801078796386719e-01 2.368642576038837433e-02 2.057971000671386719e+01
1.005600690841674805e-01 8.141471862792968750e+00 8.434134674072265625e+01 9.881861114501953125e+01 4.184812164306640625e+01 4.531705856323242188e+00 2.364272880554199219e+01 8.984012603759765625e+01 4.233546733856201172e+00 2.549741172790527344e+01 1.208572387695312500e+00 1.110338941216468811e-01 2.057971000671386719e+01
1.070138886570930481e-01 7.646457672119140625e+00 7.974025726318359375e+01 9.433898925781250000e+01 2.998400115966796875e+01 2.487500667572021484e+00 2.220397567749023438e+01 8.516194915771484375e+01 2.041365146636962891e+00 2.394293212890625000e+01 6.706678867340087891e-01 -7.372274063527584076e-03 2.057971000671386719e+01
1.134273484349250793e-01 7.098277568817138672e+00 7.578580474853515625e+01 8.964603424072265625e+01 2.714847946166992188e+01 4.411536216735839844e+00 2.069972229003906250e+01 8.078716278076171875e+01 1.588327884674072266e+00 2.228670501708984375e+01 6.675305366516113281e-01 -4.672496393322944641e-02 2.057971000671386719e+01
1.196089535951614380e-01 6.871116638183593750e+00 7.401695251464843750e+01 8.654868316650390625e+01 2.667280578613281250e+01 6.385433673858642578e-01 2.005079078674316406e+01 7.829036712646484375e+01 1.825026869773864746e+00 2.142058563232421875e+01 4.496039748191833496e-01 -2.525576390326023102e-02 2.057971000671386719e+01
1.257804334163665771e-01 6.444614887237548828e+00 7.329446411132812500e+01 8.526689147949218750e+01 2.149986457824707031e+01 -1.635515213012695312e+00 1.937105178833007812e+01 7.731314086914062500e+01 1.004378676414489746e+00 2.062708282470703125e+01 4.613061547279357910e-01 -1.459429692476987839e-02 2.057971000671386719e+01
1.321490257978439331e-01 6.040339469909667969e+00 6.954647827148437500e+01 8.137004852294921875e+01 2.836469841003417969e+01 3.189502716064453125e+00 1.807000732421875000e+01 7.323471069335937500e+01 1.929670929908752441e+00 1.925001907348632812e+01 5.603804588317871094e-01 -5.024654790759086609e-02 2.057971000671386719e+01
1.384563297033309937e-01 5.825684070587158203e+00 6.913822937011718750e+01 8.081784820556640625e+01 2.531528663635253906e+01 6.615198612213134766e+00 1.770573234558105469e+01 7.272660827636718750e+01 1.387153863906860352e+00 1.884460258483886719e+01 4.826293885707855225e-01 1.095028370618820190e-01 2.057971000671386719e+01
1.446497291326522827e-01 5.265426635742187500e+00 6.340517425537109375e+01 7.307591247558593750e+01 2.025849533081054688e+01 -2.198100388050079346e-01 1.590019512176513672e+01 6.596080780029296875e+01 9.724848866462707520e-01 1.672241401672363281e+01 3.317142128944396973e-01 -9.444411098957061768e-02 2.057971000671386719e+01
1.508535146713256836e-01 4.933632373809814453e+00 6.090951156616210938e+01 7.132108306884765625e+01 1.822689247131347656e+01 -3.254614353179931641e+00 1.501688289642333984e+01 6.367153930664062500e+01 3.658556640148162842e-01 1.597795867919921875e+01 1.458709090948104858e-01 -5.816850066184997559e-02 2.057971000671386719e+01
1.571729034185409546e-01 4.566313266754150391e+00 5.739908981323242188e+01 6.657229614257812500e+01 2.386941719055175781e+01 5.843373775482177734e+00 1.382569217681884766e+01 5.950006103515625000e+01 1.714600920677185059e+00 1.447910213470458984e+01 4.492017030715942383e-01 1.297671645879745483e-01 2.057971000671386719e+01
1.635417938232421875e-01 4.284872055053710938e+00 5.563705825805664062e+01 6.529341888427734375e+01 2.117081260681152344e+01 1.426392078399658203e+00 1.321386051177978516e+01 5.789214706420898438e+01 1.014402508735656738e+00 1.394756698608398438e+01 3.570684790611267090e-01 -3.160089626908302307e-02 2.057971000671386719e+01
1.698256134986877441e-01 3.977984666824340820e+00 5.335024261474609375e+01 6.261944580078125000e+01 2.138844299316406250e+01 2.221962928771972656e+00 1.227914142608642578e+01 5.530319213867187500e+01 1.110500335693359375e+00 1.289229774475097656e+01 3.823828399181365967e-01 8.016098290681838989e-03 2.057971000671386719e+01
1.761013567447662354e-01 3.807065010070800781e+00 5.232157516479492188e+01 6.025841903686523438e+01 1.667037200927734375e+01 4.630265712738037109e+00 1.186427402496337891e+01 5.353715133666992188e+01 3.548396825790405273e-01 1.234089374542236328e+01 1.951223611831665039e-01 8.428128063678741455e-02 2.057971000671386719e+01
1.823998540639877319e-01 3.652207612991333008e+00 5.102550888061523438e+01 5.874312973022460938e+01 1.675988197326660156e+01 5.192538261413574219e+00 1.145154094696044922e+01 5.208334732055664062e+01 3.300893008708953857e-01 1.186056232452392578e+01 2.206541150808334351e-01 2.417117357254028320e-02 2.057971000671386719e+01
1.886507123708724976e-01 3.482815504074096680e+00 4.936715316772460938e+01 5.703165435791015625e+01 1.815618896484375000e+01 3.848130464553833008e+00 1.091684722900390625e+01 5.022544097900390625e+01 5.689556002616882324e-01 1.127332878112792969e+01 2.075923383235931396e-01 1.118194013833999634e-01 2.057971000671386719e+01
1.949081569910049438e-01 3.343041419982910156e+00 4.857751846313476562e+01 5.582985305786132812e+01 1.437456321716308594e+01 1.922036290168762207e+00 1.053431797027587891e+01 4.920088577270507812e+01 -1.057489514350891113e-01 1.082869338989257812e+01 9.010403417050838470e-03 -1.019237749278545380e-02 2.057971000671386719e+01
2.011425346136093140e-01 3.221545696258544922e+00 4.787402725219726562e+01 5.532825088500976562e+01 1.620671081542968750e+01 -1.334099054336547852e+00 1.027610969543457031e+01 4.834659957885742188e+01 2.519761323928833008e-01 1.052311801910400391e+01 9.902230650186538696e-02 -7.831190526485443115e-02 2.057971000671386719e+01
2.073954045772552490e-01 3.114477634429931641e+00 4.699882507324218750e+01 5.447038269042968750e+01 1.835698890686035156e+01 2.279231548309326172e+00 1.000137329101562500e+01 4.748279953002929688e+01 6.484989523887634277e-01 1.024655532836914062e+01 1.511980444192886353e-01 9.206183254718780518e-03 2.057971000671386719e+01
2.137389332056045532e-01 2.905014753341674805e+00 4.506327438354492188e+01 5.158240890502929688e+01 1.422463512420654297e+01 4.329063415527343750e+00 9.321055412292480469e+00 4.490920639038085938e+01 -1.121967211365699768e-01 9.436711311340332031e+00 1.897288486361503601e-02 4.148372262716293335e-02 2.057971000671386719e+01
2.200330942869186401e-01 2.721016883850097656e+00 4.298023223876953125e+01 4.954809188842773438e+01 1.573174667358398438e+01 1.396105527877807617e+00 8.725358963012695312e+00 4.278321075439453125e+01 2.224582582712173462e-01 8.840981483459472656e+00 1.254119426012039185e-01 1.349617633968591690e-02 2.057971000671386719e+01
2.262930423021316528e-01 2.589825630187988281e+00 4.212831115722656250e+01 4.873618698120117188e+01 1.497265052795410156e+01 -4.222688078880310059e-02 8.392430305480957031e+00 4.178920745849609375e+01 9.228678792715072632e-02 8.491533279418945312e+00 6.794520467519760132e-02 1.066789776086807251e-02 2.057971000671386719e+01
2.325985133647918701e-01 2.489103317260742188e+00 4.100316238403320312e+01 4.716382598876953125e+01 1.472899055480957031e+01 5.415475368499755859e+00 8.081093788146972656e+00 4.039136886596679688e+01 -2.780858054757118225e-02 8.100272178649902344e+00 9.215959161520004272e-02 1.011646464467048645e-01 2.057971000671386719e+01
2.388891130685806274e-01 2.376964330673217773e+00 4.048878097534179688e+01 4.620931243896484375e+01 1.417547035217285156e+01 1.335254311561584473e+00 7.844450950622558594e+00 3.951893234252929688e+01 -9.961012005805969238e-02 7.820199012756347656e+00 4.360525682568550110e-02 1.929640583693981171e-02 2.057971000671386719e+01
2.451218813657760620e-01 2.277545213699340820e+00 3.965542602539062500e+01 4.498342514038085938e+01 1.173777103424072266e+01 1.833035349845886230e+00 7.530435085296630859e+00 3.844264602661132812e+01 -4.879620671272277832e-01 7.446458339691162109e+00 -2.838411927223205566e-02 1.321233808994293213e-03 2.057971000671386719e+01
2.513737380504608154e-01 2.255250930786132812e+00 3.969793701171875000e+01 4.527016067504882812e+01 1.302476692199707031e+01 7.290230751037597656e+00 7.468111515045166016e+00 3.842518615722656250e+01 -4.401589035987854004e-01 7.353167533874511719e+00 -2.052919007837772369e-03 1.263950765132904053e-01 2.057971000671386719e+01
2.577070593833923340e-01 2.152384042739868164e+00 3.876560974121093750e+01 4.446438217163085938e+01 1.334885597229003906e+01 6.795160770416259766e-01 7.162616252899169922e+00 3.744348907470703125e+01 -4.794770181179046631e-01 7.082738876342773438e+00 -2.726863883435726166e-02 -3.633052110671997070e-02 2.057971000671386719e+01
2.640204429626464844e-01 2.077799320220947266e+00 3.779558563232421875e+01 4.305380630493164062e+01 1.262234783172607422e+01 2.676797866821289062e+00 6.955463409423828125e+00 3.618029022216796875e+01 -4.260014891624450684e-01 6.792322158813476562e+00 -3.274745773524045944e-03 6.631318479776382446e-02 2.057971000671386719e+01
2.702898085117340088e-01 2.022608757019042969e+00 3.729046630859375000e+01 4.239770126342773438e+01 1.060465335845947266e+01 2.753203630447387695e+00 6.767617702484130859e+00 3.555218505859375000e+01 -8.178260922431945801e-01 6.574356555938720703e+00 -1.032655984163284302e-01 4.542047530412673950e-02 2.057971000671386719e+01
2.765615284442901611e-01 1.942392826080322266e+00 3.645843124389648438e+01 4.124007034301757812e+01 1.103561305999755859e+01 2.561164379119873047e+00 6.509004116058349609e+00 3.445460510253906250e+01 -6.684365868568420410e-01 6.286725044250488281e+00 -7.821392267942428589e-02 3.290366381406784058e-02 2.057971000671386719e+01
2.828698754310607910e-01 1.883863925933837891e+00 3.647106933593750000e+01 4.118048095703125000e+01 1.070463466644287109e+01 -4.117259979248046875e-01 6.398030281066894531e+00 3.430953216552734375e+01 -7.408140301704406738e-01 6.149014949798583984e+00 -1.012913063168525696e-01 5.053148139268159866e-03 2.057971000671386719e+01
2.891486585140228271e-01 1.818772912025451660e+00 3.541700744628906250e+01 4.003445816040039062e+01 1.113689804077148438e+01 2.627531051635742188e+00 6.164587020874023438e+00 3.310794830322265625e+01 -6.999784708023071289e-01 5.865242481231689453e+00 -8.391426503658294678e-02 6.799954175949096680e-02 2.057971000671386719e+01
2.953523397445678711e-01 1.745831489562988281e+00 3.491320419311523438e+01 3.904201507568359375e+01 9.723234176635742188e+00 3.666368484497070312e+00 5.950790882110595703e+00 3.227964019775390625e+01 -9.721594452857971191e-01 5.613505363464355469e+00 -1.234756335616111755e-01 5.530076473951339722e-02 2.057971000671386719e+01
3.016075491905212402e-01 1.721484065055847168e+00 3.446781921386718750e+01 3.903953552246093750e+01 8.597541809082031250e+00 2.731589078903198242e+00 5.879613876342773438e+00 3.190461730957031250e+01 -1.265907526016235352e+00 5.547217845916748047e+00 -1.763038337230682373e-01 6.619299948215484619e-02 2.057971000671386719e+01
3.079382479190826416e-01 1.685975790023803711e+00 3.429198837280273438e+01 3.864812088012695312e+01 8.074145317077636719e+00 2.984931945800781250e+00 5.773506641387939453e+00 3.143665504455566406e+01 -1.408820629119873047e+00 5.385634899139404297e+00 -1.873006075620651245e-01 5.588316917419433594e-02 2.057971000671386719e+01
3.142760396003723145e-01 1.611539721488952637e+00 3.320748901367187500e+01 3.720426177978515625e+01 8.691925048828125000e+00 4.209287643432617188e+00 5.486625194549560547e+00 3.016731262207031250e+01 -1.197438836097717285e+00 5.052818775177001953e+00 -1.625534892082214355e-01 9.243873506784439087e-02 2.057971000671386719e+01
3.205462992191314697e-01 1.589962720870971680e+00 3.348941040039062500e+01 3.767507553100585938e+01 1.005802917480468750e+01 3.804496526718139648e+00 5.484176635742187500e+00 3.038728141784667969e+01 -1.133579015731811523e+00 5.093103408813476562e+00 -1.322347223758697510e-01 5.551408603787422180e-02 2.057971000671386719e+01
3.268128037452697754e-01 1.572172522544860840e+00 3.357900238037109375e+01 3.729338455200195312e+01 7.333526134490966797e+00 2.189205884933471680e+00 5.464207649230957031e+00 3.014184570312500000e+01 -1.465878009796142578e+00 5.004167079925537109e+00 -2.000049501657485962e-01 6.573914736509323120e-02 2.057971000671386719e+01
3.331238031387329102e-01 1.523772716522216797e+00 3.274490356445312500e+01 3.648661804199218750e+01 9.904047012329101562e+00 2.234624862670898438e+00 5.260888099670410156e+00 2.913884735107421875e+01 -1.123261332511901855e+00 4.796994209289550781e+00 -1.560938060283660889e-01 4.490324482321739197e-02 2.057971000671386719e+01
3.394046723842620850e-01 1.484007000923156738e+00 3.237232971191406250e+01 3.611730575561523438e+01 7.805600166320800781e+00 1.564013004302978516e+00 5.132876396179199219e+00 2.866242790222167969e+01 -1.442005872726440430e+00 4.633776664733886719e+00 -1.891222447156906128e-01 3.582225739955902100e-02 2.057971000671386719e+01
3.456391692161560059e-01 1.471574187278747559e+00 3.251352310180664062e+01 3.585949707031250000e+01 8.806491851806640625e+00 5.928804874420166016e+00 5.098947525024414062e+00 2.846338081359863281e+01 -1.385008931159973145e+00 4.558187961578369141e+00 -1.778468638658523560e-01 8.939209580421447754e-02 2.057971000671386719e+01
3.518808186054229736e-01 1.437771558761596680e+00 3.209163665771484375e+01 3.548819351196289062e+01 7.975574970245361328e+00 5.035017490386962891e+00 5.000687599182128906e+00 2.797625923156738281e+01 -1.520740628242492676e+00 4.444057464599609375e+00 -2.111872583627700806e-01 8.434235304594039917e-02 2.057971000671386719e+01
3.582032322883605957e-01 1.426741361618041992e+00 3.229850006103515625e+01 3.544074249267578125e+01 7.235723018646240234e+00 3.955869913101196289e+00 4.960521221160888672e+00 2.784024810791015625e+01 -1.701404929161071777e+00 4.356757640838623047e+00 -2.232079356908798218e-01 7.190861552953720093e-02 2.057971000671386719e+01
3.645117878913879395e-01 1.413031101226806641e+00 3.218362808227539062e+01 3.539183425903320312e+01 8.195479393005371094e+00 5.730724811553955078e+00 4.926835536956787109e+00 2.757857513427734375e+01 -1.641561865806579590e+00 4.312960147857666016e+00 -2.322267293930053711e-01 1.066494211554527283e-01 2.057971000671386719e+01
3.707640767097473145e-01 1.405688285827636719e+00 3.226388549804687500e+01 3.516833877563476562e+01 7.523476123809814453e+00 7.898475646972656250e+00 4.904450416564941406e+00 2.734457397460937500e+01 -1.838970303535461426e+00 4.237765789031982422e+00 -2.397102564573287964e-01 1.367794424295425415e-01 2.057971000671386719e+01
3.770540952682495117e-01 1.382201910018920898e+00 3.233743286132812500e+01 3.520995330810546875e+01 6.376048564910888672e+00 9.080417633056640625e+00 4.841753482818603516e+00 2.723491477966308594e+01 -2.065384149551391602e+00 4.164341449737548828e+00 -2.887372374534606934e-01 1.351608484983444214e-01 2.057971000671386719e+01
3.833588361740112305e-01 1.400799036026000977e+00 3.284543991088867188e+01 3.612847137451171875e+01 7.259282112121582031e+00 1.106869316101074219e+01 4.912634849548339844e+00 2.765582275390625000e+01 -2.195391893386840820e+00 4.224167823791503906e+00 -3.051906824111938477e-01 1.719965934753417969e-01 2.057971000671386719e+01
3.896513879299163818e-01 1.410537362098693848e+00 3.322756195068359375e+01 3.657727050781250000e+01 8.012476921081542969e+00 1.361307621002197266e+01 4.942273139953613281e+00 2.777993202209472656e+01 -2.220364570617675781e+00 4.240075111389160156e+00 -2.969984412193298340e-01 1.903575360774993896e-01 2.057971000671386719e+01
3.958770036697387695e-01 1.412597656250000000e+00 3.387400817871093750e+01 3.698251724243164062e+01 7.941112041473388672e+00 1.762075042724609375e+01 4.994247436523437500e+00 2.805550956726074219e+01 -2.318692684173583984e+00 4.205580711364746094e+00 -3.256361186504364014e-01 2.173935025930404663e-01 2.057971000671386719e+01
4.021010994911193848e-01 1.418416380882263184e+00 3.470927810668945312e+01 3.799737167358398438e+01 7.605372905731201172e+00 1.659696578979492188e+01 5.046525955200195312e+00 2.850941276550292969e+01 -2.608837366104125977e+00 4.221590995788574219e+00 -3.626997470855712891e-01 1.910428255796432495e-01 2.057971000671386719e+01
