# k, P_{cc}, P_{hh,r}, P_{hh,0}, P_{hh,2}, P_{hh,4}, P_{hc,r}, P_{hc,0}, P_{hc,2}, P_{hc,4}, P_pSN
#  Realization 83
8.018244989216327667e-03 2.343678092956542969e+01 1.373020782470703125e+02 1.852635345458984375e+02 2.667978820800781250e+02 3.921902160644531250e+02 5.551543045043945312e+01 1.581788330078125000e+02 3.421408081054687500e+01 6.435360717773437500e+01 1.463656330108642578e+01 1.682961273193359375e+01 2.062561607360839844e+01
1.401655934751033783e-02 2.951355552673339844e+01 2.508173217773437500e+02 3.036082153320312500e+02 1.502739410400390625e+02 -1.726412048339843750e+02 8.368046569824218750e+01 2.751334838867187500e+02 1.866090965270996094e+01 9.210029602050781250e+01 5.664902210235595703e+00 -4.307221889495849609e+00 2.062561607360839844e+01
1.969251595437526703e-02 3.469031143188476562e+01 2.583200073242187500e+02 3.242675476074218750e+02 3.121728820800781250e+02 2.687363891601562500e+02 9.194001007080078125e+01 2.883594665527343750e+02 4.365566635131835938e+01 1.025129776000976562e+02 1.170356369018554688e+01 6.525083541870117188e+00 2.062561607360839844e+01
2.551339380443096161e-02 3.931164550781250000e+01 3.088352966308593750e+02 3.735848388671875000e+02 1.030833358764648438e+02 1.139338493347167969e+01 1.080515899658203125e+02 3.384105834960937500e+02 5.906570434570312500e+00 1.187631683349609375e+02 2.044043779373168945e+00 5.229405164718627930e-01 2.062561607360839844e+01
3.202908113598823547e-02 2.818914413452148438e+01 2.438864746093750000e+02 2.880725097656250000e+02 1.258046436309814453e+01 3.103814506530761719e+01 8.010971832275390625e+01 2.640275573730468750e+02 -7.304595947265625000e+00 8.707053375244140625e+01 -2.435741901397705078e+00 1.668696522712707520e+00 2.062561607360839844e+01
3.846523538231849670e-02 2.638676834106445312e+01 2.187007446289062500e+02 2.581551818847656250e+02 1.711040496826171875e+01 -1.058071422576904297e+01 7.307482910156250000e+01 2.366955871582031250e+02 -4.634417533874511719e+00 7.950935363769531250e+01 -1.296980261802673340e+00 2.469821274280548096e-01 2.062561607360839844e+01
4.443310573697090149e-02 2.202877235412597656e+01 1.982220916748046875e+02 2.373700561523437500e+02 6.822528076171875000e+01 -4.035543823242187500e+01 6.349607849121093750e+01 2.159331970214843750e+02 4.808127403259277344e+00 6.954570770263671875e+01 1.851678609848022461e+00 -1.294901490211486816e+00 2.062561607360839844e+01
5.042308941483497620e-02 1.800166320800781250e+01 1.634350433349609375e+02 1.948273010253906250e+02 4.745368957519531250e+01 -7.510161876678466797e+00 5.173730850219726562e+01 1.775188446044921875e+02 2.087359666824340820e+00 5.655974960327148438e+01 1.244785070419311523e+00 -4.503332674503326416e-01 2.062561607360839844e+01
5.690929666161537170e-02 1.627008819580078125e+01 1.460479278564453125e+02 1.736776580810546875e+02 4.382584381103515625e+01 -2.078981208801269531e+01 4.599756622314453125e+01 1.583397979736328125e+02 2.447478532791137695e+00 5.025371551513671875e+01 1.157666087150573730e+00 -7.112292647361755371e-01 2.062561607360839844e+01
6.341847032308578491e-02 1.595540142059326172e+01 1.410092163085937500e+02 1.661322174072265625e+02 4.312421798706054688e+01 5.425252151489257812e+01 4.499855422973632812e+01 1.520262756347656250e+02 2.221864223480224609e+00 4.881531906127929688e+01 8.920607566833496094e-01 1.621849179267883301e+00 2.062561607360839844e+01
6.949992477893829346e-02 1.423097515106201172e+01 1.309380035400390625e+02 1.546503295898437500e+02 4.927128982543945312e+01 2.314590930938720703e+00 4.065189743041992188e+01 1.412517700195312500e+02 4.063172340393066406e+00 4.405406188964843750e+01 1.134762167930603027e+00 1.480620950460433960e-01 2.062561607360839844e+01
7.558133453130722046e-02 1.308608150482177734e+01 1.219068679809570312e+02 1.443562469482421875e+02 3.785781860351562500e+01 -1.081677913665771484e+01 3.734863662719726562e+01 1.316266174316406250e+02 2.443296194076538086e+00 4.055077743530273438e+01 7.776795625686645508e-01 -2.198471724987030029e-01 2.062561607360839844e+01
8.196274191141128540e-02 1.180964660644531250e+01 1.141650314331054688e+02 1.349560394287109375e+02 3.816551208496093750e+01 9.970914840698242188e+00 3.415227890014648438e+01 1.229298477172851562e+02 2.437603950500488281e+00 3.705749893188476562e+01 7.869932651519775391e-01 2.700996994972229004e-01 2.062561607360839844e+01
8.830232173204421997e-02 1.055473995208740234e+01 1.035117492675781250e+02 1.219382781982421875e+02 2.936498451232910156e+01 1.439781379699707031e+01 3.048224830627441406e+01 1.111153640747070312e+02 1.383317232131958008e+00 3.293370437622070312e+01 3.422578573226928711e-01 5.192930102348327637e-01 2.062561607360839844e+01
9.435217082500457764e-02 9.421706199645996094e+00 9.194985961914062500e+01 1.104551925659179688e+02 3.858169937133789062e+01 -2.485146284103393555e+00 2.692092132568359375e+01 9.950180816650390625e+01 3.040108919143676758e+00 2.936921501159667969e+01 9.633596539497375488e-01 -1.386155933141708374e-01 2.062561607360839844e+01
1.005600690841674805e-01 7.937191963195800781e+00 8.204354858398437500e+01 9.696315765380859375e+01 2.668557739257812500e+01 5.641868114471435547e+00 2.306204414367675781e+01 8.783650970458984375e+01 1.355933547019958496e+00 2.486858940124511719e+01 4.815739691257476807e-01 -6.473989784717559814e-02 2.062561607360839844e+01
1.070138886570930481e-01 7.616409778594970703e+00 8.161518096923828125e+01 9.580396270751953125e+01 2.879504013061523438e+01 2.168115615844726562e+00 2.240508270263671875e+01 8.699785614013671875e+01 1.893939614295959473e+00 2.405343246459960938e+01 5.612787604331970215e-01 7.008741796016693115e-02 2.062561607360839844e+01
1.134273484349250793e-01 7.314968585968017578e+00 7.942460632324218750e+01 9.245769500732421875e+01 1.925466918945312500e+01 8.421186447143554688e+00 2.157105636596679688e+01 8.414054870605468750e+01 3.063164055347442627e-01 2.304658699035644531e+01 8.970507979393005371e-02 2.332496941089630127e-01 2.062561607360839844e+01
1.196089535951614380e-01 6.830563545227050781e+00 7.337628936767578125e+01 8.579030609130859375e+01 2.622334289550781250e+01 1.047564411163330078e+01 1.992790985107421875e+01 7.776959991455078125e+01 1.810214281082153320e+00 2.133300781250000000e+01 6.389313340187072754e-01 2.016180008649826050e-01 2.062561607360839844e+01
1.257804334163665771e-01 6.295530796051025391e+00 7.109706878662109375e+01 8.392694854736328125e+01 2.790097427368164062e+01 -3.327032089233398438e+00 1.862685585021972656e+01 7.558751678466796875e+01 2.023826122283935547e+00 1.996042633056640625e+01 5.615312457084655762e-01 -1.965709775686264038e-01 2.062561607360839844e+01
1.321490257978439331e-01 6.323491096496582031e+00 7.279000091552734375e+01 8.450363159179687500e+01 2.617422866821289062e+01 -9.741745948791503906e+00 1.903514862060546875e+01 7.663576507568359375e+01 1.985239028930664062e+00 2.027524375915527344e+01 6.370834112167358398e-01 -2.243583500385284424e-01 2.062561607360839844e+01
1.384563297033309937e-01 5.696227073669433594e+00 6.620804595947265625e+01 7.678401184082031250e+01 2.094669532775878906e+01 8.857652544975280762e-01 1.702903175354003906e+01 6.943866729736328125e+01 8.993511199951171875e-01 1.804647827148437500e+01 2.960224747657775879e-01 -2.185781486332416534e-03 2.062561607360839844e+01
1.446497291326522827e-01 5.380664825439453125e+00 6.360309600830078125e+01 7.499556732177734375e+01 2.567170906066894531e+01 -6.864085197448730469e-01 1.610110664367675781e+01 6.704989624023437500e+01 1.722569823265075684e+00 1.717771339416503906e+01 4.630272686481475830e-01 -4.203260317444801331e-02 2.062561607360839844e+01
1.508535146713256836e-01 4.893620967864990234e+00 6.107052230834960938e+01 7.050967407226562500e+01 2.515816307067871094e+01 9.271924972534179688e+00 1.497056674957275391e+01 6.353075027465820312e+01 1.852476596832275391e+00 1.573139476776123047e+01 5.227810144424438477e-01 1.481992751359939575e-01 2.062561607360839844e+01
1.571729034185409546e-01 4.527665138244628906e+00 5.711573791503906250e+01 6.709610748291015625e+01 2.215122985839843750e+01 5.371955394744873047e+00 1.375762176513671875e+01 5.980112457275390625e+01 1.189270377159118652e+00 1.458126544952392578e+01 3.790319859981536865e-01 8.385910093784332275e-02 2.062561607360839844e+01
1.635417938232421875e-01 4.216455936431884766e+00 5.549369430541992188e+01 6.490430450439453125e+01 2.359034347534179688e+01 2.768636703491210938e+00 1.298521709442138672e+01 5.776756668090820312e+01 1.584161758422851562e+00 1.371189117431640625e+01 4.545975923538208008e-01 8.278167992830276489e-02 2.062561607360839844e+01
1.698256134986877441e-01 3.913558006286621094e+00 5.225632476806640625e+01 6.027344894409179688e+01 1.498087501525878906e+01 4.279155254364013672e+00 1.202926731109619141e+01 5.395029067993164062e+01 3.095583319664001465e-01 1.257256793975830078e+01 1.046604812145233154e-01 5.802885815501213074e-02 2.062561607360839844e+01
1.761013567447662354e-01 3.796920299530029297e+00 5.143542098999023438e+01 5.989350128173828125e+01 1.754043960571289062e+01 6.350486755371093750e+00 1.179468154907226562e+01 5.312230682373046875e+01 5.188654661178588867e-01 1.231477642059326172e+01 1.267471313476562500e-01 1.087426096200942993e-01 2.062561607360839844e+01
1.823998540639877319e-01 3.657620906829833984e+00 4.996412277221679688e+01 5.812870407104492188e+01 1.849821090698242188e+01 5.919736862182617188e+00 1.124731063842773438e+01 5.131432723999023438e+01 6.506908535957336426e-01 1.174756336212158203e+01 2.346321195363998413e-01 1.294212490320205688e-01 2.062561607360839844e+01
1.886507123708724976e-01 3.466690778732299805e+00 4.798888015747070312e+01 5.557337951660156250e+01 1.494150352478027344e+01 2.538197040557861328e+00 1.072204303741455078e+01 4.908339691162109375e+01 1.947231739759445190e-01 1.112428951263427734e+01 1.903537660837173462e-01 3.921816498041152954e-02 2.062561607360839844e+01
1.949081569910049438e-01 3.376762151718139648e+00 4.899947738647460938e+01 5.617536544799804688e+01 1.370974445343017578e+01 5.507236003875732422e+00 1.065613174438476562e+01 4.978024291992187500e+01 -1.894378475844860077e-02 1.094433784484863281e+01 5.137144401669502258e-02 1.109127029776573181e-01 2.062561607360839844e+01
2.011425346136093140e-01 3.228978633880615234e+00 4.684740066528320312e+01 5.395101547241210938e+01 1.366247844696044922e+01 2.883282184600830078e+00 1.008092308044433594e+01 4.746746444702148438e+01 -6.540991365909576416e-02 1.033066749572753906e+01 2.516679232940077782e-03 1.850965805351734161e-02 2.062561607360839844e+01
2.073954045772552490e-01 3.016479253768920898e+00 4.568004989624023438e+01 5.220219802856445312e+01 1.444480514526367188e+01 3.655732274055480957e-01 9.594656944274902344e+00 4.600238418579101562e+01 1.742054373025894165e-01 9.804388999938964844e+00 1.261269897222518921e-01 -7.728027645498514175e-03 2.062561607360839844e+01
2.137389332056045532e-01 2.937226057052612305e+00 4.502140426635742188e+01 5.149335861206054688e+01 1.399043369293212891e+01 2.871441125869750977e+00 9.372119903564453125e+00 4.520067214965820312e+01 5.471462011337280273e-02 9.545623779296875000e+00 1.036058515310287476e-01 -2.640601806342601776e-02 2.062561607360839844e+01
2.200330942869186401e-01 2.728317737579345703e+00 4.387031173706054688e+01 5.003724288940429688e+01 1.197477340698242188e+01 5.407637119293212891e+00 8.875816345214843750e+00 4.382007980346679688e+01 -3.451757133007049561e-01 9.005564689636230469e+00 -3.370332345366477966e-02 7.943826913833618164e-02 2.062561607360839844e+01
2.262930423021316528e-01 2.620254755020141602e+00 4.225182342529296875e+01 4.821541976928710938e+01 1.185361766815185547e+01 -9.834349751472473145e-01 8.451558113098144531e+00 4.207690048217773438e+01 -1.663034260272979736e-01 8.563942909240722656e+00 4.670468624681234360e-03 -2.651469223201274872e-02 2.062561607360839844e+01
2.325985133647918701e-01 2.488008975982666016e+00 4.104083633422851562e+01 4.701904678344726562e+01 1.277479839324951172e+01 3.672309160232543945e+00 8.066508293151855469e+00 4.069276046752929688e+01 -2.522355020046234131e-01 8.171547889709472656e+00 4.977810382843017578e-02 7.649192959070205688e-02 2.062561607360839844e+01
2.388891130685806274e-01 2.381477117538452148e+00 4.041834259033203125e+01 4.661806869506835938e+01 1.505903434753417969e+01 -5.388244986534118652e-01 7.810935020446777344e+00 4.002794265747070312e+01 1.731344759464263916e-01 7.887602806091308594e+00 1.000102013349533081e-01 -2.517160773277282715e-02 2.062561607360839844e+01
2.451218813657760620e-01 2.310561418533325195e+00 3.926461410522460938e+01 4.504949569702148438e+01 1.150952243804931641e+01 3.613017797470092773e+00 7.565921783447265625e+00 3.852440643310546875e+01 -5.499604940414428711e-01 7.535669803619384766e+00 -3.593206405639648438e-02 6.731306016445159912e-02 2.062561607360839844e+01
2.513737380504608154e-01 2.265869379043579102e+00 3.977500152587890625e+01 4.540431213378906250e+01 1.196178150177001953e+01 4.618268489837646484e+00 7.519479274749755859e+00 3.881595230102539062e+01 -4.859874546527862549e-01 7.461163043975830078e+00 -5.351070687174797058e-02 6.576537340879440308e-02 2.062561607360839844e+01
2.577070593833923340e-01 2.207841396331787109e+00 3.854114532470703125e+01 4.345991134643554688e+01 9.880692481994628906e+00 2.208090305328369141e+00 7.225973606109619141e+00 3.728337097167968750e+01 -5.782812833786010742e-01 7.114809989929199219e+00 -3.343541175127029419e-02 8.343023806810379028e-02 2.062561607360839844e+01
2.640204429626464844e-01 2.116653919219970703e+00 3.832194137573242188e+01 4.342966842651367188e+01 1.133436203002929688e+01 2.445856809616088867e+00 7.034035205841064453e+00 3.700125503540039062e+01 -4.210737347602844238e-01 6.918760299682617188e+00 -2.510495716705918312e-03 5.647031217813491821e-02 2.062561607360839844e+01
2.702898085117340088e-01 2.025562047958374023e+00 3.710225677490234375e+01 4.186932754516601562e+01 1.133728122711181641e+01 2.120901346206665039e+00 6.728498458862304688e+00 3.543839263916015625e+01 -4.812268316745758057e-01 6.550242424011230469e+00 -3.419473394751548767e-02 2.952297404408454895e-02 2.062561607360839844e+01
2.765615284442901611e-01 1.950446605682373047e+00 3.703417968750000000e+01 4.158425903320312500e+01 1.106922149658203125e+01 2.812216281890869141e+00 6.563436031341552734e+00 3.515278625488281250e+01 -5.930113792419433594e-01 6.325549125671386719e+00 -1.101793199777603149e-01 3.026257455348968506e-02 2.062561607360839844e+01
2.828698754310607910e-01 1.897770881652832031e+00 3.653715515136718750e+01 4.165970230102539062e+01 1.086248016357421875e+01 2.992824316024780273e+00 6.409496784210205078e+00 3.476230621337890625e+01 -8.118669390678405762e-01 6.261698246002197266e+00 -8.843376487493515015e-02 4.397798702120780945e-02 2.062561607360839844e+01
2.891486585140228271e-01 1.846339225769042969e+00 3.584154129028320312e+01 4.023545455932617188e+01 9.132369995117187500e+00 3.137479305267333984e+00 6.241543292999267578e+00 3.385284423828125000e+01 -8.048645853996276855e-01 6.009344577789306641e+00 -9.949438273906707764e-02 5.616653710603713989e-02 2.062561607360839844e+01
2.953523397445678711e-01 1.782890439033508301e+00 3.525727462768554688e+01 3.976929092407226562e+01 1.087240695953369141e+01 1.842177033424377441e+00 6.057559967041015625e+00 3.296977233886718750e+01 -7.008367180824279785e-01 5.795436859130859375e+00 -5.220739915966987610e-02 4.103034734725952148e-02 2.062561607360839844e+01
3.016075491905212402e-01 1.696323871612548828e+00 3.395658874511718750e+01 3.810111999511718750e+01 9.034780502319335938e+00 3.519500732421875000e+00 5.750368118286132812e+00 3.156271362304687500e+01 -8.780691623687744141e-01 5.428387165069580078e+00 -1.098324134945869446e-01 9.085748344659805298e-02 2.062561607360839844e+01
3.079382479190826416e-01 1.679623484611511230e+00 3.436369705200195312e+01 3.867527008056640625e+01 8.852148056030273438e+00 1.813068628311157227e+00 5.769807815551757812e+00 3.190783691406250000e+01 -1.014665126800537109e+00 5.473745822906494141e+00 -1.155149266123771667e-01 3.350215405225753784e-02 2.062561607360839844e+01
3.142760396003723145e-01 1.620350122451782227e+00 3.354226684570312500e+01 3.767634582519531250e+01 8.523018836975097656e+00 3.847347974777221680e+00 5.550942897796630859e+00 3.079045867919921875e+01 -1.123948931694030762e+00 5.208188533782958984e+00 -1.599764525890350342e-01 7.933476567268371582e-02 2.062561607360839844e+01
3.205462992191314697e-01 1.602051973342895508e+00 3.341217041015625000e+01 3.713486099243164062e+01 9.072981834411621094e+00 1.491960287094116211e+00 5.500332832336425781e+00 3.046160507202148438e+01 -9.606809616088867188e-01 5.089374065399169922e+00 -1.395411640405654907e-01 3.385784104466438293e-02 2.062561607360839844e+01
3.268128037452697754e-01 1.564729690551757812e+00 3.340782928466796875e+01 3.720375061035156250e+01 7.390831470489501953e+00 3.295836210250854492e+00 5.406235694885253906e+00 3.022883033752441406e+01 -1.429974198341369629e+00 4.977058887481689453e+00 -1.915380060672760010e-01 6.390209496021270752e-02 2.062561607360839844e+01
3.331238031387329102e-01 1.550389289855957031e+00 3.330673980712890625e+01 3.704028320312500000e+01 8.178133964538574219e+00 4.712776660919189453e+00 5.359910964965820312e+00 3.003346443176269531e+01 -1.349354028701782227e+00 4.957511425018310547e+00 -1.803376823663711548e-01 5.630051344633102417e-02 2.062561607360839844e+01
3.394046723842620850e-01 1.513338565826416016e+00 3.268507003784179688e+01 3.620643997192382812e+01 7.505562305450439453e+00 2.923449754714965820e+00 5.191501140594482422e+00 2.921596527099609375e+01 -1.405036687850952148e+00 4.715204238891601562e+00 -2.016723304986953735e-01 3.823334723711013794e-02 2.062561607360839844e+01
3.456391692161560059e-01 1.474929332733154297e+00 3.214653015136718750e+01 3.561308670043945312e+01 7.236986160278320312e+00 3.868813276290893555e+00 5.068128585815429688e+00 2.846450233459472656e+01 -1.491471767425537109e+00 4.589861869812011719e+00 -2.071439027786254883e-01 9.402406960725784302e-02 2.062561607360839844e+01
3.518808186054229736e-01 1.457079410552978516e+00 3.223197555541992188e+01 3.545037078857421875e+01 7.367853641510009766e+00 5.056013107299804688e+00 5.077599525451660156e+00 2.827435684204101562e+01 -1.533533930778503418e+00 4.554212570190429688e+00 -2.196007370948791504e-01 8.449342101812362671e-02 2.062561607360839844e+01
3.582032322883605957e-01 1.444292426109313965e+00 3.220520019531250000e+01 3.560263442993164062e+01 7.178803920745849609e+00 5.021464347839355469e+00 5.023127555847167969e+00 2.824026107788085938e+01 -1.620790600776672363e+00 4.524459838867187500e+00 -2.135894000530242920e-01 9.166791290044784546e-02 2.062561607360839844e+01
3.645117878913879395e-01 1.426013469696044922e+00 3.263782501220703125e+01 3.563959884643554688e+01 6.372540473937988281e+00 6.187936305999755859e+00 4.988759994506835938e+00 2.834570503234863281e+01 -1.745216012001037598e+00 4.427654743194580078e+00 -2.292280644178390503e-01 1.072813645005226135e-01 2.062561607360839844e+01
3.707640767097473145e-01 1.407404541969299316e+00 3.194854736328125000e+01 3.553339004516601562e+01 7.906962394714355469e+00 7.677967071533203125e+00 4.863309383392333984e+00 2.765300178527832031e+01 -1.684737920761108398e+00 4.274679183959960938e+00 -2.303768992424011230e-01 1.350270211696624756e-01 2.062561607360839844e+01
3.770540952682495117e-01 1.398643255233764648e+00 3.225128173828125000e+01 3.596220779418945312e+01 7.917064189910888672e+00 1.005088329315185547e+01 4.850361824035644531e+00 2.782731628417968750e+01 -1.904918313026428223e+00 4.278239250183105469e+00 -2.682170271873474121e-01 1.383292227983474731e-01 2.062561607360839844e+01
3.833588361740112305e-01 1.400308728218078613e+00 3.286596298217773438e+01 3.601499176025390625e+01 7.071758747100830078e+00 1.018157100677490234e+01 4.918503761291503906e+00 2.796477890014648438e+01 -1.961299180984497070e+00 4.283008098602294922e+00 -2.519505918025970459e-01 1.668645739555358887e-01 2.062561607360839844e+01
3.896513879299163818e-01 1.397915244102478027e+00 3.301904678344726562e+01 3.611651992797851562e+01 7.447068214416503906e+00 1.267756175994873047e+01 4.911309242248535156e+00 2.775721359252929688e+01 -2.117470502853393555e+00 4.214140415191650391e+00 -2.780529856681823730e-01 1.835451275110244751e-01 2.062561607360839844e+01
3.958770036697387695e-01 1.416207194328308105e+00 3.428913879394531250e+01 3.728251266479492188e+01 8.023458480834960938e+00 1.696574211120605469e+01 5.015151023864746094e+00 2.884214401245117188e+01 -2.124894857406616211e+00 4.292011737823486328e+00 -2.742061018943786621e-01 2.285901159048080444e-01 2.062561607360839844e+01
4.021010994911193848e-01 1.406947016716003418e+00 3.437233734130859375e+01 3.759782791137695312e+01 6.588077545166015625e+00 1.637651634216308594e+01 4.976658821105957031e+00 2.865167999267578125e+01 -2.476463317871093750e+00 4.236876487731933594e+00 -3.098928630352020264e-01 2.239689379930496216e-01 2.062561607360839844e+01
