# k, P_{cc}, P_{hh,r}, P_{hh,0}, P_{hh,2}, P_{hh,4}, P_{hc,r}, P_{hc,0}, P_{hc,2}, P_{hc,4}, P_pSN
#  Realization 48
8.018244989216327667e-03 3.953347396850585938e+01 3.232757568359375000e+02 3.920136108398437500e+02 5.234695053100585938e+01 -6.051718750000000000e+02 1.104122848510742188e+02 3.550993347167968750e+02 1.231346726417541504e+00 1.220672607421875000e+02 2.497102737426757812e+00 -2.034034347534179688e+01 2.065986442565917969e+01
1.401655934751033783e-02 3.121024703979492188e+01 2.650836791992187500e+02 3.192740783691406250e+02 1.219403305053710938e+02 8.483417510986328125e+01 8.868631744384765625e+01 2.900462646484375000e+02 1.178328609466552734e+01 9.693946075439453125e+01 1.171152710914611816e+00 2.158997535705566406e+00 2.065986442565917969e+01
1.969251595437526703e-02 2.896727752685546875e+01 2.307878417968750000e+02 2.807167968750000000e+02 9.132856750488281250e+01 1.008361892700195312e+02 7.955561828613281250e+01 2.534068145751953125e+02 5.564718246459960938e+00 8.810579681396484375e+01 3.670852899551391602e+00 2.681132316589355469e+00 2.065986442565917969e+01
2.551339380443096161e-02 2.792176437377929688e+01 2.305670623779296875e+02 2.803503723144531250e+02 1.394562530517578125e+02 3.483532714843750000e+01 7.769400787353515625e+01 2.532602996826171875e+02 1.547692012786865234e+01 8.579700469970703125e+01 5.093114376068115234e+00 1.703651785850524902e+00 2.065986442565917969e+01
3.202908113598823547e-02 2.791868019104003906e+01 2.290725860595703125e+02 2.762536010742187500e+02 9.950805664062500000e+01 -9.298778533935546875e+01 7.759227752685546875e+01 2.506921844482421875e+02 9.771284103393554688e+00 8.537941741943359375e+01 3.793496370315551758e+00 -3.195379734039306641e+00 2.065986442565917969e+01
3.846523538231849670e-02 2.394918823242187500e+01 2.059259490966796875e+02 2.482478637695312500e+02 8.973545074462890625e+01 3.454899978637695312e+01 6.763251495361328125e+01 2.250899658203125000e+02 7.566773891448974609e+00 7.440482330322265625e+01 3.136575222015380859e+00 7.699943780899047852e-01 2.065986442565917969e+01
4.443310573697090149e-02 2.186022567749023438e+01 1.863502349853515625e+02 2.243119659423828125e+02 1.233961944580078125e+02 5.216659927368164062e+01 6.086336517333984375e+01 2.035222473144531250e+02 1.487850475311279297e+01 6.694673156738281250e+01 4.985987186431884766e+00 1.555381536483764648e+00 2.065986442565917969e+01
5.042308941483497620e-02 1.914798545837402344e+01 1.633228149414062500e+02 1.977494506835937500e+02 9.372008514404296875e+01 3.485852813720703125e+01 5.336408996582031250e+01 1.787496948242187500e+02 1.017660045623779297e+01 5.886855316162109375e+01 3.613106250762939453e+00 6.457895636558532715e-01 2.065986442565917969e+01
5.690929666161537170e-02 1.658393478393554688e+01 1.500883483886718750e+02 1.795059051513671875e+02 6.399997711181640625e+01 -9.863842964172363281e+00 4.724299621582031250e+01 1.631155090332031250e+02 5.686309337615966797e+00 5.172716140747070312e+01 1.872199654579162598e+00 -3.426540791988372803e-01 2.065986442565917969e+01
6.341847032308578491e-02 1.557346248626708984e+01 1.408739929199218750e+02 1.665188598632812500e+02 4.528195953369140625e+01 1.746020126342773438e+01 4.420590591430664062e+01 1.521922454833984375e+02 2.811588525772094727e+00 4.802657318115234375e+01 7.772207260131835938e-01 3.720031082630157471e-01 2.065986442565917969e+01
6.949992477893829346e-02 1.455783939361572266e+01 1.289351196289062500e+02 1.554725494384765625e+02 5.920270538330078125e+01 8.969696998596191406e+00 4.071398162841796875e+01 1.404660797119140625e+02 4.974048137664794922e+00 4.464446258544921875e+01 1.675238132476806641e+00 4.564781486988067627e-01 2.065986442565917969e+01
7.558133453130722046e-02 1.325460433959960938e+01 1.254519042968750000e+02 1.485575561523437500e+02 4.472769927978515625e+01 -1.850386238098144531e+01 3.818458938598632812e+01 1.353235168457031250e+02 3.378015279769897461e+00 4.153635787963867188e+01 1.065614342689514160e+00 -7.061350941658020020e-01 2.065986442565917969e+01
8.196274191141128540e-02 1.142294788360595703e+01 1.097793426513671875e+02 1.296756439208984375e+02 5.603480911254882812e+01 1.710149574279785156e+01 3.276391601562500000e+01 1.182188491821289062e+02 6.070308208465576172e+00 3.555476379394531250e+01 1.916387796401977539e+00 3.898729979991912842e-01 2.065986442565917969e+01
8.830232173204421997e-02 1.084165954589843750e+01 1.092428436279296875e+02 1.300718383789062500e+02 4.832706069946289062e+01 1.027179121971130371e+00 3.182122039794921875e+01 1.179399795532226562e+02 4.493257522583007812e+00 3.465160751342773438e+01 1.566471338272094727e+00 -5.092781409621238708e-02 2.065986442565917969e+01
9.435217082500457764e-02 9.318432807922363281e+00 9.487973022460937500e+01 1.117521286010742188e+02 3.762241363525390625e+01 4.301327896118164062e+01 2.709092140197753906e+01 1.017296905517578125e+02 2.826914548873901367e+00 2.929080963134765625e+01 7.337431907653808594e-01 1.134903073310852051e+00 2.065986442565917969e+01
1.005600690841674805e-01 8.456492424011230469e+00 8.705923461914062500e+01 1.024159393310546875e+02 3.539245605468750000e+01 6.183298110961914062e+00 2.449152565002441406e+01 9.315847015380859375e+01 3.214071512222290039e+00 2.638630676269531250e+01 7.764362692832946777e-01 1.186205521225929260e-01 2.065986442565917969e+01
1.070138886570930481e-01 7.864981651306152344e+00 8.457631683349609375e+01 9.930693054199218750e+01 3.977472686767578125e+01 1.985881042480468750e+01 2.319511222839355469e+01 9.021155548095703125e+01 3.826936960220336914e+00 2.501939773559570312e+01 1.170348763465881348e+00 4.484025835990905762e-01 2.065986442565917969e+01
1.134273484349250793e-01 7.066058635711669922e+00 7.694500732421875000e+01 8.996374511718750000e+01 2.368238258361816406e+01 -2.981626987457275391e+00 2.085954856872558594e+01 8.173812103271484375e+01 1.317780494689941406e+00 2.242391777038574219e+01 4.884332418441772461e-01 -7.558120787143707275e-02 2.065986442565917969e+01
1.196089535951614380e-01 7.087804317474365234e+00 7.700773620605468750e+01 9.155899047851562500e+01 3.197519111633300781e+01 3.022649765014648438e+00 2.081684684753417969e+01 8.227586364746093750e+01 2.406136274337768555e+00 2.251008033752441406e+01 8.813780546188354492e-01 2.888621389865875244e-02 2.065986442565917969e+01
1.257804334163665771e-01 6.818607330322265625e+00 7.620581817626953125e+01 8.990727233886718750e+01 3.143342590332031250e+01 -4.758647918701171875e+00 2.028151702880859375e+01 8.104802703857421875e+01 2.294627428054809570e+00 2.182724189758300781e+01 7.242104411125183105e-01 -9.309519827365875244e-02 2.065986442565917969e+01
1.321490257978439331e-01 6.041089534759521484e+00 7.033117675781250000e+01 8.275975036621093750e+01 3.153676986694335938e+01 6.495825767517089844e+00 1.813894271850585938e+01 7.456890106201171875e+01 2.643082857131958008e+00 1.939932441711425781e+01 8.690922260284423828e-01 1.177390739321708679e-01 2.065986442565917969e+01
1.384563297033309937e-01 5.894795894622802734e+00 6.851870727539062500e+01 7.953271484375000000e+01 2.672250556945800781e+01 8.552094459533691406e+00 1.769324684143066406e+01 7.195682525634765625e+01 1.871907234191894531e+00 1.880685043334960938e+01 6.360221505165100098e-01 1.518559604883193970e-01 2.065986442565917969e+01
1.446497291326522827e-01 5.318283081054687500e+00 6.408719635009765625e+01 7.419960021972656250e+01 1.852863121032714844e+01 3.686579465866088867e+00 1.601871109008789062e+01 6.699508666992187500e+01 5.166541934013366699e-01 1.691036415100097656e+01 2.407848685979843140e-01 -1.272433903068304062e-02 2.065986442565917969e+01
1.508535146713256836e-01 4.751941204071044922e+00 5.936761856079101562e+01 6.954128265380859375e+01 2.244088745117187500e+01 -2.571370124816894531e+00 1.443813610076904297e+01 6.221360778808593750e+01 1.304521441459655762e+00 1.537386894226074219e+01 5.283232331275939941e-01 -9.123034030199050903e-02 2.065986442565917969e+01
1.571729034185409546e-01 4.639813899993896484e+00 5.772286987304687500e+01 6.737434387207031250e+01 2.116876029968261719e+01 6.387112617492675781e+00 1.404539775848388672e+01 6.021635437011718750e+01 1.045958995819091797e+00 1.487851142883300781e+01 3.854773044586181641e-01 2.247787080705165863e-02 2.065986442565917969e+01
1.635417938232421875e-01 4.193878173828125000e+00 5.376781082153320312e+01 6.270489120483398438e+01 1.729390144348144531e+01 2.171385049819946289e+00 1.268805122375488281e+01 5.591530990600585938e+01 4.798461496829986572e-01 1.339854145050048828e+01 1.623719930648803711e-01 3.089749068021774292e-02 2.065986442565917969e+01
1.698256134986877441e-01 3.946436882019042969e+00 5.230669021606445312e+01 6.112863159179687500e+01 1.857406425476074219e+01 3.966666460037231445e+00 1.207775974273681641e+01 5.420735168457031250e+01 6.750215888023376465e-01 1.273175430297851562e+01 2.259598523378372192e-01 2.209008671343326569e-02 2.065986442565917969e+01
1.761013567447662354e-01 3.807200908660888672e+00 5.147492599487304688e+01 5.956082153320312500e+01 1.630275344848632812e+01 -2.884710073471069336e+00 1.168083000183105469e+01 5.297768402099609375e+01 4.482980966567993164e-01 1.221762180328369141e+01 1.930875927209854126e-01 -9.967781603336334229e-02 2.065986442565917969e+01
1.823998540639877319e-01 3.660991191864013672e+00 5.012081146240234375e+01 5.782231903076171875e+01 1.235127449035644531e+01 3.104474067687988281e+00 1.131397151947021484e+01 5.135993194580078125e+01 -4.147130846977233887e-01 1.175377368927001953e+01 -7.813622057437896729e-02 -1.627540588378906250e-02 2.065986442565917969e+01
1.886507123708724976e-01 3.485520124435424805e+00 4.897521591186523438e+01 5.642980575561523438e+01 1.579569721221923828e+01 1.629724979400634766e+00 1.092380523681640625e+01 4.997782516479492188e+01 2.985304296016693115e-01 1.130846977233886719e+01 1.348009556531906128e-01 -1.479092147201299667e-02 2.065986442565917969e+01
1.949081569910049438e-01 3.368084907531738281e+00 4.868374252319335938e+01 5.663187789916992188e+01 1.603182792663574219e+01 3.852310657501220703e+00 1.059814739227294922e+01 4.981924057006835938e+01 2.077216655015945435e-01 1.099614620208740234e+01 8.632519096136093140e-02 6.731998920440673828e-02 2.065986442565917969e+01
2.011425346136093140e-01 3.245328664779663086e+00 4.852355194091796875e+01 5.527359008789062500e+01 1.283244895935058594e+01 2.104984045028686523e+00 1.034568595886230469e+01 4.893962860107421875e+01 -2.642409503459930420e-01 1.061946392059326172e+01 1.405667886137962341e-02 2.169200591742992401e-02 2.065986442565917969e+01
2.073954045772552490e-01 3.100349426269531250e+00 4.665829849243164062e+01 5.376076126098632812e+01 1.510559940338134766e+01 1.183411359786987305e+00 9.843132972717285156e+00 4.715860366821289062e+01 2.103467285633087158e-01 1.007721710205078125e+01 1.142160817980766296e-01 7.594433613121509552e-03 2.065986442565917969e+01
2.137389332056045532e-01 2.906281471252441406e+00 4.517872619628906250e+01 5.231358718872070312e+01 1.663785362243652344e+01 3.475907802581787109e+00 9.328955650329589844e+00 4.564701461791992188e+01 4.039258360862731934e-01 9.587649345397949219e+00 1.573808342218399048e-01 4.370798915624618530e-02 2.065986442565917969e+01
2.200330942869186401e-01 2.734661817550659180e+00 4.271075820922851562e+01 4.912347793579101562e+01 1.181671047210693359e+01 8.064006268978118896e-02 8.771136283874511719e+00 4.277526092529296875e+01 -3.447489440441131592e-01 8.908731460571289062e+00 -3.445173799991607666e-02 -1.509439665824174881e-02 2.065986442565917969e+01
2.262930423021316528e-01 2.629696130752563477e+00 4.294039154052734375e+01 4.931169128417968750e+01 1.324785137176513672e+01 4.678082466125488281e+00 8.538893699645996094e+00 4.277112960815429688e+01 -1.352311223745346069e-01 8.684138298034667969e+00 2.898881770670413971e-02 7.193788886070251465e-02 2.065986442565917969e+01
2.325985133647918701e-01 2.484541893005371094e+00 4.191664886474609375e+01 4.815539550781250000e+01 1.290207195281982422e+01 2.554331541061401367e+00 8.180777549743652344e+00 4.165008544921875000e+01 -2.598882019519805908e-01 8.276423454284667969e+00 1.414477452635765076e-02 2.953287214040756226e-02 2.065986442565917969e+01
2.388891130685806274e-01 2.459639072418212891e+00 4.167366027832031250e+01 4.736767959594726562e+01 1.014966678619384766e+01 -5.301398038864135742e-01 8.099015235900878906e+00 4.112096405029296875e+01 -5.120358467102050781e-01 8.136987686157226562e+00 -5.716928839683532715e-02 -2.790820412337779999e-02 2.065986442565917969e+01
2.451218813657760620e-01 2.328005790710449219e+00 4.005052185058593750e+01 4.518960189819335938e+01 1.102419567108154297e+01 1.114823579788208008e+00 7.674357414245605469e+00 3.909139251708984375e+01 -4.498608112335205078e-01 7.613096237182617188e+00 -4.195258021354675293e-02 1.335427258163690567e-02 2.065986442565917969e+01
2.513737380504608154e-01 2.206277608871459961e+00 3.899764251708984375e+01 4.427895355224609375e+01 1.076161289215087891e+01 1.720635533332824707e+00 7.277496337890625000e+00 3.797294235229492188e+01 -5.670903921127319336e-01 7.168183803558349609e+00 -7.347767055034637451e-02 2.740022353827953339e-02 2.065986442565917969e+01
2.577070593833923340e-01 2.143841505050659180e+00 3.853551101684570312e+01 4.370043945312500000e+01 1.102584266662597656e+01 1.142861962318420410e+00 7.104488849639892578e+00 3.736650466918945312e+01 -4.286488294601440430e-01 7.045461177825927734e+00 1.011166314128786325e-04 5.246246699243783951e-03 2.065986442565917969e+01
2.640204429626464844e-01 2.083702564239501953e+00 3.827553558349609375e+01 4.363254547119140625e+01 1.075977611541748047e+01 1.195768713951110840e+00 6.971460342407226562e+00 3.702371597290039062e+01 -6.614112257957458496e-01 6.899403572082519531e+00 -7.523705065250396729e-02 1.395736541599035263e-02 2.065986442565917969e+01
2.702898085117340088e-01 2.004287719726562500e+00 3.714156723022460938e+01 4.245821762084960938e+01 1.198799514770507812e+01 2.447193622589111328e+00 6.742733955383300781e+00 3.577547073364257812e+01 -3.899570405483245850e-01 6.622907638549804688e+00 -2.614260651171207428e-02 4.333259165287017822e-02 2.065986442565917969e+01
2.765615284442901611e-01 1.952139258384704590e+00 3.666456222534179688e+01 4.135038375854492188e+01 9.254915237426757812e+00 2.494025230407714844e+00 6.579597949981689453e+00 3.488793945312500000e+01 -9.126984477043151855e-01 6.363716602325439453e+00 -1.381947547197341919e-01 5.730189010500907898e-02 2.065986442565917969e+01
2.828698754310607910e-01 1.868117928504943848e+00 3.605833816528320312e+01 4.031446456909179688e+01 9.855303764343261719e+00 -4.275677800178527832e-01 6.338406562805175781e+00 3.407427597045898438e+01 -6.197040081024169922e-01 6.094121456146240234e+00 -6.988573074340820312e-02 1.326990197412669659e-03 2.065986442565917969e+01
2.891486585140228271e-01 1.822575569152832031e+00 3.615113067626953125e+01 4.082872009277343750e+01 1.076317596435546875e+01 4.484281063079833984e+00 6.265863418579101562e+00 3.416199111938476562e+01 -7.353169322013854980e-01 6.055966377258300781e+00 -9.061183035373687744e-02 9.232963621616363525e-02 2.065986442565917969e+01
2.953523397445678711e-01 1.760162711143493652e+00 3.473139572143554688e+01 3.922479248046875000e+01 1.083543682098388672e+01 2.527495384216308594e+00 5.976175785064697266e+00 3.255884933471679688e+01 -6.995400786399841309e-01 5.737149238586425781e+00 -7.171417772769927979e-02 5.429818853735923767e-02 2.065986442565917969e+01
3.016075491905212402e-01 1.741295814514160156e+00 3.501021194458007812e+01 3.939850616455078125e+01 9.169106483459472656e+00 1.940055489540100098e+00 5.971193790435791016e+00 3.271805191040039062e+01 -9.461464285850524902e-01 5.693460941314697266e+00 -1.575472205877304077e-01 4.772235825657844543e-02 2.065986442565917969e+01
3.079382479190826416e-01 1.704584836959838867e+00 3.467368316650390625e+01 3.920790863037109375e+01 1.069756221771240234e+01 3.777535438537597656e+00 5.832407474517822266e+00 3.236621093750000000e+01 -7.978369593620300293e-01 5.536533832550048828e+00 -9.159827232360839844e-02 6.050432845950126648e-02 2.065986442565917969e+01
3.142760396003723145e-01 1.630348205566406250e+00 3.357229232788085938e+01 3.775957107543945312e+01 8.775267601013183594e+00 1.937786817550659180e+00 5.567390918731689453e+00 3.089765548706054688e+01 -1.090298175811767578e+00 5.217488288879394531e+00 -1.519171297550201416e-01 2.780483663082122803e-02 2.065986442565917969e+01
3.205462992191314697e-01 1.608897089958190918e+00 3.372492218017578125e+01 3.739641189575195312e+01 8.721554756164550781e+00 2.565082311630249023e+00 5.549650192260742188e+00 3.067048454284667969e+01 -1.091203451156616211e+00 5.145092010498046875e+00 -1.370130181312561035e-01 6.397754698991775513e-02 2.065986442565917969e+01
3.268128037452697754e-01 1.558466553688049316e+00 3.333992004394531250e+01 3.710831451416015625e+01 8.178877830505371094e+00 2.720558166503906250e+00 5.386299133300781250e+00 3.025896072387695312e+01 -1.250917196273803711e+00 4.990847110748291016e+00 -1.761783659458160400e-01 5.092062428593635559e-02 2.065986442565917969e+01
3.331238031387329102e-01 1.556425333023071289e+00 3.302686309814453125e+01 3.695521545410156250e+01 8.319187164306640625e+00 2.892475366592407227e+00 5.341042518615722656e+00 2.991815185546875000e+01 -1.248616456985473633e+00 4.927098751068115234e+00 -1.827635765075683594e-01 5.481174960732460022e-02 2.065986442565917969e+01
3.394046723842620850e-01 1.499738335609436035e+00 3.278628158569335938e+01 3.665408706665039062e+01 8.520869255065917969e+00 3.545337915420532227e+00 5.208690643310546875e+00 2.947296333312988281e+01 -1.335326790809631348e+00 4.789420604705810547e+00 -1.802998781204223633e-01 6.114692240953445435e-02 2.065986442565917969e+01
3.456391692161560059e-01 1.491606473922729492e+00 3.253664779663085938e+01 3.598711776733398438e+01 7.335859775543212891e+00 5.456540107727050781e+00 5.135724067687988281e+00 2.885828399658203125e+01 -1.479318022727966309e+00 4.651529312133789062e+00 -2.094376534223556519e-01 9.301727265119552612e-02 2.065986442565917969e+01
3.518808186054229736e-01 1.447421312332153320e+00 3.227789306640625000e+01 3.583029937744140625e+01 8.683792114257812500e+00 5.157931804656982422e+00 5.032220363616943359e+00 2.856728553771972656e+01 -1.330789566040039062e+00 4.543954849243164062e+00 -1.774253100156784058e-01 6.926797330379486084e-02 2.065986442565917969e+01
3.582032322883605957e-01 1.423830270767211914e+00 3.218683624267578125e+01 3.550386047363281250e+01 6.930090904235839844e+00 3.430562496185302734e+00 4.959525585174560547e+00 2.824973106384277344e+01 -1.591916441917419434e+00 4.431272506713867188e+00 -2.025000154972076416e-01 7.446347177028656006e-02 2.065986442565917969e+01
3.645117878913879395e-01 1.419295191764831543e+00 3.228975296020507812e+01 3.543350219726562500e+01 6.859291553497314453e+00 4.902696609497070312e+00 4.946203708648681641e+00 2.795692825317382812e+01 -1.739251971244812012e+00 4.383839607238769531e+00 -2.226611226797103882e-01 7.131838053464889526e-02 2.065986442565917969e+01
3.707640767097473145e-01 1.399008631706237793e+00 3.194566535949707031e+01 3.525881576538085938e+01 7.485398769378662109e+00 7.010076045989990234e+00 4.853435516357421875e+00 2.759779930114746094e+01 -1.753153443336486816e+00 4.266506671905517578e+00 -2.372522205114364624e-01 1.122539564967155457e-01 2.065986442565917969e+01
3.770540952682495117e-01 1.392049074172973633e+00 3.240730285644531250e+01 3.533298492431640625e+01 6.813103199005126953e+00 8.819265365600585938e+00 4.856806755065917969e+00 2.765202522277832031e+01 -1.852349877357482910e+00 4.207872390747070312e+00 -2.584251463413238525e-01 1.309445351362228394e-01 2.065986442565917969e+01
3.833588361740112305e-01 1.413061022758483887e+00 3.314490890502929688e+01 3.649009704589843750e+01 7.960927963256835938e+00 1.151826000213623047e+01 4.957766056060791016e+00 2.841488838195800781e+01 -1.886796236038208008e+00 4.329480171203613281e+00 -2.372744977474212646e-01 1.745061427354812622e-01 2.065986442565917969e+01
3.896513879299163818e-01 1.385014176368713379e+00 3.279685211181640625e+01 3.624189758300781250e+01 8.075695037841796875e+00 1.470188522338867188e+01 4.818841457366943359e+00 2.779177665710449219e+01 -2.113453388214111328e+00 4.179577827453613281e+00 -2.843765020370483398e-01 1.932069212198257446e-01 2.065986442565917969e+01
3.958770036697387695e-01 1.410438299179077148e+00 3.364432907104492188e+01 3.673982238769531250e+01 7.857670307159423828e+00 1.549712562561035156e+01 4.952306747436523438e+00 2.826110267639160156e+01 -2.141884088516235352e+00 4.240942955017089844e+00 -2.658390700817108154e-01 2.034586220979690552e-01 2.065986442565917969e+01
4.021010994911193848e-01 1.427654623985290527e+00 3.438506698608398438e+01 3.795140075683593750e+01 8.235122680664062500e+00 1.609652709960937500e+01 5.027280330657958984e+00 2.885362434387207031e+01 -2.379050970077514648e+00 4.295088768005371094e+00 -3.126287460327148438e-01 2.037934958934783936e-01 2.065986442565917969e+01
