# k, P_{cc}, P_{hh,r}, P_{hh,0}, P_{hh,2}, P_{hh,4}, P_{hc,r}, P_{hc,0}, P_{hc,2}, P_{hc,4}, P_pSN
#  Realization 107
8.018244989216327667e-03 1.621920013427734375e+01 1.682906188964843750e+02 2.039650573730468750e+02 2.027033386230468750e+02 5.827547607421875000e+02 4.895241928100585938e+01 1.844594421386718750e+02 2.654560852050781250e+01 5.391839981079101562e+01 6.729964733123779297e+00 1.523045921325683594e+01 2.059600639343261719e+01
1.401655934751033783e-02 4.168851470947265625e+01 3.425332336425781250e+02 3.869201049804687500e+02 -2.878910522460937500e+02 1.045148849487304688e+02 1.172586517333984375e+02 3.631796875000000000e+02 -6.327724075317382812e+01 1.247710266113281250e+02 -2.154835700988769531e+01 4.317811965942382812e+00 2.059600639343261719e+01
1.969251595437526703e-02 3.722965621948242188e+01 3.145472717285156250e+02 3.839288024902343750e+02 2.068527526855468750e+02 2.494851837158203125e+02 1.056359176635742188e+02 3.462145690917968750e+02 2.265786170959472656e+01 1.164787597656250000e+02 6.830848693847656250e+00 6.967394351959228516e+00 2.059600639343261719e+01
2.551339380443096161e-02 3.411017990112304688e+01 2.897653808593750000e+02 3.440999755859375000e+02 -3.427319526672363281e+00 -4.350721740722656250e+01 9.711217498779296875e+01 3.145989074707031250e+02 -1.173400306701660156e+01 1.059269638061523438e+02 -3.404268741607666016e+00 -7.243911623954772949e-01 2.059600639343261719e+01
3.202908113598823547e-02 2.929583168029785156e+01 2.479933319091796875e+02 2.978341064453125000e+02 8.626567077636718750e+01 8.109688568115234375e+01 8.266401672363281250e+01 2.708110046386718750e+02 5.876165866851806641e+00 9.080078887939453125e+01 2.505760431289672852e+00 1.804096221923828125e+00 2.059600639343261719e+01
3.846523538231849670e-02 2.616080665588378906e+01 2.200108947753906250e+02 2.648668823242187500e+02 9.364852142333984375e+01 4.215622329711914062e+01 7.327814483642578125e+01 2.403855590820312500e+02 7.708506584167480469e+00 8.044727325439453125e+01 2.710200309753417969e+00 1.524716377258300781e+00 2.059600639343261719e+01
4.443310573697090149e-02 2.177920150756835938e+01 1.863209381103515625e+02 2.227492980957031250e+02 6.077882003784179688e+01 2.171729660034179688e+01 6.099134826660156250e+01 2.028350219726562500e+02 3.776674747467041016e+00 6.681075286865234375e+01 1.089911580085754395e+00 9.314843267202377319e-02 2.059600639343261719e+01
5.042308941483497620e-02 1.916272926330566406e+01 1.726247558593750000e+02 2.053619384765625000e+02 6.317901611328125000e+01 4.918234348297119141e+00 5.503112792968750000e+01 1.873873901367187500e+02 5.205711364746093750e+00 6.015762710571289062e+01 1.846751332283020020e+00 4.484618306159973145e-01 2.059600639343261719e+01
5.690929666161537170e-02 1.502826976776123047e+01 1.360168457031250000e+02 1.625776824951171875e+02 6.954104614257812500e+01 -2.711516189575195312e+01 4.255038070678710938e+01 1.478859710693359375e+02 7.799526691436767578e+00 4.649951934814453125e+01 2.364784002304077148e+00 -8.878495693206787109e-01 2.059600639343261719e+01
6.341847032308578491e-02 1.576497364044189453e+01 1.450236663818359375e+02 1.724554901123046875e+02 5.162168502807617188e+01 2.662418365478515625e+01 4.503841400146484375e+01 1.570700225830078125e+02 3.403543949127197266e+00 4.920530700683593750e+01 1.352386355400085449e+00 7.012262940406799316e-01 2.059600639343261719e+01
6.949992477893829346e-02 1.494338035583496094e+01 1.359759674072265625e+02 1.650278015136718750e+02 8.554164123535156250e+01 1.323233699798583984e+01 4.233326721191406250e+01 1.486648864746093750e+02 9.391201972961425781e+00 4.656316375732421875e+01 2.841697454452514648e+00 1.289660930633544922e-01 2.059600639343261719e+01
7.558133453130722046e-02 1.320092868804931641e+01 1.272644424438476562e+02 1.488643646240234375e+02 2.183328628540039062e+01 6.413757801055908203e-01 3.834173965454101562e+01 1.366170196533203125e+02 -4.221568107604980469e-01 4.140063858032226562e+01 -2.863561511039733887e-01 -3.908535093069076538e-02 2.059600639343261719e+01
8.196274191141128540e-02 1.184096336364746094e+01 1.146943893432617188e+02 1.373928985595703125e+02 4.560689544677734375e+01 8.931137084960937500e+00 3.430515670776367188e+01 1.243852615356445312e+02 3.478928804397583008e+00 3.744844055175781250e+01 1.197194814682006836e+00 3.507075011730194092e-01 2.059600639343261719e+01
8.830232173204421997e-02 1.025252819061279297e+01 9.909385681152343750e+01 1.153679199218750000e+02 3.158741760253906250e+01 -8.437623977661132812e-01 2.940781784057617188e+01 1.057804870605468750e+02 2.190494060516357422e+00 3.164038467407226562e+01 8.164579868316650391e-01 -1.244884058833122253e-01 2.059600639343261719e+01
9.435217082500457764e-02 9.180488586425781250e+00 9.270644378662109375e+01 1.104396743774414062e+02 3.977501678466796875e+01 -1.475744628906250000e+01 2.665697288513183594e+01 9.988523101806640625e+01 3.386706113815307617e+00 2.903946113586425781e+01 1.230613470077514648e+00 -5.860316753387451172e-01 2.059600639343261719e+01
1.005600690841674805e-01 8.056961059570312500e+00 8.462776184082031250e+01 9.961743927001953125e+01 2.915815353393554688e+01 -3.601158142089843750e+00 2.362066268920898438e+01 9.052919006347656250e+01 2.005133390426635742e+00 2.551923751831054688e+01 6.574501395225524902e-01 -8.240967988967895508e-02 2.059600639343261719e+01
1.070138886570930481e-01 7.801285743713378906e+00 8.157114410400390625e+01 9.569363403320312500e+01 2.192221832275390625e+01 5.433429241180419922e+00 2.268127632141113281e+01 8.698774719238281250e+01 5.858611464500427246e-01 2.436224365234375000e+01 1.915019303560256958e-01 1.696552634239196777e-01 2.059600639343261719e+01
1.134273484349250793e-01 7.197791576385498047e+00 7.856711578369140625e+01 9.164036560058593750e+01 3.362827682495117188e+01 -2.096580743789672852e+00 2.134100532531738281e+01 8.333452606201171875e+01 3.091562509536743164e+00 2.285314559936523438e+01 9.386169910430908203e-01 -1.362230479717254639e-01 2.059600639343261719e+01
1.196089535951614380e-01 6.492962837219238281e+00 7.163977050781250000e+01 8.374405670166015625e+01 2.579747962951660156e+01 -4.573343396186828613e-01 1.911162185668945312e+01 7.596961212158203125e+01 1.750921010971069336e+00 2.038308334350585938e+01 5.084919333457946777e-01 -4.806676134467124939e-02 2.059600639343261719e+01
1.257804334163665771e-01 6.668305873870849609e+00 7.567833709716796875e+01 8.868218994140625000e+01 2.716453933715820312e+01 -4.401215076446533203e+00 2.002140998840332031e+01 8.033123779296875000e+01 1.782980918884277344e+00 2.147902679443359375e+01 6.163777112960815430e-01 -2.146602720022201538e-01 2.059600639343261719e+01
1.321490257978439331e-01 6.126439094543457031e+00 7.112209320068359375e+01 8.213540649414062500e+01 2.226598930358886719e+01 -8.476420640945434570e-01 1.842561721801757812e+01 7.475932312011718750e+01 1.246866464614868164e+00 1.956326675415039062e+01 3.794246912002563477e-01 -5.645509064197540283e-02 2.059600639343261719e+01
1.384563297033309937e-01 5.775759220123291016e+00 6.634579467773437500e+01 7.745629882812500000e+01 2.351236152648925781e+01 4.389909267425537109e+00 1.715468788146972656e+01 6.985696411132812500e+01 1.395612716674804688e+00 1.821620178222656250e+01 4.164601862430572510e-01 1.343016773462295532e-01 2.059600639343261719e+01
1.446497291326522827e-01 5.306424617767333984e+00 6.325418472290039062e+01 7.360541534423828125e+01 2.604179573059082031e+01 -3.997387170791625977e+00 1.590577411651611328e+01 6.632495880126953125e+01 2.009636640548706055e+00 1.682437324523925781e+01 4.325248301029205322e-01 -1.759903132915496826e-01 2.059600639343261719e+01
1.508535146713256836e-01 4.771974563598632812e+00 5.850314712524414062e+01 6.804100036621093750e+01 2.173790931701660156e+01 4.751550197601318359e+00 1.427135753631591797e+01 6.110331344604492188e+01 1.201193332672119141e+00 1.505310058593750000e+01 3.518518209457397461e-01 1.075740829110145569e-01 2.059600639343261719e+01
1.571729034185409546e-01 4.573476314544677734e+00 5.725156021118164062e+01 6.667435455322265625e+01 1.758434104919433594e+01 3.377795934677124023e+00 1.392848587036132812e+01 5.979977798461914062e+01 5.617271661758422852e-01 1.473160457611083984e+01 1.104225963354110718e-01 7.707917597144842148e-03 2.059600639343261719e+01
1.635417938232421875e-01 4.240126609802246094e+00 5.606898880004882812e+01 6.556838226318359375e+01 2.286730766296386719e+01 2.193693637847900391e+00 1.311461162567138672e+01 5.851206588745117188e+01 1.499344587326049805e+00 1.382816123962402344e+01 3.367606401443481445e-01 -3.043053671717643738e-02 2.059600639343261719e+01
1.698256134986877441e-01 3.923530578613281250e+00 5.314403533935546875e+01 6.209576416015625000e+01 1.867564392089843750e+01 2.814191579818725586e+00 1.216117000579833984e+01 5.513579177856445312e+01 6.422597169876098633e-01 1.278377151489257812e+01 2.370667606592178345e-01 2.173964492976665497e-02 2.059600639343261719e+01
1.761013567447662354e-01 3.807078123092651367e+00 5.249356842041015625e+01 6.085952377319335938e+01 1.986366653442382812e+01 2.499646902084350586e+00 1.190825653076171875e+01 5.423151397705078125e+01 1.042912006378173828e+00 1.247188186645507812e+01 3.851446211338043213e-01 7.030956447124481201e-02 2.059600639343261719e+01
1.823998540639877319e-01 3.667059421539306641e+00 5.139572525024414062e+01 5.910247421264648438e+01 1.466996479034423828e+01 1.499830007553100586e+00 1.154309177398681641e+01 5.276258850097656250e+01 1.634773164987564087e-01 1.198956584930419922e+01 1.065409407019615173e-01 3.651537373661994934e-02 2.059600639343261719e+01
1.886507123708724976e-01 3.508577585220336914e+00 5.021592330932617188e+01 5.760906219482421875e+01 1.450224494934082031e+01 1.259235888719558716e-01 1.104442405700683594e+01 5.129470443725585938e+01 2.730579376220703125e-01 1.144516658782958984e+01 9.152070432901382446e-02 1.485257688909769058e-02 2.059600639343261719e+01
1.949081569910049438e-01 3.380507469177246094e+00 4.844255447387695312e+01 5.511178970336914062e+01 1.582992458343505859e+01 9.265154600143432617e-01 1.061463260650634766e+01 4.912678909301757812e+01 5.246997475624084473e-01 1.093728542327880859e+01 1.680569946765899658e-01 -4.031277820467948914e-02 2.059600639343261719e+01
2.011425346136093140e-01 3.176712036132812500e+00 4.639038085937500000e+01 5.378796005249023438e+01 1.710382652282714844e+01 1.403931021690368652e+00 9.976660728454589844e+00 4.725279235839843750e+01 5.406610965728759766e-01 1.030275440216064453e+01 1.739439517259597778e-01 2.109747380018234253e-02 2.059600639343261719e+01
2.073954045772552490e-01 3.094342708587646484e+00 4.651136398315429688e+01 5.359201049804687500e+01 1.545086669921875000e+01 5.387750148773193359e+00 9.898751258850097656e+00 4.711041259765625000e+01 2.464226335287094116e-01 1.017813396453857422e+01 1.119521036744117737e-01 4.353380948305130005e-02 2.059600639343261719e+01
2.137389332056045532e-01 2.911024093627929688e+00 4.454120635986328125e+01 5.152792739868164062e+01 1.505758953094482422e+01 1.584530949592590332e+00 9.269942283630371094e+00 4.502381134033203125e+01 1.737958490848541260e-01 9.517977714538574219e+00 1.131078302860260010e-01 -1.466851867735385895e-02 2.059600639343261719e+01
2.200330942869186401e-01 2.762758255004882812e+00 4.405955123901367188e+01 5.063624954223632812e+01 1.343325138092041016e+01 6.302576541900634766e+00 8.974642753601074219e+00 4.416824340820312500e+01 -1.514104753732681274e-01 9.132893562316894531e+00 3.757359832525253296e-02 1.304341405630111694e-01 2.059600639343261719e+01
2.262930423021316528e-01 2.573531627655029297e+00 4.250752639770507812e+01 4.887197875976562500e+01 1.302235507965087891e+01 2.648111343383789062e+00 8.459849357604980469e+00 4.246982192993164062e+01 -1.965001225471496582e-01 8.554482460021972656e+00 -9.550086688250303268e-04 2.315982803702354431e-02 2.059600639343261719e+01
2.325985133647918701e-01 2.501674890518188477e+00 4.150306320190429688e+01 4.762281799316406250e+01 1.275500774383544922e+01 2.316041469573974609e+00 8.175013542175292969e+00 4.121926879882812500e+01 -2.588241100311279297e-01 8.246111869812011719e+00 7.452036254107952118e-03 9.172249585390090942e-03 2.059600639343261719e+01
2.388891130685806274e-01 2.356794357299804688e+00 3.975321578979492188e+01 4.559817886352539062e+01 1.315016841888427734e+01 -7.334790825843811035e-01 7.690484523773193359e+00 3.930027389526367188e+01 -6.156956031918525696e-02 7.738849163055419922e+00 7.990156114101409912e-02 -4.354475811123847961e-02 2.059600639343261719e+01
2.451218813657760620e-01 2.273613214492797852e+00 3.901317596435546875e+01 4.503522109985351562e+01 1.303630924224853516e+01 2.550081253051757812e+00 7.416859626770019531e+00 3.847865295410156250e+01 -2.047179341316223145e-01 7.469156265258789062e+00 4.802335053682327271e-02 3.087961487472057343e-02 2.059600639343261719e+01
2.513737380504608154e-01 2.238450527191162109e+00 3.938569259643554688e+01 4.453148269653320312e+01 1.179044532775878906e+01 3.378413677215576172e+00 7.409094333648681641e+00 3.837080383300781250e+01 -3.141860663890838623e-01 7.334209918975830078e+00 -1.087432354688644409e-02 7.248623669147491455e-02 2.059600639343261719e+01
2.577070593833923340e-01 2.193125009536743164e+00 3.867861557006835938e+01 4.437028503417968750e+01 1.128032112121582031e+01 2.294606208801269531e+00 7.263214588165283203e+00 3.780854797363281250e+01 -5.835437774658203125e-01 7.247130393981933594e+00 -4.978673532605171204e-02 2.161467075347900391e-02 2.059600639343261719e+01
2.640204429626464844e-01 2.065752506256103516e+00 3.775510787963867188e+01 4.304124069213867188e+01 9.920069694519042969e+00 1.173747897148132324e+00 6.893865108489990234e+00 3.659252929687500000e+01 -7.656555175781250000e-01 6.809400081634521484e+00 -1.014606282114982605e-01 9.119695983827114105e-03 2.059600639343261719e+01
2.702898085117340088e-01 2.008293867111206055e+00 3.701770019531250000e+01 4.183439254760742188e+01 1.079986381530761719e+01 9.033573865890502930e-01 6.712946891784667969e+00 3.556324386596679688e+01 -4.707316756248474121e-01 6.555208683013916016e+00 -8.973006904125213623e-02 9.824859909713268280e-03 2.059600639343261719e+01
2.765615284442901611e-01 1.964265346527099609e+00 3.707920837402343750e+01 4.133120346069335938e+01 9.283894538879394531e+00 1.556152820587158203e+00 6.644719123840332031e+00 3.522041320800781250e+01 -7.125626802444458008e-01 6.423325061798095703e+00 -7.240891456604003906e-02 2.893645875155925751e-02 2.059600639343261719e+01
2.828698754310607910e-01 1.891589760780334473e+00 3.583799743652343750e+01 4.024964141845703125e+01 9.956904411315917969e+00 3.728179931640625000e+00 6.314364433288574219e+00 3.395664215087890625e+01 -6.316226124763488770e-01 6.115281105041503906e+00 -4.591998085379600525e-02 4.707792028784751892e-02 2.059600639343261719e+01
2.891486585140228271e-01 1.811738014221191406e+00 3.589111709594726562e+01 4.060361099243164062e+01 9.452253341674804688e+00 1.673839807510375977e+00 6.195944786071777344e+00 3.401850509643554688e+01 -8.645679950714111328e-01 5.995993137359619141e+00 -1.235984116792678833e-01 8.736706338822841644e-03 2.059600639343261719e+01
2.953523397445678711e-01 1.766474366188049316e+00 3.488336563110351562e+01 3.940583801269531250e+01 1.067563056945800781e+01 1.975896358489990234e+00 6.010291099548339844e+00 3.279833221435546875e+01 -6.736490130424499512e-01 5.770125865936279297e+00 -8.982059359550476074e-02 3.074806556105613708e-02 2.059600639343261719e+01
3.016075491905212402e-01 1.737297892570495605e+00 3.462327194213867188e+01 3.853035736083984375e+01 9.277228355407714844e+00 3.531004428863525391e+00 5.901503086090087891e+00 3.216281890869140625e+01 -8.354564905166625977e-01 5.592597007751464844e+00 -9.868767857551574707e-02 5.591475591063499451e-02 2.059600639343261719e+01
3.079382479190826416e-01 1.665686845779418945e+00 3.405103302001953125e+01 3.830306625366210938e+01 9.897986412048339844e+00 3.534228324890136719e+00 5.717351436614990234e+00 3.158377075195312500e+01 -8.604068756103515625e-01 5.423137664794921875e+00 -1.077074408531188965e-01 6.594437360763549805e-02 2.059600639343261719e+01
3.142760396003723145e-01 1.642520666122436523e+00 3.363840866088867188e+01 3.787266921997070312e+01 9.300238609313964844e+00 4.164256095886230469e+00 5.580029010772705078e+00 3.107523536682128906e+01 -1.034183144569396973e+00 5.271107673645019531e+00 -1.447146981954574585e-01 4.922044649720191956e-02 2.059600639343261719e+01
3.205462992191314697e-01 1.597483992576599121e+00 3.343231964111328125e+01 3.700526428222656250e+01 6.861551761627197266e+00 2.545903205871582031e+00 5.468974590301513672e+00 3.056590080261230469e+01 -1.289509057998657227e+00 5.080793380737304688e+00 -1.975441724061965942e-01 4.373983666300773621e-02 2.059600639343261719e+01
3.268128037452697754e-01 1.567243337631225586e+00 3.297069168090820312e+01 3.653513336181640625e+01 7.586544036865234375e+00 2.343970060348510742e+00 5.370592117309570312e+00 2.993495368957519531e+01 -1.218544840812683105e+00 4.994603157043457031e+00 -1.611779183149337769e-01 2.900091744959354401e-02 2.059600639343261719e+01
3.331238031387329102e-01 1.523099541664123535e+00 3.248539352416992188e+01 3.641010665893554688e+01 9.881902694702148438e+00 4.777003765106201172e+00 5.231313228607177734e+00 2.939623451232910156e+01 -1.005950808525085449e+00 4.839000225067138672e+00 -1.077907457947731018e-01 7.524379342794418335e-02 2.059600639343261719e+01
3.394046723842620850e-01 1.506932616233825684e+00 3.271830368041992188e+01 3.618098449707031250e+01 7.905106067657470703e+00 1.088526368141174316e+00 5.217545509338378906e+00 2.937284278869628906e+01 -1.196179747581481934e+00 4.777716159820556641e+00 -1.625745892524719238e-01 2.156435698270797729e-02 2.059600639343261719e+01
3.456391692161560059e-01 1.464742898941040039e+00 3.267359542846679688e+01 3.636566543579101562e+01 8.203970909118652344e+00 4.420392513275146484e+00 5.135979175567626953e+00 2.929467010498046875e+01 -1.407802343368530273e+00 4.692991256713867188e+00 -1.878191530704498291e-01 7.318153232336044312e-02 2.059600639343261719e+01
3.518808186054229736e-01 1.453139305114746094e+00 3.263966369628906250e+01 3.599018478393554688e+01 7.888326168060302734e+00 3.946208715438842773e+00 5.028027534484863281e+00 2.894857406616210938e+01 -1.381918787956237793e+00 4.550876617431640625e+00 -1.873377859592437744e-01 6.727594882249832153e-02 2.059600639343261719e+01
3.582032322883605957e-01 1.428153872489929199e+00 3.235615921020507812e+01 3.568709564208984375e+01 8.224688529968261719e+00 4.585406780242919922e+00 4.974118232727050781e+00 2.845056533813476562e+01 -1.403376340866088867e+00 4.471533298492431641e+00 -1.813738942146301270e-01 6.610319763422012329e-02 2.059600639343261719e+01
3.645117878913879395e-01 1.412481307983398438e+00 3.231759262084960938e+01 3.559987640380859375e+01 7.681437969207763672e+00 6.035508155822753906e+00 4.958833694458007812e+00 2.827645301818847656e+01 -1.541530013084411621e+00 4.429489612579345703e+00 -2.216181904077529907e-01 9.596535563468933105e-02 2.059600639343261719e+01
3.707640767097473145e-01 1.404582500457763672e+00 3.222938156127929688e+01 3.539574813842773438e+01 6.781474590301513672e+00 6.118624210357666016e+00 4.882857322692871094e+00 2.798251342773437500e+01 -1.739137053489685059e+00 4.319814682006835938e+00 -2.489651590585708618e-01 9.685051441192626953e-02 2.059600639343261719e+01
3.770540952682495117e-01 1.399813413619995117e+00 3.236601257324218750e+01 3.578841400146484375e+01 7.823238372802734375e+00 7.670344352722167969e+00 4.896139144897460938e+00 2.796046066284179688e+01 -1.801151514053344727e+00 4.314280986785888672e+00 -2.391520440578460693e-01 1.227221935987472534e-01 2.059600639343261719e+01
3.833588361740112305e-01 1.381530165672302246e+00 3.213068389892578125e+01 3.557387924194335938e+01 7.221903324127197266e+00 9.847351074218750000e+00 4.793408393859863281e+00 2.748477935791015625e+01 -2.013161897659301758e+00 4.190646648406982422e+00 -2.524503171443939209e-01 1.413773894309997559e-01 2.059600639343261719e+01
3.896513879299163818e-01 1.375324249267578125e+00 3.301631164550781250e+01 3.625544357299804688e+01 7.422455787658691406e+00 1.181616306304931641e+01 4.838558197021484375e+00 2.806601142883300781e+01 -2.010435581207275391e+00 4.192052841186523438e+00 -2.480922937393188477e-01 1.518411338329315186e-01 2.059600639343261719e+01
3.958770036697387695e-01 1.403528332710266113e+00 3.398319625854492188e+01 3.696313095092773438e+01 7.880253791809082031e+00 1.473536205291748047e+01 4.980175971984863281e+00 2.854097175598144531e+01 -2.124150514602661133e+00 4.291334629058837891e+00 -2.810248434543609619e-01 1.918642520904541016e-01 2.059600639343261719e+01
4.021010994911193848e-01 1.416760683059692383e+00 3.441009902954101562e+01 3.768552780151367188e+01 7.233569145202636719e+00 1.586602783203125000e+01 5.015921592712402344e+00 2.892669677734375000e+01 -2.359531641006469727e+00 4.322771549224853516e+00 -2.834686338901519775e-01 2.123315036296844482e-01 2.059600639343261719e+01
