# k, P_{cc}, P_{hh,r}, P_{hh,0}, P_{hh,2}, P_{hh,4}, P_{hc,r}, P_{hc,0}, P_{hc,2}, P_{hc,4}, P_pSN
#  Realization 24
8.018244989216327667e-03 2.725044631958007812e+01 2.214147338867187500e+02 2.478513031005859375e+02 -1.992172241210937500e+02 2.171511230468750000e+02 7.628381347656250000e+01 2.335191650390625000e+02 -4.514836120605468750e+01 8.060393524169921875e+01 -1.566391086578369141e+01 1.031640052795410156e+01 2.063818168640136719e+01
1.401655934751033783e-02 3.576312255859375000e+01 2.968594055175781250e+02 3.637110900878906250e+02 2.386495819091796875e+02 5.165977172851562500e+02 9.980072784423828125e+01 3.270408020019531250e+02 2.624878311157226562e+01 1.103480911254882812e+02 7.563263893127441406e+00 1.665449714660644531e+01 2.063818168640136719e+01
1.969251595437526703e-02 4.122503280639648438e+01 3.481327514648437500e+02 4.276113281250000000e+02 2.343199615478515625e+02 -1.449234485626220703e+01 1.174576644897460938e+02 3.844162597656250000e+02 2.743398094177246094e+01 1.300720977783203125e+02 9.013754844665527344e+00 -3.048808574676513672e-01 2.063818168640136719e+01
2.551339380443096161e-02 2.926186180114746094e+01 2.503197326660156250e+02 3.009047851562500000e+02 1.316317901611328125e+02 3.707558441162109375e+01 8.260971832275390625e+01 2.735618591308593750e+02 1.426373767852783203e+01 9.051651763916015625e+01 3.645048856735229492e+00 1.278362512588500977e+00 2.063818168640136719e+01
3.202908113598823547e-02 3.048375511169433594e+01 2.559804840087890625e+02 3.054835815429687500e+02 4.424197387695312500e+01 6.886673736572265625e+01 8.589656066894531250e+01 2.785448913574218750e+02 -2.382925033569335938e+00 9.401535034179687500e+01 9.705688059329986572e-02 1.913159608840942383e+00 2.063818168640136719e+01
3.846523538231849670e-02 2.128406715393066406e+01 1.845079498291015625e+02 2.207253723144531250e+02 6.762831115722656250e+01 2.227182197570800781e+01 6.028141784667968750e+01 2.009959564208984375e+02 5.290700435638427734e+00 6.609234619140625000e+01 2.163695573806762695e+00 3.784624636173248291e-01 2.063818168640136719e+01
4.443310573697090149e-02 1.876306724548339844e+01 1.631877593994140625e+02 1.939939727783203125e+02 3.058768272399902344e+01 -1.495355701446533203e+01 5.265011978149414062e+01 1.770874328613281250e+02 -5.472818613052368164e-01 5.759508895874023438e+01 -1.307462006807327271e-01 -2.193298488855361938e-01 2.063818168640136719e+01
5.042308941483497620e-02 1.789411926269531250e+01 1.481515960693359375e+02 1.757118377685546875e+02 3.105105018615722656e+01 2.138980293273925781e+01 4.874367523193359375e+01 1.604817199707031250e+02 -9.372822940349578857e-02 5.325457763671875000e+01 -4.022627696394920349e-02 6.437869668006896973e-01 2.063818168640136719e+01
5.690929666161537170e-02 1.719652748107910156e+01 1.505816192626953125e+02 1.796617584228515625e+02 6.136207199096679688e+01 -1.822257804870605469e+01 4.821566390991210938e+01 1.635965423583984375e+02 5.711660861968994141e+00 5.272896194458007812e+01 1.821999430656433105e+00 -6.298971176147460938e-01 2.063818168640136719e+01
6.341847032308578491e-02 1.666808509826660156e+01 1.493097991943359375e+02 1.783365173339843750e+02 7.799761962890625000e+01 8.915017127990722656e+00 4.733414459228515625e+01 1.621943664550781250e+02 8.543709754943847656e+00 5.175618743896484375e+01 2.946887254714965820e+00 1.200563833117485046e-01 2.063818168640136719e+01
6.949992477893829346e-02 1.438099861145019531e+01 1.341853637695312500e+02 1.573047637939453125e+02 2.916374969482421875e+01 1.366142082214355469e+01 4.131520843505859375e+01 1.443466949462890625e+02 6.433585286140441895e-01 4.474364471435546875e+01 4.427149891853332520e-01 4.403642714023590088e-01 2.063818168640136719e+01
7.558133453130722046e-02 1.342237567901611328e+01 1.253166809082031250e+02 1.488068542480468750e+02 5.526637268066406250e+01 -6.524803161621093750e+00 3.833469009399414062e+01 1.355089263916015625e+02 5.310685157775878906e+00 4.179381942749023438e+01 1.836579322814941406e+00 -2.071900367736816406e-01 2.063818168640136719e+01
8.196274191141128540e-02 1.251216220855712891e+01 1.194937210083007812e+02 1.409036102294921875e+02 5.413835906982421875e+01 2.122431945800781250e+01 3.600192260742187500e+01 1.285986938476562500e+02 5.183351993560791016e+00 3.902986526489257812e+01 1.532963991165161133e+00 6.071091294288635254e-01 2.063818168640136719e+01
8.830232173204421997e-02 1.066429328918457031e+01 1.081597976684570312e+02 1.281914520263671875e+02 4.711624526977539062e+01 2.368914985656738281e+01 3.144985198974609375e+01 1.165141983032226562e+02 4.098785400390625000e+00 3.413124084472656250e+01 1.289904832839965820e+00 6.214542388916015625e-01 2.063818168640136719e+01
9.435217082500457764e-02 8.728734016418457031e+00 8.797728729248046875e+01 1.040749053955078125e+02 2.730201530456542969e+01 -3.707645654678344727e+00 2.524168968200683594e+01 9.446749114990234375e+01 1.447311401367187500e+00 2.730417251586914062e+01 5.647932291030883789e-01 -2.593603134155273438e-01 2.063818168640136719e+01
1.005600690841674805e-01 8.265287399291992188e+00 8.482286071777343750e+01 1.000758666992187500e+02 3.344801330566406250e+01 1.035159301757812500e+01 2.391875076293945312e+01 9.084908294677734375e+01 2.665802001953125000e+00 2.590368080139160156e+01 8.102131485939025879e-01 2.497560977935791016e-01 2.063818168640136719e+01
1.070138886570930481e-01 7.427302837371826172e+00 7.651659393310546875e+01 8.943176269531250000e+01 2.261371803283691406e+01 9.162199020385742188e+00 2.131253242492675781e+01 8.145510101318359375e+01 1.091502904891967773e+00 2.294518852233886719e+01 4.888318181037902832e-01 2.722271084785461426e-01 2.063818168640136719e+01
1.134273484349250793e-01 6.966854095458984375e+00 7.591344451904296875e+01 8.890220642089843750e+01 2.680815315246582031e+01 -6.377969741821289062e+00 2.047628402709960938e+01 8.074312591552734375e+01 1.873794794082641602e+00 2.199913215637207031e+01 5.741024017333984375e-01 -9.551411122083663940e-02 2.063818168640136719e+01
1.196089535951614380e-01 6.799151420593261719e+00 7.453740692138671875e+01 8.768095397949218750e+01 2.813068199157714844e+01 4.319100379943847656e+00 2.005341911315917969e+01 7.927004241943359375e+01 1.926807880401611328e+00 2.154682922363281250e+01 5.769730806350708008e-01 7.664784789085388184e-02 2.063818168640136719e+01
1.257804334163665771e-01 6.548986911773681641e+00 7.503056335449218750e+01 8.667917633056640625e+01 1.832620429992675781e+01 1.620255470275878906e+00 1.973017120361328125e+01 7.898096466064453125e+01 4.046085178852081299e-01 2.096146011352539062e+01 1.919486969709396362e-01 -3.653548657894134521e-02 2.063818168640136719e+01
1.321490257978439331e-01 6.139399528503417969e+00 6.994866180419921875e+01 8.140966796875000000e+01 2.708894348144531250e+01 -5.917358875274658203e+00 1.830310249328613281e+01 7.373538970947265625e+01 2.214221715927124023e+00 1.950412750244140625e+01 6.450302004814147949e-01 -2.366634905338287354e-01 2.063818168640136719e+01
1.384563297033309937e-01 5.745722293853759766e+00 6.775942993164062500e+01 7.928821563720703125e+01 2.158149909973144531e+01 4.315532684326171875e+00 1.732177925109863281e+01 7.148567962646484375e+01 1.083361625671386719e+00 1.847898674011230469e+01 4.411834180355072021e-01 1.459961943328380585e-02 2.063818168640136719e+01
1.446497291326522827e-01 5.457860946655273438e+00 6.558106231689453125e+01 7.589415740966796875e+01 1.919433021545410156e+01 5.592587471008300781e+00 1.652409172058105469e+01 6.869789123535156250e+01 5.586391091346740723e-01 1.748224830627441406e+01 2.826692461967468262e-01 1.399758607149124146e-01 2.063818168640136719e+01
1.508535146713256836e-01 4.986678600311279297e+00 6.185003280639648438e+01 7.247182464599609375e+01 2.275845909118652344e+01 4.971914768218994141e+00 1.516729068756103516e+01 6.493239593505859375e+01 1.305288791656494141e+00 1.613842773437500000e+01 4.204415380954742432e-01 1.572740077972412109e-01 2.063818168640136719e+01
1.571729034185409546e-01 4.618603706359863281e+00 5.880045318603515625e+01 6.822036743164062500e+01 1.978501129150390625e+01 8.619827270507812500e+00 1.414828300476074219e+01 6.125534820556640625e+01 9.220302104949951172e-01 1.494202804565429688e+01 2.766731679439544678e-01 1.361537128686904907e-01 2.063818168640136719e+01
1.635417938232421875e-01 4.223417282104492188e+00 5.515377807617187500e+01 6.434705352783203125e+01 1.803573036193847656e+01 -4.508239924907684326e-01 1.295417499542236328e+01 5.744696807861328125e+01 6.069763302803039551e-01 1.368525409698486328e+01 2.208912223577499390e-01 -8.781376481056213379e-02 2.063818168640136719e+01
1.698256134986877441e-01 4.050160884857177734e+00 5.376099777221679688e+01 6.279046249389648438e+01 2.199549102783203125e+01 5.137835502624511719e+00 1.252829933166503906e+01 5.584460449218750000e+01 1.306509852409362793e+00 1.321448993682861328e+01 3.876188397407531738e-01 3.668146580457687378e-02 2.063818168640136719e+01
1.761013567447662354e-01 3.709971666336059570e+00 4.996055221557617188e+01 5.768175888061523438e+01 1.605438041687011719e+01 1.523903105407953262e-02 1.134109497070312500e+01 5.140480804443359375e+01 5.822985172271728516e-01 1.182710933685302734e+01 1.367804557085037231e-01 -2.769496850669384003e-02 2.063818168640136719e+01
1.823998540639877319e-01 3.649507999420166016e+00 5.022283935546875000e+01 5.814961242675781250e+01 1.754700660705566406e+01 3.009665966033935547e+00 1.129759216308593750e+01 5.153218841552734375e+01 5.663990378379821777e-01 1.179961395263671875e+01 3.153907358646392822e-01 5.995913222432136536e-02 2.063818168640136719e+01
1.886507123708724976e-01 3.520541191101074219e+00 4.965052032470703125e+01 5.735638809204101562e+01 1.653728485107421875e+01 1.535217642784118652e+00 1.101553249359130859e+01 5.086872100830078125e+01 5.286350846290588379e-01 1.143645477294921875e+01 1.885617822408676147e-01 -8.097232319414615631e-03 2.063818168640136719e+01
1.949081569910049438e-01 3.280253171920776367e+00 4.796478652954101562e+01 5.506656646728515625e+01 1.428380775451660156e+01 2.274923324584960938e+00 1.035761928558349609e+01 4.877947616577148438e+01 3.841149434447288513e-02 1.065835857391357422e+01 6.721365451812744141e-02 8.168327622115612030e-03 2.063818168640136719e+01
2.011425346136093140e-01 3.191267013549804688e+00 4.700838088989257812e+01 5.411323547363281250e+01 1.595740890502929688e+01 1.310836911201477051e+00 1.008315944671630859e+01 4.766174697875976562e+01 3.959262073040008545e-01 1.034694385528564453e+01 1.259811222553253174e-01 1.915767602622509003e-02 2.063818168640136719e+01
2.073954045772552490e-01 3.052592754364013672e+00 4.581090927124023438e+01 5.220074462890625000e+01 1.409925460815429688e+01 1.518798589706420898e+00 9.754268646240234375e+00 4.616236495971679688e+01 2.486302703619003296e-01 9.946857452392578125e+00 9.932771325111389160e-02 2.372653037309646606e-02 2.063818168640136719e+01
2.137389332056045532e-01 2.869342565536499023e+00 4.432784271240234375e+01 5.161557388305664062e+01 1.457888317108154297e+01 3.817495107650756836e+00 9.157872200012207031e+00 4.498964309692382812e+01 6.643524020910263062e-02 9.421528816223144531e+00 8.329808712005615234e-02 7.115871459245681763e-02 2.063818168640136719e+01
2.200330942869186401e-01 2.716222047805786133e+00 4.320185089111328125e+01 4.969293975830078125e+01 1.433511543273925781e+01 4.398727416992187500e+00 8.744201660156250000e+00 4.332480621337890625e+01 8.924456685781478882e-02 8.943657875061035156e+00 4.172556847333908081e-02 3.452499210834503174e-02 2.063818168640136719e+01
2.262930423021316528e-01 2.611850976943969727e+00 4.167663574218750000e+01 4.753145599365234375e+01 1.238123607635498047e+01 1.097143530845642090e+00 8.388974189758300781e+00 4.135763549804687500e+01 -2.508943378925323486e-01 8.468374252319335938e+00 -2.374855242669582367e-02 -2.642726898193359375e-02 2.063818168640136719e+01
2.325985133647918701e-01 2.528244256973266602e+00 4.157831573486328125e+01 4.793667602539062500e+01 1.466639804840087891e+01 2.499195814132690430e+00 8.227320671081542969e+00 4.148615264892578125e+01 4.818847402930259705e-02 8.377503395080566406e+00 3.704901412129402161e-02 3.502966091036796570e-02 2.063818168640136719e+01
2.388891130685806274e-01 2.432368993759155273e+00 4.067201995849609375e+01 4.665956497192382812e+01 1.094601821899414062e+01 4.115836620330810547e+00 7.919790267944335938e+00 4.024644470214843750e+01 -5.261178016662597656e-01 7.993158340454101562e+00 2.848492236807942390e-03 6.926953792572021484e-02 2.063818168640136719e+01
2.451218813657760620e-01 2.306252241134643555e+00 4.029629135131835938e+01 4.582381439208984375e+01 1.175989723205566406e+01 2.460180759429931641e+00 7.628115177154541016e+00 3.956162643432617188e+01 -2.865192890167236328e-01 7.647860050201416016e+00 3.058809414505958557e-02 6.598264724016189575e-02 2.063818168640136719e+01
2.513737380504608154e-01 2.255320549011230469e+00 3.891900634765625000e+01 4.448102569580078125e+01 1.233607006072998047e+01 5.848067998886108398e-01 7.393350601196289062e+00 3.806305313110351562e+01 -1.909394860267639160e-01 7.380301475524902344e+00 3.136931732296943665e-02 2.197038382291793823e-02 2.063818168640136719e+01
2.577070593833923340e-01 2.158625364303588867e+00 3.859865188598632812e+01 4.395379638671875000e+01 9.573797225952148438e+00 3.359020709991455078e+00 7.197762966156005859e+00 3.766891098022460938e+01 -7.646370530128479004e-01 7.147613048553466797e+00 -8.148072659969329834e-02 6.277061998844146729e-02 2.063818168640136719e+01
2.640204429626464844e-01 2.087157726287841797e+00 3.835309600830078125e+01 4.327479553222656250e+01 9.738109588623046875e+00 3.873990058898925781e+00 7.002202987670898438e+00 3.702695465087890625e+01 -7.722485661506652832e-01 6.913421154022216797e+00 -5.177530273795127869e-02 8.671160787343978882e-02 2.063818168640136719e+01
2.702898085117340088e-01 2.010113239288330078e+00 3.659566497802734375e+01 4.186915588378906250e+01 1.150855255126953125e+01 1.130380630493164062e+00 6.705431461334228516e+00 3.531883621215820312e+01 -5.167412161827087402e-01 6.600337505340576172e+00 -4.292639717459678650e-02 1.737251318991184235e-02 2.063818168640136719e+01
2.765615284442901611e-01 1.979634761810302734e+00 3.749643325805664062e+01 4.250101852416992188e+01 1.131102657318115234e+01 5.096492290496826172e+00 6.724817752838134766e+00 3.590713500976562500e+01 -5.663443803787231445e-01 6.552721023559570312e+00 -5.243398249149322510e-02 9.480947256088256836e-02 2.063818168640136719e+01
2.828698754310607910e-01 1.908658027648925781e+00 3.640181732177734375e+01 4.107212829589843750e+01 1.056844329833984375e+01 3.014854192733764648e+00 6.452033519744873047e+00 3.470247650146484375e+01 -6.723778247833251953e-01 6.272894859313964844e+00 -8.030045777559280396e-02 5.192293599247932434e-02 2.063818168640136719e+01
2.891486585140228271e-01 1.817398667335510254e+00 3.539685058593750000e+01 3.999657058715820312e+01 9.919029235839843750e+00 4.969975471496582031e+00 6.146304130554199219e+00 3.344234085083007812e+01 -8.227599263191223145e-01 5.939086914062500000e+00 -9.057129919528961182e-02 8.895974606275558472e-02 2.063818168640136719e+01
2.953523397445678711e-01 1.764541029930114746e+00 3.502898788452148438e+01 3.925201416015625000e+01 9.588756561279296875e+00 3.709017992019653320e+00 6.003989696502685547e+00 3.284022521972656250e+01 -8.166559934616088867e-01 5.749854087829589844e+00 -1.107720285654067993e-01 5.183015763759613037e-02 2.063818168640136719e+01
3.016075491905212402e-01 1.729845643043518066e+00 3.521298980712890625e+01 3.964291763305664062e+01 8.900443077087402344e+00 2.753714799880981445e+00 5.957742214202880859e+00 3.290716171264648438e+01 -1.090756177902221680e+00 5.679284095764160156e+00 -1.414750665426254272e-01 5.480106547474861145e-02 2.063818168640136719e+01
3.079382479190826416e-01 1.691953897476196289e+00 3.468767166137695312e+01 3.881580352783203125e+01 9.140843391418457031e+00 3.864365339279174805e+00 5.835982799530029297e+00 3.219432449340820312e+01 -9.359234571456909180e-01 5.527480125427246094e+00 -1.163853704929351807e-01 6.080402433872222900e-02 2.063818168640136719e+01
3.142760396003723145e-01 1.619543433189392090e+00 3.404955673217773438e+01 3.782680892944335938e+01 8.029845237731933594e+00 3.668530225753784180e+00 5.605735778808593750e+00 3.127378463745117188e+01 -1.177454829216003418e+00 5.271992683410644531e+00 -1.490513384342193604e-01 7.343024015426635742e-02 2.063818168640136719e+01
3.205462992191314697e-01 1.574854016304016113e+00 3.287032318115234375e+01 3.665420913696289062e+01 8.138610839843750000e+00 3.621457338333129883e+00 5.380863666534423828e+00 2.990898132324218750e+01 -1.282725334167480469e+00 5.028596878051757812e+00 -1.635106354951858521e-01 4.892342165112495422e-02 2.063818168640136719e+01
3.268128037452697754e-01 1.568331837654113770e+00 3.327393341064453125e+01 3.708466720581054688e+01 7.896256923675537109e+00 3.230822801589965820e+00 5.400868892669677734e+00 3.024655532836914062e+01 -1.315803647041320801e+00 5.016433715820312500e+00 -1.655085235834121704e-01 5.696929618716239929e-02 2.063818168640136719e+01
3.331238031387329102e-01 1.545451998710632324e+00 3.311656570434570312e+01 3.669852447509765625e+01 7.136537551879882812e+00 1.748474121093750000e+00 5.319147109985351562e+00 2.986617660522460938e+01 -1.403806686401367188e+00 4.886435031890869141e+00 -1.999225467443466187e-01 4.624387994408607483e-02 2.063818168640136719e+01
3.394046723842620850e-01 1.491215109825134277e+00 3.240063476562500000e+01 3.571225357055664062e+01 7.521380424499511719e+00 3.950796842575073242e+00 5.120132446289062500e+00 2.884853935241699219e+01 -1.346576213836669922e+00 4.675137042999267578e+00 -1.806249320507049561e-01 8.861209452152252197e-02 2.063818168640136719e+01
3.456391692161560059e-01 1.482745528221130371e+00 3.259914016723632812e+01 3.631941604614257812e+01 8.312602043151855469e+00 3.978106975555419922e+00 5.147913455963134766e+00 2.907855224609375000e+01 -1.374191522598266602e+00 4.699165821075439453e+00 -1.670328825712203979e-01 6.344202160835266113e-02 2.063818168640136719e+01
3.518808186054229736e-01 1.458343029022216797e+00 3.252175903320312500e+01 3.585173034667968750e+01 8.332140922546386719e+00 6.381008148193359375e+00 5.074222087860107422e+00 2.865336799621582031e+01 -1.382413506507873535e+00 4.574484348297119141e+00 -1.811493635177612305e-01 1.071496978402137756e-01 2.063818168640136719e+01
3.582032322883605957e-01 1.424328923225402832e+00 3.232425308227539062e+01 3.569744873046875000e+01 8.463674545288085938e+00 4.740269184112548828e+00 4.962433338165283203e+00 2.844889831542968750e+01 -1.352170467376708984e+00 4.453007698059082031e+00 -1.710554063320159912e-01 8.614959567785263062e-02 2.063818168640136719e+01
3.645117878913879395e-01 1.418212175369262695e+00 3.239928054809570312e+01 3.563457870483398438e+01 6.854721546173095703e+00 5.782282829284667969e+00 4.972898006439208984e+00 2.826405334472656250e+01 -1.794443249702453613e+00 4.436078548431396484e+00 -2.521114945411682129e-01 8.716683834791183472e-02 2.063818168640136719e+01
3.707640767097473145e-01 1.403538227081298828e+00 3.256712722778320312e+01 3.593649673461914062e+01 7.596017360687255859e+00 7.803054332733154297e+00 4.929642677307128906e+00 2.837313652038574219e+01 -1.611649632453918457e+00 4.388442039489746094e+00 -2.104137986898422241e-01 1.371645182371139526e-01 2.063818168640136719e+01
3.770540952682495117e-01 1.399946928024291992e+00 3.225210571289062500e+01 3.542431259155273438e+01 7.946709156036376953e+00 8.933465957641601562e+00 4.859315395355224609e+00 2.778231239318847656e+01 -1.641166448593139648e+00 4.265115261077880859e+00 -2.107024639844894409e-01 1.448882371187210083e-01 2.063818168640136719e+01
3.833588361740112305e-01 1.396667480468750000e+00 3.243161773681640625e+01 3.579825210571289062e+01 8.672291755676269531e+00 1.002166938781738281e+01 4.875528812408447266e+00 2.772536468505859375e+01 -1.739621996879577637e+00 4.270250797271728516e+00 -2.076335549354553223e-01 1.491537392139434814e-01 2.063818168640136719e+01
3.896513879299163818e-01 1.389871954917907715e+00 3.292010116577148438e+01 3.613304138183593750e+01 7.574318885803222656e+00 1.269826030731201172e+01 4.864685058593750000e+00 2.787591361999511719e+01 -2.059246301651000977e+00 4.209099769592285156e+00 -2.605270445346832275e-01 1.696263402700424194e-01 2.063818168640136719e+01
3.958770036697387695e-01 1.412128448486328125e+00 3.364908218383789062e+01 3.717267227172851562e+01 7.823192596435546875e+00 1.719050979614257812e+01 4.944220066070556641e+00 2.839054870605468750e+01 -2.353065729141235352e+00 4.244723796844482422e+00 -3.118337690830230713e-01 2.222250550985336304e-01 2.063818168640136719e+01
4.021010994911193848e-01 1.422890782356262207e+00 3.474641036987304688e+01 3.762211990356445312e+01 7.797775268554687500e+00 1.869288825988769531e+01 5.053316593170166016e+00 2.897353935241699219e+01 -2.289298295974731445e+00 4.312857627868652344e+00 -2.975744903087615967e-01 2.446803450584411621e-01 2.063818168640136719e+01
