# k, P_{cc}, P_{hh,r}, P_{hh,0}, P_{hh,2}, P_{hh,4}, P_{hc,r}, P_{hc,0}, P_{hc,2}, P_{hc,4}, P_pSN
#  Realization 41
8.018244989216327667e-03 2.032316970825195312e+01 1.782622985839843750e+02 2.331478729248046875e+02 3.241621398925781250e+02 2.672337036132812500e+02 5.815686798095703125e+01 2.028771820068359375e+02 4.625677871704101562e+01 6.708030700683593750e+01 1.904092025756835938e+01 6.827638149261474609e+00 2.062804412841796875e+01
1.401655934751033783e-02 3.749279403686523438e+01 3.387175292968750000e+02 4.226895141601562500e+02 3.649695434570312500e+02 -4.639290618896484375e+01 1.104475250244140625e+02 3.771945190429687500e+02 5.175406265258789062e+01 1.232681121826171875e+02 1.654129409790039062e+01 -2.123990058898925781e+00 2.062804412841796875e+01
1.969251595437526703e-02 2.514737510681152344e+01 2.089127349853515625e+02 2.529915924072265625e+02 5.991943740844726562e+01 -1.294377288818359375e+02 7.034197998046875000e+01 2.290552368164062500e+02 3.371597051620483398e+00 7.774432373046875000e+01 1.818917393684387207e+00 -4.726182460784912109e+00 2.062804412841796875e+01
2.551339380443096161e-02 3.115806007385253906e+01 2.666475830078125000e+02 3.214155883789062500e+02 8.297830200195312500e+01 -1.131481170654296875e+02 8.842789459228515625e+01 2.917347106933593750e+02 5.365643501281738281e+00 9.740111541748046875e+01 2.838250398635864258e+00 -3.858552455902099609e+00 2.062804412841796875e+01
3.202908113598823547e-02 2.824328804016113281e+01 2.358782501220703125e+02 2.899010620117187500e+02 2.151150207519531250e+02 1.717900848388671875e+02 7.906921386718750000e+01 2.604668884277343750e+02 2.793185997009277344e+01 8.764617919921875000e+01 9.128976821899414062e+00 5.156872749328613281e+00 2.062804412841796875e+01
3.846523538231849670e-02 2.363962745666503906e+01 2.063726501464843750e+02 2.547096862792968750e+02 1.553758087158203125e+02 -6.395053863525390625e+00 6.755178070068359375e+01 2.282142333984375000e+02 1.920524597167968750e+01 7.515980529785156250e+01 6.796063423156738281e+00 -5.549361705780029297e-01 2.062804412841796875e+01
4.443310573697090149e-02 2.155002021789550781e+01 1.904668426513671875e+02 2.259824829101562500e+02 3.178613090515136719e+01 -8.237085723876953125e+01 6.158600234985351562e+01 2.065543518066406250e+02 -6.967254877090454102e-01 6.714020538330078125e+01 6.798472255468368530e-02 -2.333215713500976562e+00 2.062804412841796875e+01
5.042308941483497620e-02 1.904247665405273438e+01 1.687508697509765625e+02 1.993656768798828125e+02 3.892169189453125000e+01 5.180870056152343750e+01 5.436419677734375000e+01 1.825021209716796875e+02 5.547469258308410645e-01 5.912936019897460938e+01 2.828915715217590332e-01 1.833141088485717773e+00 2.062804412841796875e+01
5.690929666161537170e-02 1.745837020874023438e+01 1.544949188232421875e+02 1.830891723632812500e+02 4.366436004638671875e+01 -3.093383026123046875e+01 4.939331054687500000e+01 1.672108764648437500e+02 2.379277706146240234e+00 5.382664871215820312e+01 1.023952841758728027e+00 -9.002220034599304199e-01 2.062804412841796875e+01
6.341847032308578491e-02 1.554856586456298828e+01 1.410642089843750000e+02 1.698662261962890625e+02 7.617100524902343750e+01 -1.524475574493408203e+00 4.423893356323242188e+01 1.537036590576171875e+02 7.922122478485107422e+00 4.846820831298828125e+01 2.425360441207885742e+00 1.289231330156326294e-01 2.062804412841796875e+01
6.949992477893829346e-02 1.557899761199951172e+01 1.394952545166015625e+02 1.647075042724609375e+02 4.051681518554687500e+01 -4.525626754760742188e+01 4.406363677978515625e+01 1.504955902099609375e+02 2.557756662368774414e+00 4.793282318115234375e+01 9.320303201675415039e-01 -1.378189802169799805e+00 2.062804412841796875e+01
7.558133453130722046e-02 1.314202117919921875e+01 1.260519714355468750e+02 1.493606109619140625e+02 4.271277618408203125e+01 -2.397964477539062500e+01 3.800772476196289062e+01 1.360885314941406250e+02 3.200196504592895508e+00 4.137685012817382812e+01 1.400563359260559082e+00 -6.013948321342468262e-01 2.062804412841796875e+01
8.196274191141128540e-02 1.171557712554931641e+01 1.145292587280273438e+02 1.349708709716796875e+02 3.422843933105468750e+01 2.902518510818481445e+00 3.413371276855468750e+01 1.230746841430664062e+02 1.830906391143798828e+00 3.697428894042968750e+01 5.132637023925781250e-01 1.102132499217987061e-01 2.062804412841796875e+01
8.830232173204421997e-02 1.077525520324707031e+01 1.043192367553710938e+02 1.247133102416992188e+02 6.076130676269531250e+01 1.286167907714843750e+01 3.103936767578125000e+01 1.126407852172851562e+02 6.399490356445312500e+00 3.382606124877929688e+01 2.062355756759643555e+00 1.017887145280838013e-01 2.062804412841796875e+01
9.435217082500457764e-02 9.258704185485839844e+00 9.028993988037109375e+01 1.075361328125000000e+02 3.423299026489257812e+01 1.052982902526855469e+01 2.635193824768066406e+01 9.712641906738281250e+01 2.378822326660156250e+00 2.860278511047363281e+01 8.354656696319580078e-01 1.733732372522354126e-01 2.062804412841796875e+01
1.005600690841674805e-01 8.414702415466308594e+00 8.738175201416015625e+01 1.034776535034179688e+02 3.584092330932617188e+01 -9.418361663818359375e+00 2.448594474792480469e+01 9.354632568359375000e+01 2.828955173492431641e+00 2.651197433471679688e+01 1.083418726921081543e+00 -3.493799865245819092e-01 2.062804412841796875e+01
1.070138886570930481e-01 7.595032691955566406e+00 8.223033905029296875e+01 9.634818267822265625e+01 2.801986885070800781e+01 6.615789890289306641e+00 2.242515182495117188e+01 8.751799011230468750e+01 1.799421429634094238e+00 2.410829353332519531e+01 6.285158395767211914e-01 1.918334513902664185e-01 2.062804412841796875e+01
1.134273484349250793e-01 7.181273460388183594e+00 7.744628143310546875e+01 9.089756774902343750e+01 3.258127593994140625e+01 6.422435283660888672e+00 2.111203384399414062e+01 8.227806854248046875e+01 2.687158107757568359e+00 2.264119338989257812e+01 8.563324213027954102e-01 1.362345516681671143e-01 2.062804412841796875e+01
1.196089535951614380e-01 7.136682510375976562e+00 7.827790832519531250e+01 9.164806365966796875e+01 3.060898399353027344e+01 5.162213802337646484e+00 2.118553924560546875e+01 8.305382537841796875e+01 2.354761123657226562e+00 2.271825599670410156e+01 7.440999150276184082e-01 8.460672944784164429e-02 2.062804412841796875e+01
1.257804334163665771e-01 6.415737152099609375e+00 7.296483612060546875e+01 8.470282745361328125e+01 1.846964836120605469e+01 -9.333508491516113281e+00 1.915078735351562500e+01 7.690461730957031250e+01 5.888669490814208984e-01 2.040116310119628906e+01 1.972110569477081299e-01 -2.875328063964843750e-01 2.062804412841796875e+01
1.321490257978439331e-01 6.266140937805175781e+00 7.172174072265625000e+01 8.386092376708984375e+01 3.190452384948730469e+01 4.509619176387786865e-01 1.873650741577148438e+01 7.565342712402343750e+01 2.723989248275756836e+00 1.994849205017089844e+01 6.967093944549560547e-01 8.446288108825683594e-02 2.062804412841796875e+01
1.384563297033309937e-01 5.721190452575683594e+00 6.716912841796875000e+01 7.731796264648437500e+01 2.069886779785156250e+01 9.451184272766113281e+00 1.715267753601074219e+01 7.003475189208984375e+01 8.265199661254882812e-01 1.806600570678710938e+01 3.634490072727203369e-01 2.043704241514205933e-01 2.062804412841796875e+01
1.446497291326522827e-01 5.340934753417968750e+00 6.489835357666015625e+01 7.531005859375000000e+01 2.378963851928710938e+01 3.693734407424926758e+00 1.627532768249511719e+01 6.780000305175781250e+01 1.393630027770996094e+00 1.718202400207519531e+01 3.036502003669738770e-01 -7.666667923331260681e-03 2.062804412841796875e+01
1.508535146713256836e-01 4.870668888092041016e+00 5.962976837158203125e+01 7.028740692138671875e+01 2.195600891113281250e+01 1.071142315864562988e+00 1.463712882995605469e+01 6.256446075439453125e+01 9.337232112884521484e-01 1.557417678833007812e+01 3.475176393985748291e-01 -4.484799131751060486e-02 2.062804412841796875e+01
1.571729034185409546e-01 4.471144199371337891e+00 5.591437911987304688e+01 6.529481506347656250e+01 1.604106903076171875e+01 3.522413015365600586e+00 1.351760482788085938e+01 5.815311813354492188e+01 7.219496369361877441e-02 1.427798652648925781e+01 1.499596983194351196e-01 2.985604107379913330e-02 2.062804412841796875e+01
1.635417938232421875e-01 4.219281196594238281e+00 5.546353530883789062e+01 6.475795745849609375e+01 1.947320556640625000e+01 8.510155081748962402e-01 1.296524143218994141e+01 5.759049224853515625e+01 7.250979542732238770e-01 1.365305423736572266e+01 2.772198617458343506e-01 -8.697561919689178467e-02 2.062804412841796875e+01
1.698256134986877441e-01 3.940316200256347656e+00 5.352459716796875000e+01 6.177884292602539062e+01 1.879722404479980469e+01 6.164439201354980469e+00 1.228692436218261719e+01 5.515654373168945312e+01 8.192365765571594238e-01 1.285978126525878906e+01 2.091799676418304443e-01 1.288988888263702393e-01 2.062804412841796875e+01
1.761013567447662354e-01 3.836395025253295898e+00 5.241024017333984375e+01 6.124393844604492188e+01 1.898030090332031250e+01 9.196340441703796387e-01 1.194838714599609375e+01 5.422651672363281250e+01 6.812322735786437988e-01 1.252242946624755859e+01 2.559068202972412109e-01 -2.130339853465557098e-02 2.062804412841796875e+01
1.823998540639877319e-01 3.679096460342407227e+00 5.128643798828125000e+01 5.915193939208984375e+01 1.781592941284179688e+01 9.125203132629394531e+00 1.146198368072509766e+01 5.250907135009765625e+01 6.563586592674255371e-01 1.193842506408691406e+01 2.270805984735488892e-01 1.724181473255157471e-01 2.062804412841796875e+01
1.886507123708724976e-01 3.627656221389770508e+00 5.019570159912109375e+01 5.789160919189453125e+01 1.757592201232910156e+01 1.175609350204467773e+00 1.130011844635009766e+01 5.114588928222656250e+01 4.995915293693542480e-01 1.165834808349609375e+01 2.012346684932708740e-01 -2.792777121067047119e-02 2.062804412841796875e+01
1.949081569910049438e-01 3.366087675094604492e+00 4.858707809448242188e+01 5.549644851684570312e+01 1.477943038940429688e+01 4.857132732868194580e-01 1.060297584533691406e+01 4.912240982055664062e+01 2.129030674695968628e-01 1.085319805145263672e+01 4.187115654349327087e-02 -1.523867715150117874e-02 2.062804412841796875e+01
2.011425346136093140e-01 3.220611572265625000e+00 4.719695281982421875e+01 5.381759643554687500e+01 1.714104461669921875e+01 9.942781925201416016e-01 1.019768333435058594e+01 4.748405456542968750e+01 6.377823948860168457e-01 1.042607116699218750e+01 1.783598512411117554e-01 -4.397949203848838806e-02 2.062804412841796875e+01
2.073954045772552490e-01 3.071932792663574219e+00 4.629302978515625000e+01 5.295302581787109375e+01 1.558773994445800781e+01 3.558779239654541016e+00 9.780863761901855469e+00 4.642983627319335938e+01 3.401554226875305176e-01 9.963984489440917969e+00 1.183613985776901245e-01 7.924882322549819946e-02 2.062804412841796875e+01
2.137389332056045532e-01 2.874030113220214844e+00 4.396350479125976562e+01 5.039225006103515625e+01 1.334357070922851562e+01 4.358688831329345703e+00 9.182872772216796875e+00 4.395204925537109375e+01 -1.783770173788070679e-01 9.311167716979980469e+00 7.969714701175689697e-03 7.821248471736907959e-02 2.062804412841796875e+01
2.200330942869186401e-01 2.767489433288574219e+00 4.359437179565429688e+01 4.999263763427734375e+01 1.383487033843994141e+01 2.091964006423950195e+00 8.904206275939941406e+00 4.348871231079101562e+01 -1.446425262838602066e-02 9.031808853149414062e+00 2.458822168409824371e-02 2.174540609121322632e-02 2.062804412841796875e+01
2.262930423021316528e-01 2.630876779556274414e+00 4.207810974121093750e+01 4.851067733764648438e+01 1.464042568206787109e+01 2.492218017578125000e+00 8.503522872924804688e+00 4.187519073486328125e+01 6.229365244507789612e-02 8.619592666625976562e+00 7.198026776313781738e-02 1.947672478854656219e-02 2.062804412841796875e+01
2.325985133647918701e-01 2.496396541595458984e+00 4.140322875976562500e+01 4.724872207641601562e+01 1.328925991058349609e+01 1.650542259216308594e+00 8.080625534057617188e+00 4.081551361083984375e+01 -1.094260960817337036e-01 8.106254577636718750e+00 5.450708419084548950e-02 6.924058776348829269e-03 2.062804412841796875e+01
2.388891130685806274e-01 2.429881572723388672e+00 4.098419570922851562e+01 4.655584716796875000e+01 1.422046470642089844e+01 1.467026829719543457e+00 7.937454700469970703e+00 4.015167236328125000e+01 1.216238662600517273e-01 7.932577133178710938e+00 9.311924874782562256e-02 1.614744774997234344e-02 2.062804412841796875e+01
2.451218813657760620e-01 2.313274860382080078e+00 3.977323913574218750e+01 4.568361663818359375e+01 1.168527889251708984e+01 1.101382970809936523e+00 7.589266777038574219e+00 3.895508956909179688e+01 -4.523534774780273438e-01 7.573515892028808594e+00 -1.513801980763673782e-02 3.304548561573028564e-02 2.062804412841796875e+01
2.513737380504608154e-01 2.210403203964233398e+00 3.936642456054687500e+01 4.453873825073242188e+01 1.109518623352050781e+01 1.838585853576660156e+00 7.335349559783935547e+00 3.821616744995117188e+01 -5.446100831031799316e-01 7.253071784973144531e+00 -8.025287836790084839e-02 3.089961409568786621e-02 2.062804412841796875e+01
2.577070593833923340e-01 2.240360498428344727e+00 3.928586578369140625e+01 4.461554718017578125e+01 1.297820186614990234e+01 2.559379816055297852e+00 7.402887821197509766e+00 3.791677474975585938e+01 -3.433411121368408203e-01 7.275683403015136719e+00 -3.101108968257904053e-02 1.908211968839168549e-02 2.062804412841796875e+01
2.640204429626464844e-01 2.110916614532470703e+00 3.814146804809570312e+01 4.308959579467773438e+01 1.143923854827880859e+01 2.465425014495849609e+00 6.993156433105468750e+00 3.651196670532226562e+01 -5.369931459426879883e-01 6.816104888916015625e+00 -7.346273213624954224e-02 2.852247841656208038e-02 2.062804412841796875e+01
2.702898085117340088e-01 2.024853944778442383e+00 3.743210983276367188e+01 4.216056823730468750e+01 1.014358139038085938e+01 7.295839786529541016e-01 6.779749393463134766e+00 3.559112548828125000e+01 -6.700204610824584961e-01 6.565160751342773438e+00 -5.401618406176567078e-02 3.875663876533508301e-02 2.062804412841796875e+01
2.765615284442901611e-01 1.955208063125610352e+00 3.662888717651367188e+01 4.140214157104492188e+01 1.054979515075683594e+01 2.420916080474853516e+00 6.544373035430908203e+00 3.472272872924804688e+01 -7.034267783164978027e-01 6.316957950592041016e+00 -7.625426352024078369e-02 5.534595623612403870e-02 2.062804412841796875e+01
2.828698754310607910e-01 1.916404008865356445e+00 3.657831954956054688e+01 4.102802276611328125e+01 9.263184547424316406e+00 -6.586033701896667480e-01 6.458488464355468750e+00 3.449758911132812500e+01 -8.483946323394775391e-01 6.218032836914062500e+00 -1.135566234588623047e-01 -1.281839702278375626e-02 2.062804412841796875e+01
2.891486585140228271e-01 1.815631866455078125e+00 3.582791900634765625e+01 4.018530273437500000e+01 1.103959178924560547e+01 3.509132146835327148e+00 6.187529087066650391e+00 3.352919769287109375e+01 -6.519695520401000977e-01 5.916943073272705078e+00 -5.797870457172393799e-02 5.998773872852325439e-02 2.062804412841796875e+01
2.953523397445678711e-01 1.751842021942138672e+00 3.496477890014648438e+01 3.947108459472656250e+01 1.075847148895263672e+01 2.002855300903320312e+00 5.978507041931152344e+00 3.261203384399414062e+01 -7.781999111175537109e-01 5.659059047698974609e+00 -8.955732733011245728e-02 1.818737201392650604e-02 2.062804412841796875e+01
3.016075491905212402e-01 1.732465147972106934e+00 3.470441055297851562e+01 3.928945541381835938e+01 1.126932144165039062e+01 3.218518495559692383e+00 5.882062435150146484e+00 3.223804473876953125e+01 -7.365983128547668457e-01 5.571284770965576172e+00 -7.864505797624588013e-02 4.835750162601470947e-02 2.062804412841796875e+01
3.079382479190826416e-01 1.689064979553222656e+00 3.468178176879882812e+01 3.905084228515625000e+01 1.046365165710449219e+01 4.211272239685058594e+00 5.800561904907226562e+00 3.202642059326171875e+01 -9.185547232627868652e-01 5.436445713043212891e+00 -1.323493868112564087e-01 5.669691413640975952e-02 2.062804412841796875e+01
3.142760396003723145e-01 1.650786995887756348e+00 3.431484222412109375e+01 3.818084335327148438e+01 9.152215957641601562e+00 8.759812712669372559e-01 5.668955326080322266e+00 3.133921051025390625e+01 -9.942936897277832031e-01 5.267373561859130859e+00 -1.311724334955215454e-01 2.315390668809413910e-02 2.062804412841796875e+01
3.205462992191314697e-01 1.581021308898925781e+00 3.320373916625976562e+01 3.708048629760742188e+01 7.753581047058105469e+00 3.603578567504882812e+00 5.432675361633300781e+00 3.009255218505859375e+01 -1.327753186225891113e+00 5.030859947204589844e+00 -1.707336753606796265e-01 6.832284480333328247e-02 2.062804412841796875e+01
3.268128037452697754e-01 1.569795727729797363e+00 3.331390380859375000e+01 3.677250671386718750e+01 9.199366569519042969e+00 2.993649005889892578e+00 5.402697086334228516e+00 2.980605125427246094e+01 -1.092231154441833496e+00 4.932113647460937500e+00 -1.545500904321670532e-01 4.063989594578742981e-02 2.062804412841796875e+01
3.331238031387329102e-01 1.530608654022216797e+00 3.322044754028320312e+01 3.683309555053710938e+01 7.578577995300292969e+00 3.873075723648071289e+00 5.301807403564453125e+00 2.970133399963378906e+01 -1.392660140991210938e+00 4.824865341186523438e+00 -1.891352683305740356e-01 6.271010637283325195e-02 2.062804412841796875e+01
3.394046723842620850e-01 1.505906701087951660e+00 3.275318527221679688e+01 3.648859405517578125e+01 9.365792274475097656e+00 4.204754829406738281e+00 5.190106391906738281e+00 2.905153656005859375e+01 -1.264367938041687012e+00 4.703040599822998047e+00 -1.478682309389114380e-01 8.074557036161422729e-02 2.062804412841796875e+01
3.456391692161560059e-01 1.461508274078369141e+00 3.241888427734375000e+01 3.603104782104492188e+01 8.702298164367675781e+00 5.026064395904541016e+00 5.060146808624267578e+00 2.856587982177734375e+01 -1.468673467636108398e+00 4.531753063201904297e+00 -2.056048512458801270e-01 4.858281463384628296e-02 2.062804412841796875e+01
3.518808186054229736e-01 1.463360428810119629e+00 3.211507415771484375e+01 3.569656753540039062e+01 8.609161376953125000e+00 4.794273853302001953e+00 5.018982887268066406e+00 2.810708236694335938e+01 -1.474693059921264648e+00 4.471770763397216797e+00 -2.003404349088668823e-01 7.725874334573745728e-02 2.062804412841796875e+01
3.582032322883605957e-01 1.442894577980041504e+00 3.265250778198242188e+01 3.592785263061523438e+01 8.280694007873535156e+00 5.864082813262939453e+00 5.042251110076904297e+00 2.843012809753417969e+01 -1.480656623840332031e+00 4.446582794189453125e+00 -1.998921036720275879e-01 1.059074103832244873e-01 2.062804412841796875e+01
3.645117878913879395e-01 1.422739982604980469e+00 3.223405838012695312e+01 3.572889328002929688e+01 9.224387168884277344e+00 6.137817859649658203e+00 4.950100421905517578e+00 2.783492660522460938e+01 -1.444652557373046875e+00 4.352965831756591797e+00 -1.828918308019638062e-01 1.021883562207221985e-01 2.062804412841796875e+01
3.707640767097473145e-01 1.406390547752380371e+00 3.233483123779296875e+01 3.575637054443359375e+01 8.033811569213867188e+00 7.688012599945068359e+00 4.874849319458007812e+00 2.772173690795898438e+01 -1.789775729179382324e+00 4.260349750518798828e+00 -2.385479062795639038e-01 1.239935234189033508e-01 2.062804412841796875e+01
3.770540952682495117e-01 1.410109400749206543e+00 3.250788879394531250e+01 3.573625183105468750e+01 8.252928733825683594e+00 9.187871932983398438e+00 4.904866695404052734e+00 2.767789649963378906e+01 -1.823754429817199707e+00 4.255309104919433594e+00 -2.519754171371459961e-01 1.236048266291618347e-01 2.062804412841796875e+01
3.833588361740112305e-01 1.418460130691528320e+00 3.300588607788085938e+01 3.615098571777343750e+01 8.213616371154785156e+00 1.029127025604248047e+01 4.955423355102539062e+00 2.784230232238769531e+01 -1.885246276855468750e+00 4.269125461578369141e+00 -2.479300647974014282e-01 1.481935679912567139e-01 2.062804412841796875e+01
3.896513879299163818e-01 1.414819836616516113e+00 3.362961578369140625e+01 3.680897521972656250e+01 7.691841602325439453e+00 1.445480823516845703e+01 4.992516517639160156e+00 2.820505332946777344e+01 -2.200323581695556641e+00 4.262779712677001953e+00 -3.008637130260467529e-01 1.971612572669982910e-01 2.062804412841796875e+01
3.958770036697387695e-01 1.414039969444274902e+00 3.387705993652343750e+01 3.741769409179687500e+01 9.471857070922851562e+00 1.704443359375000000e+01 4.978674411773681641e+00 2.828399276733398438e+01 -2.185570240020751953e+00 4.241645812988281250e+00 -2.794963717460632324e-01 2.148535996675491333e-01 2.062804412841796875e+01
4.021010994911193848e-01 1.405658960342407227e+00 3.427863693237304688e+01 3.785335540771484375e+01 8.656524658203125000e+00 1.750676727294921875e+01 4.979743003845214844e+00 2.845221328735351562e+01 -2.341284990310668945e+00 4.221652507781982422e+00 -3.024755716323852539e-01 2.233089208602905273e-01 2.062804412841796875e+01
