# k, P_{cc}, P_{hh,r}, P_{hh,0}, P_{hh,2}, P_{hh,4}, P_{h0,hr}, P_{h2,hr}, P_{hc,r}, P_{hc,0}, P_{hc,2}, P_{hc,4}, P_pSN
#  Realization 153
8.018244989216327667e-03 1.334547901153564453e+01 1.263934326171875000e+02 1.463647308349609375e+02 1.588986587524414062e+01 -1.569561767578125000e+02 1.357613372802734375e+02 2.958406507968902588e-01 3.967031860351562500e+01 4.258596038818359375e+01 -1.722042918205261230e+00 -3.514897584915161133e+00 2.065838050842285156e+01
1.401655934751033783e-02 3.939683151245117188e+01 3.485672302246093750e+02 4.373583679199218750e+02 4.010799865722656250e+02 2.368847656250000000e+02 3.888068542480468750e+02 5.393612289428710938e+01 1.153479614257812500e+02 1.293386688232421875e+02 1.988401031494140625e+01 8.126778602600097656e+00 2.065838050842285156e+01
1.969251595437526703e-02 3.499107742309570312e+01 2.940090637207031250e+02 3.478552246093750000e+02 1.808893775939941406e+01 4.195979690551757812e+01 3.187704467773437500e+02 -7.642010211944580078e+00 9.935687255859375000e+01 1.081081619262695312e+02 -2.694285631179809570e+00 1.538032889366149902e+00 2.065838050842285156e+01
2.551339380443096161e-02 3.230383300781250000e+01 2.824031982421875000e+02 3.368039550781250000e+02 8.241862487792968750e+01 1.743178558349609375e+02 3.073282165527343750e+02 3.465327501296997070e+00 9.274760437011718750e+01 1.015960159301757812e+02 2.146668195724487305e+00 4.448162555694580078e+00 2.065838050842285156e+01
3.202908113598823547e-02 3.121349906921386719e+01 2.504788208007812500e+02 2.984583740234375000e+02 3.705355453491210938e+01 -3.246995162963867188e+01 2.725119323730468750e+02 -1.984234213829040527e+00 8.572933959960937500e+01 9.363287353515625000e+01 -1.310738086700439453e+00 -1.298165321350097656e+00 2.065838050842285156e+01
3.846523538231849670e-02 2.426103782653808594e+01 2.088558959960937500e+02 2.468620605468750000e+02 3.692898941040039062e+01 -4.473728561401367188e+01 2.262221832275390625e+02 -5.867629051208496094e-01 6.831980133056640625e+01 7.446933746337890625e+01 2.219776511192321777e-01 -1.559272646903991699e+00 2.065838050842285156e+01
4.443310573697090149e-02 2.026625633239746094e+01 1.768022766113281250e+02 2.096364593505859375e+02 4.593751907348632812e+01 -1.936075973510742188e+01 1.917870178222656250e+02 2.210533618927001953e+00 5.739710617065429688e+01 6.259859848022460938e+01 1.085554957389831543e+00 -9.221110939979553223e-01 2.065838050842285156e+01
5.042308941483497620e-02 1.817140579223632812e+01 1.585404510498046875e+02 1.884902343750000000e+02 4.746986389160156250e+01 2.863315010070800781e+01 1.720180816650390625e+02 2.558871507644653320e+00 5.115337753295898438e+01 5.584730148315429688e+01 1.017897486686706543e+00 8.244540691375732422e-01 2.065838050842285156e+01
5.690929666161537170e-02 1.631280708312988281e+01 1.433643341064453125e+02 1.715275878906250000e+02 5.994031524658203125e+01 -2.893967056274414062e+01 1.559764099121093750e+02 5.661537170410156250e+00 4.573622894287109375e+01 5.008290863037109375e+01 1.752410650253295898e+00 -1.190410852432250977e+00 2.065838050842285156e+01
6.341847032308578491e-02 1.569952106475830078e+01 1.418966217041015625e+02 1.675473022460937500e+02 4.011245727539062500e+01 1.544143104553222656e+01 1.532915649414062500e+02 1.868688464164733887e+00 4.457699966430664062e+01 4.842597579956054688e+01 4.417542815208435059e-01 5.307954549789428711e-01 2.065838050842285156e+01
6.949992477893829346e-02 1.492464637756347656e+01 1.348379516601562500e+02 1.597652282714843750e+02 4.855365371704101562e+01 -2.097550773620605469e+01 1.457929687500000000e+02 3.833765745162963867e+00 4.224665069580078125e+01 4.602420425415039062e+01 1.371036648750305176e+00 -7.865378260612487793e-01 2.065838050842285156e+01
7.558133453130722046e-02 1.367152404785156250e+01 1.247991027832031250e+02 1.473482513427734375e+02 2.902371215820312500e+01 4.444963455200195312e+00 1.345630645751953125e+02 4.688626825809478760e-01 3.872009277343750000e+01 4.206732559204101562e+01 2.770574390888214111e-01 1.410252749919891357e-01 2.065838050842285156e+01
8.196274191141128540e-02 1.176950836181640625e+01 1.123347778320312500e+02 1.322661743164062500e+02 4.378209304809570312e+01 2.136059761047363281e+01 1.208456954956054688e+02 3.729812383651733398e+00 3.371858596801757812e+01 3.653533554077148438e+01 1.245962619781494141e+00 5.978491902351379395e-01 2.065838050842285156e+01
8.830232173204421997e-02 1.117812061309814453e+01 1.093821640014648438e+02 1.300276184082031250e+02 4.659746932983398438e+01 2.210646629333496094e+01 1.180832138061523438e+02 4.065231800079345703e+00 3.230153274536132812e+01 3.509986495971679688e+01 1.285148620605468750e+00 3.856228888034820557e-01 2.065838050842285156e+01
9.435217082500457764e-02 9.747331619262695312e+00 9.905553436279296875e+01 1.165903091430664062e+02 3.885498046875000000e+01 -2.404388904571533203e+00 1.062211456298828125e+02 3.276347160339355469e+00 2.864047241210937500e+01 3.091940116882324219e+01 9.793708920478820801e-01 -1.825765967369079590e-01 2.065838050842285156e+01
1.005600690841674805e-01 8.295508384704589844e+00 8.472898864746093750e+01 1.003061447143554688e+02 4.405141830444335938e+01 6.615679860115051270e-01 9.094790649414062500e+01 4.594769954681396484e+00 2.397627067565917969e+01 2.600368118286132812e+01 1.403777837753295898e+00 -5.713086947798728943e-02 2.065838050842285156e+01
1.070138886570930481e-01 7.494695663452148438e+00 7.996544647216796875e+01 9.406157684326171875e+01 3.332323837280273438e+01 6.906202793121337891e+00 8.533524322509765625e+01 2.696153879165649414e+00 2.191649246215820312e+01 2.363140869140625000e+01 6.478181481361389160e-01 7.640326768159866333e-02 2.065838050842285156e+01
1.134273484349250793e-01 7.544946670532226562e+00 8.198943328857421875e+01 9.612728881835937500e+01 2.601819229125976562e+01 -2.316657066345214844e+00 8.727908325195312500e+01 1.453834533691406250e+00 2.244854736328125000e+01 2.413717651367187500e+01 4.255978465080261230e-01 -4.530563578009605408e-02 2.065838050842285156e+01
1.196089535951614380e-01 6.639295101165771484e+00 7.237493896484375000e+01 8.572304534912109375e+01 2.956781959533691406e+01 -6.438137054443359375e+00 7.719876098632812500e+01 2.376601934432983398e+00 1.940704536437988281e+01 2.096306610107421875e+01 6.658176183700561523e-01 -2.271254807710647583e-01 2.065838050842285156e+01
1.257804334163665771e-01 6.457429885864257812e+00 7.336832427978515625e+01 8.618749237060546875e+01 2.593199348449707031e+01 3.114748954772949219e+00 7.788359069824218750e+01 1.682883977890014648e+00 1.930746078491210938e+01 2.067914581298828125e+01 4.543018043041229248e-01 4.395859688520431519e-02 2.065838050842285156e+01
1.321490257978439331e-01 5.987118721008300781e+00 6.916104888916015625e+01 8.037886047363281250e+01 2.297270584106445312e+01 -4.649363756179809570e-01 7.283229827880859375e+01 1.261806368827819824e+00 1.793574333190917969e+01 1.901658058166503906e+01 4.670964777469635010e-01 -1.254454702138900757e-01 2.065838050842285156e+01
1.384563297033309937e-01 5.692576885223388672e+00 6.525767517089843750e+01 7.641708374023437500e+01 2.506770706176757812e+01 3.016108274459838867e+00 6.879364013671875000e+01 1.557378530502319336e+00 1.684322929382324219e+01 1.797798728942871094e+01 4.461428225040435791e-01 -4.649346321821212769e-02 2.065838050842285156e+01
1.446497291326522827e-01 5.424006938934326172e+00 6.449225616455078125e+01 7.487343597412109375e+01 2.292084884643554688e+01 1.856754571199417114e-01 6.762979888916015625e+01 1.397982716560363770e+00 1.633878898620605469e+01 1.728419113159179688e+01 4.015763700008392334e-01 -2.610068954527378082e-02 2.065838050842285156e+01
1.508535146713256836e-01 4.988687515258789062e+00 6.126552963256835938e+01 7.158013916015625000e+01 2.920704078674316406e+01 3.754126071929931641e+00 6.428926086425781250e+01 2.578920125961303711e+00 1.517895221710205078e+01 1.608163833618164062e+01 6.830512881278991699e-01 1.017116308212280273e-01 2.065838050842285156e+01
1.571729034185409546e-01 4.475164890289306641e+00 5.694566345214843750e+01 6.608780670166015625e+01 2.284779167175292969e+01 3.410716056823730469e+00 5.936369323730468750e+01 1.605916619300842285e+00 1.364012527465820312e+01 1.438578605651855469e+01 3.997073173522949219e-01 5.402497574687004089e-02 2.065838050842285156e+01
1.635417938232421875e-01 4.134840965270996094e+00 5.352579116821289062e+01 6.321276092529296875e+01 2.244469451904296875e+01 2.660378694534301758e+00 5.605301284790039062e+01 1.356345653533935547e+00 1.259256553649902344e+01 1.336288547515869141e+01 4.237092733383178711e-01 8.165551349520683289e-03 2.065838050842285156e+01
1.698256134986877441e-01 3.991482257843017578e+00 5.362433242797851562e+01 6.187478637695312500e+01 1.806417274475097656e+01 1.270605683326721191e+00 5.535826492309570312e+01 7.339828014373779297e-01 1.236646270751953125e+01 1.295698356628417969e+01 1.846775114536285400e-01 -2.554158493876457214e-02 2.065838050842285156e+01
1.761013567447662354e-01 3.870343923568725586e+00 5.166804504394531250e+01 6.022047424316406250e+01 1.525597667694091797e+01 4.064532756805419922e+00 5.341238784790039062e+01 2.913573943078517914e-02 1.188654708862304688e+01 1.244400310516357422e+01 6.533031910657882690e-02 8.886298537254333496e-02 2.065838050842285156e+01
1.823998540639877319e-01 3.628435134887695312e+00 5.147752380371093750e+01 5.958793258666992188e+01 1.778605842590332031e+01 7.203653335571289062e+00 5.298762512207031250e+01 5.600119829177856445e-01 1.141214847564697266e+01 1.193404006958007812e+01 2.281724959611892700e-01 1.524661034345626831e-01 2.065838050842285156e+01
1.886507123708724976e-01 3.446246862411499023e+00 5.002146911621093750e+01 5.859888458251953125e+01 2.090509796142578125e+01 6.085257530212402344e+00 5.158294677734375000e+01 9.804448485374450684e-01 1.093209266662597656e+01 1.145040130615234375e+01 2.737741768360137939e-01 6.870112568140029907e-02 2.065838050842285156e+01
1.949081569910049438e-01 3.341465234756469727e+00 4.723591232299804688e+01 5.455522918701171875e+01 1.628045654296875000e+01 3.929136395454406738e-01 4.819908905029296875e+01 4.705181717872619629e-01 1.037080097198486328e+01 1.071286582946777344e+01 1.097272783517837524e-01 -6.548902019858360291e-03 2.065838050842285156e+01
2.011425346136093140e-01 3.238363504409790039e+00 4.766132354736328125e+01 5.490139007568359375e+01 1.594462108612060547e+01 1.771768093109130859e+00 4.839035034179687500e+01 3.434976339340209961e-01 1.020495223999023438e+01 1.050259971618652344e+01 1.089053004980087280e-01 -9.125275537371635437e-03 2.065838050842285156e+01
2.073954045772552490e-01 3.051365852355957031e+00 4.587656784057617188e+01 5.308137893676757812e+01 1.592299747467041016e+01 5.611624240875244141e+00 4.651172637939453125e+01 2.279440909624099731e-01 9.717458724975585938e+00 9.996133804321289062e+00 9.451077878475189209e-02 6.891501694917678833e-02 2.065838050842285156e+01
2.137389332056045532e-01 2.844650745391845703e+00 4.441390991210937500e+01 5.063475418090820312e+01 1.348242759704589844e+01 1.750319838523864746e+00 4.450395965576171875e+01 5.266007501631975174e-03 9.108942985534667969e+00 9.285129547119140625e+00 5.660708993673324585e-02 -1.033159065991640091e-02 2.065838050842285156e+01
2.200330942869186401e-01 2.734372377395629883e+00 4.358834457397460938e+01 4.988348770141601562e+01 1.325425434112548828e+01 4.457159519195556641e+00 4.368906402587890625e+01 -3.141157701611518860e-02 8.842131614685058594e+00 9.000102996826171875e+00 4.731381684541702271e-02 6.236037239432334900e-02 2.065838050842285156e+01
2.262930423021316528e-01 2.606283903121948242e+00 4.246192169189453125e+01 4.863610839843750000e+01 1.290806293487548828e+01 2.554535150527954102e+00 4.235894393920898438e+01 -1.319604218006134033e-01 8.476568222045898438e+00 8.612791061401367188e+00 2.474742196500301361e-02 4.027191549539566040e-02 2.065838050842285156e+01
2.325985133647918701e-01 2.530927181243896484e+00 4.182005691528320312e+01 4.803712844848632812e+01 1.385659599304199219e+01 7.946281433105468750e+00 4.155157852172851562e+01 -1.893082559108734131e-01 8.238499641418457031e+00 8.338065147399902344e+00 2.501290105283260345e-02 1.122749373316764832e-01 2.065838050842285156e+01
2.388891130685806274e-01 2.405482292175292969e+00 4.083183288574218750e+01 4.689669418334960938e+01 1.514902782440185547e+01 2.733677625656127930e+00 4.041351318359375000e+01 1.431921571493148804e-01 7.882909297943115234e+00 7.943281650543212891e+00 6.446895748376846313e-02 1.372356712818145752e-02 2.065838050842285156e+01
2.451218813657760620e-01 2.307873964309692383e+00 3.962113571166992188e+01 4.552572631835937500e+01 1.232275485992431641e+01 4.703395843505859375e+00 3.907156753540039062e+01 -4.265431761741638184e-01 7.578584671020507812e+00 7.629464149475097656e+00 -1.070230081677436829e-02 3.433292731642723083e-02 2.065838050842285156e+01
2.513737380504608154e-01 2.231814861297607422e+00 3.932501220703125000e+01 4.482543182373046875e+01 1.237170028686523438e+01 3.645416736602783203e+00 3.852527236938476562e+01 -1.797910779714584351e-01 7.400649070739746094e+00 7.390210151672363281e+00 3.297046199440956116e-02 7.447096705436706543e-02 2.065838050842285156e+01
2.577070593833923340e-01 2.160686254501342773e+00 3.822462081909179688e+01 4.316080474853515625e+01 1.094922351837158203e+01 4.160801887512207031e+00 3.693476486206054688e+01 -5.716648697853088379e-01 7.104450702667236328e+00 6.990631103515625000e+00 -8.146785944700241089e-02 5.695678666234016418e-02 2.065838050842285156e+01
2.640204429626464844e-01 2.110389947891235352e+00 3.795864105224609375e+01 4.314103317260742188e+01 1.259208869934082031e+01 3.048060894012451172e+00 3.682574081420898438e+01 -2.465247064828872681e-01 6.984935760498046875e+00 6.906571865081787109e+00 4.196025896817445755e-03 3.476175293326377869e-02 2.065838050842285156e+01
2.702898085117340088e-01 2.042654752731323242e+00 3.755513381958007812e+01 4.247813034057617188e+01 1.046012973785400391e+01 2.348462343215942383e+00 3.603616333007812500e+01 -6.570401787757873535e-01 6.830562114715576172e+00 6.671957492828369141e+00 -9.429020434617996216e-02 3.132558986544609070e-02 2.065838050842285156e+01
2.765615284442901611e-01 1.974945068359375000e+00 3.723910522460937500e+01 4.220442199707031250e+01 1.099707031250000000e+01 4.173914432525634766e+00 3.574354553222656250e+01 -5.628629326820373535e-01 6.666540145874023438e+00 6.495048999786376953e+00 -7.602775841951370239e-02 7.921922951936721802e-02 2.065838050842285156e+01
2.828698754310607910e-01 1.879662632942199707e+00 3.665191650390625000e+01 4.109972000122070312e+01 1.004632186889648438e+01 2.185034275054931641e+00 3.465079879760742188e+01 -8.354920744895935059e-01 6.411303520202636719e+00 6.195829391479492188e+00 -8.871302753686904907e-02 -2.010256983339786530e-03 2.065838050842285156e+01
2.891486585140228271e-01 1.830850958824157715e+00 3.548703384399414062e+01 3.997970199584960938e+01 1.036186981201171875e+01 3.780064582824707031e+00 3.358506011962890625e+01 -6.530058383941650391e-01 6.217304706573486328e+00 6.006092548370361328e+00 -8.842070400714874268e-02 2.790757268667221069e-02 2.065838050842285156e+01
2.953523397445678711e-01 1.766715168952941895e+00 3.546419906616210938e+01 3.974101638793945312e+01 9.747999191284179688e+00 2.698947668075561523e+00 3.328754425048828125e+01 -8.375687003135681152e-01 6.038009166717529297e+00 5.807050228118896484e+00 -8.465511351823806763e-02 2.944297529757022858e-02 2.065838050842285156e+01
3.016075491905212402e-01 1.696519732475280762e+00 3.441494750976562500e+01 3.839648437500000000e+01 7.844264984130859375e+00 2.972287416458129883e+00 3.203030776977539062e+01 -1.116103291511535645e+00 5.788496494293212891e+00 5.478708267211914062e+00 -1.603014916181564331e-01 3.523623198270797729e-02 2.065838050842285156e+01
3.079382479190826416e-01 1.697525262832641602e+00 3.441375732421875000e+01 3.904154968261718750e+01 9.576547622680664062e+00 9.586974978446960449e-01 3.214905548095703125e+01 -9.809339642524719238e-01 5.783411979675292969e+00 5.495567321777343750e+00 -1.381754428148269653e-01 1.578928530216217041e-02 2.065838050842285156e+01
3.142760396003723145e-01 1.641858577728271484e+00 3.376808929443359375e+01 3.792642593383789062e+01 9.643575668334960938e+00 3.726953268051147461e+00 3.118428993225097656e+01 -9.606022834777832031e-01 5.600644111633300781e+00 5.269617557525634766e+00 -1.161817535758018494e-01 5.623827502131462097e-02 2.065838050842285156e+01
3.205462992191314697e-01 1.603377938270568848e+00 3.390864562988281250e+01 3.757855987548828125e+01 7.327755451202392578e+00 1.579034328460693359e+00 3.097734260559082031e+01 -1.362761259078979492e+00 5.538809776306152344e+00 5.171378612518310547e+00 -1.963244080543518066e-01 1.123162079602479935e-02 2.065838050842285156e+01
3.268128037452697754e-01 1.578818082809448242e+00 3.357205581665039062e+01 3.738126373291015625e+01 8.154921531677246094e+00 4.105341911315917969e+00 3.067254066467285156e+01 -1.187054157257080078e+00 5.452478408813476562e+00 5.074701309204101562e+00 -1.648268550634384155e-01 5.736307427287101746e-02 2.065838050842285156e+01
3.331238031387329102e-01 1.530372023582458496e+00 3.314223480224609375e+01 3.686803817749023438e+01 8.169046401977539062e+00 3.036561250686645508e+00 2.994116783142089844e+01 -1.301459908485412598e+00 5.289728164672851562e+00 4.854632377624511719e+00 -1.744795888662338257e-01 5.357259511947631836e-02 2.065838050842285156e+01
3.394046723842620850e-01 1.507647275924682617e+00 3.304875183105468750e+01 3.680515289306640625e+01 8.643715858459472656e+00 4.722879886627197266e+00 2.966321182250976562e+01 -1.329107284545898438e+00 5.230800151824951172e+00 4.801699638366699219e+00 -1.880584061145782471e-01 8.756017684936523438e-02 2.065838050842285156e+01
3.456391692161560059e-01 1.479921579360961914e+00 3.265611267089843750e+01 3.638087463378906250e+01 8.317690849304199219e+00 5.489315032958984375e+00 2.924869155883789062e+01 -1.323783278465270996e+00 5.124827384948730469e+00 4.673633098602294922e+00 -1.691018193960189819e-01 9.251662343740463257e-02 2.065838050842285156e+01
3.518808186054229736e-01 1.470800518989562988e+00 3.252825164794921875e+01 3.588859176635742188e+01 6.450113773345947266e+00 3.825597763061523438e+00 2.885658645629882812e+01 -1.617956757545471191e+00 5.092810153961181641e+00 4.596883773803710938e+00 -2.522427737712860107e-01 6.168135255575180054e-02 2.065838050842285156e+01
3.582032322883605957e-01 1.423020482063293457e+00 3.216956329345703125e+01 3.568772888183593750e+01 7.924295425415039062e+00 5.980567932128906250e+00 2.824798583984375000e+01 -1.561231732368469238e+00 4.948968887329101562e+00 4.460877895355224609e+00 -2.120868712663650513e-01 7.624771445989608765e-02 2.065838050842285156e+01
3.645117878913879395e-01 1.427264213562011719e+00 3.230588531494140625e+01 3.549471282958984375e+01 6.566706180572509766e+00 7.237725257873535156e+00 2.820663833618164062e+01 -1.731283545494079590e+00 4.944584369659423828e+00 4.403288364410400391e+00 -2.454069703817367554e-01 1.124651730060577393e-01 2.065838050842285156e+01
3.707640767097473145e-01 1.413865923881530762e+00 3.276863098144531250e+01 3.606029510498046875e+01 7.237806320190429688e+00 6.990686416625976562e+00 2.845235061645507812e+01 -1.760302901268005371e+00 4.932511329650878906e+00 4.350627899169921875e+00 -2.554748654365539551e-01 1.109644770622253418e-01 2.065838050842285156e+01
3.770540952682495117e-01 1.417999625205993652e+00 3.241983032226562500e+01 3.583840179443359375e+01 7.284910678863525391e+00 8.633822441101074219e+00 2.799820137023925781e+01 -1.828485012054443359e+00 4.915453433990478516e+00 4.331227302551269531e+00 -2.548442482948303223e-01 1.643822342157363892e-01 2.065838050842285156e+01
3.833588361740112305e-01 1.397856712341308594e+00 3.309211730957031250e+01 3.622486114501953125e+01 7.410579204559326172e+00 9.611186027526855469e+00 2.826690483093261719e+01 -1.864532589912414551e+00 4.923018455505371094e+00 4.277562618255615234e+00 -2.630542814731597900e-01 1.431008428335189819e-01 2.065838050842285156e+01
3.896513879299163818e-01 1.398159384727478027e+00 3.272996520996093750e+01 3.629447174072265625e+01 8.806315422058105469e+00 1.420391845703125000e+01 2.786783981323242188e+01 -1.919943094253540039e+00 4.835341453552246094e+00 4.172944545745849609e+00 -2.632426321506500244e-01 1.829952746629714966e-01 2.065838050842285156e+01
3.958770036697387695e-01 1.434398889541625977e+00 3.402333831787109375e+01 3.727958679199218750e+01 9.055682182312011719e+00 1.685071182250976562e+01 2.865797233581542969e+01 -2.078555822372436523e+00 5.050937175750732422e+00 4.351269721984863281e+00 -2.684368193149566650e-01 2.100023180246353149e-01 2.065838050842285156e+01
4.021010994911193848e-01 1.431874155998229980e+00 3.434966278076171875e+01 3.756125259399414062e+01 7.679528236389160156e+00 1.661822891235351562e+01 2.882426452636718750e+01 -2.285576581954956055e+00 5.045122146606445312e+00 4.313024520874023438e+00 -3.053234815597534180e-01 2.218100577592849731e-01 2.065838050842285156e+01
