# k, P_{cc}, P_{hh,r}, P_{hh,0}, P_{hh,2}, P_{hh,4}, P_{hc,r}, P_{hc,0}, P_{hc,2}, P_{hc,4}, P_pSN
#  Realization 160
8.018244989216327667e-03 3.083157348632812500e+01 2.385015106201171875e+02 3.176257019042968750e+02 7.028854370117187500e+02 1.718618286132812500e+03 8.275406646728515625e+01 2.733880615234375000e+02 1.003274078369140625e+02 9.439768218994140625e+01 2.977746009826660156e+01 5.434538269042968750e+01 2.066621780395507812e+01
1.401655934751033783e-02 2.698843765258789062e+01 2.277963409423828125e+02 2.728568420410156250e+02 4.745083236694335938e+01 -1.484515838623046875e+02 7.621041107177734375e+01 2.486887054443359375e+02 1.655400395393371582e+00 8.341184997558593750e+01 3.450741991400718689e-02 -6.451416015625000000e+00 2.066621780395507812e+01
1.969251595437526703e-02 4.168695068359375000e+01 3.428363342285156250e+02 4.162865905761718750e+02 1.672277221679687500e+02 7.126079559326171875e+01 1.171227264404296875e+02 3.763394470214843750e+02 1.519743728637695312e+01 1.290401306152343750e+02 5.746645927429199219e+00 3.127688884735107422e+00 2.066621780395507812e+01
2.551339380443096161e-02 2.931195068359375000e+01 2.440068969726562500e+02 2.862280578613281250e+02 -5.288444519042968750e+00 3.218972778320312500e+01 8.220693206787109375e+01 2.634343566894531250e+02 -9.622559547424316406e+00 8.900716400146484375e+01 -3.717816829681396484e+00 1.185975790023803711e+00 2.066621780395507812e+01
3.202908113598823547e-02 2.524426460266113281e+01 2.010777130126953125e+02 2.470873870849609375e+02 1.498382110595703125e+02 1.092995529174804688e+02 6.866329193115234375e+01 2.219114227294921875e+02 1.778754806518554688e+01 7.625022888183593750e+01 6.475463867187500000e+00 3.489938974380493164e+00 2.066621780395507812e+01
3.846523538231849670e-02 2.374798393249511719e+01 2.035065917968750000e+02 2.467699279785156250e+02 1.190296783447265625e+02 1.007288665771484375e+02 6.696709442138671875e+01 2.230463409423828125e+02 1.217714691162109375e+01 7.379016113281250000e+01 4.189354419708251953e+00 3.300345420837402344e+00 2.066621780395507812e+01
4.443310573697090149e-02 1.794522476196289062e+01 1.625047760009765625e+02 1.939841156005859375e+02 6.919483947753906250e+01 -2.062629222869873047e+00 5.138016128540039062e+01 1.767549591064453125e+02 6.595839500427246094e+00 5.611103820800781250e+01 1.495803952217102051e+00 -7.108083367347717285e-02 2.066621780395507812e+01
5.042308941483497620e-02 1.747556877136230469e+01 1.573442687988281250e+02 1.871018829345703125e+02 5.953107833862304688e+01 -1.887783241271972656e+01 4.973670959472656250e+01 1.706774597167968750e+02 5.106037139892578125e+00 5.433079528808593750e+01 1.528791904449462891e+00 -4.880400300025939941e-01 2.066621780395507812e+01
5.690929666161537170e-02 1.654041862487792969e+01 1.465888671875000000e+02 1.749550476074218750e+02 6.180029678344726562e+01 -1.081257152557373047e+01 4.652481079101562500e+01 1.592457885742187500e+02 6.018891811370849609e+00 5.089873504638671875e+01 1.677122473716735840e+00 -4.174210727214813232e-01 2.066621780395507812e+01
6.341847032308578491e-02 1.509268856048583984e+01 1.377901458740234375e+02 1.649353790283203125e+02 7.579850769042968750e+01 6.200102233886718750e+01 4.294523239135742188e+01 1.497073059082031250e+02 7.888619899749755859e+00 4.707849884033203125e+01 3.127688169479370117e+00 1.982332348823547363e+00 2.066621780395507812e+01
6.949992477893829346e-02 1.550822925567626953e+01 1.400648498535156250e+02 1.669732513427734375e+02 4.601224136352539062e+01 1.516434955596923828e+01 4.416555786132812500e+01 1.517797851562500000e+02 2.674575567245483398e+00 4.823088836669921875e+01 1.126124024391174316e+00 4.164407849311828613e-01 2.066621780395507812e+01
7.558133453130722046e-02 1.342953777313232422e+01 1.223981857299804688e+02 1.437817687988281250e+02 3.180232429504394531e+01 -2.992853164672851562e+01 3.792949295043945312e+01 1.315567779541015625e+02 1.707130432128906250e+00 4.114134597778320312e+01 7.652418017387390137e-01 -9.833047389984130859e-01 2.066621780395507812e+01
8.196274191141128540e-02 1.146923255920410156e+01 1.097485275268554688e+02 1.281814270019531250e+02 2.085117149353027344e+01 4.762085676193237305e-01 3.273822021484375000e+01 1.174635162353515625e+02 -1.851212605834007263e-02 3.531120681762695312e+01 1.261719167232513428e-01 -6.365506350994110107e-02 2.066621780395507812e+01
8.830232173204421997e-02 1.066867923736572266e+01 1.069426193237304688e+02 1.270737838745117188e+02 5.551504135131835938e+01 1.196632099151611328e+01 3.129553222656250000e+01 1.153508224487304688e+02 6.004663467407226562e+00 3.396405410766601562e+01 1.664416313171386719e+00 1.175851300358772278e-01 2.066621780395507812e+01
9.435217082500457764e-02 9.551253318786621094e+00 9.399491882324218750e+01 1.102642135620117188e+02 3.524242401123046875e+01 2.172703933715820312e+01 2.735068702697753906e+01 1.004246215820312500e+02 2.485259532928466797e+00 2.948820114135742188e+01 8.994754552841186523e-01 4.861439764499664307e-01 2.066621780395507812e+01
1.005600690841674805e-01 9.017218589782714844e+00 9.259048461914062500e+01 1.085186614990234375e+02 3.126686477661132812e+01 -7.206413269042968750e+00 2.632753944396972656e+01 9.883455657958984375e+01 2.073638677597045898e+00 2.837426567077636719e+01 7.345023155212402344e-01 -3.434871733188629150e-01 2.066621780395507812e+01
1.070138886570930481e-01 7.789956569671630859e+00 8.213241577148437500e+01 9.789736175537109375e+01 4.102219772338867188e+01 9.258448600769042969e+00 2.280743598937988281e+01 8.812943267822265625e+01 3.859705209732055664e+00 2.474654197692871094e+01 1.101298928260803223e+00 2.439706623554229736e-01 2.066621780395507812e+01
1.134273484349250793e-01 7.185564994812011719e+00 7.922170257568359375e+01 9.289431762695312500e+01 3.235307312011718750e+01 2.008070373535156250e+01 2.125388717651367188e+01 8.427730560302734375e+01 2.558402299880981445e+00 2.275928878784179688e+01 7.901839613914489746e-01 4.637499153614044189e-01 2.066621780395507812e+01
1.196089535951614380e-01 6.912386417388916016e+00 7.623379516601562500e+01 8.916393280029296875e+01 3.540309524536132812e+01 1.116186046600341797e+01 2.048089599609375000e+01 8.081277465820312500e+01 3.239543914794921875e+00 2.188888168334960938e+01 9.400878548622131348e-01 1.575378626585006714e-01 2.066621780395507812e+01
1.257804334163665771e-01 6.556534767150878906e+00 7.332348632812500000e+01 8.613230133056640625e+01 2.609540939331054688e+01 2.438779830932617188e+00 1.946951866149902344e+01 7.770285797119140625e+01 1.381378293037414551e+00 2.079768371582031250e+01 3.156480193138122559e-01 -8.712735027074813843e-02 2.066621780395507812e+01
1.321490257978439331e-01 6.224579811096191406e+00 7.099250793457031250e+01 8.172899627685546875e+01 2.060955238342285156e+01 -4.366817474365234375e+00 1.855457878112792969e+01 7.438499450683593750e+01 9.376311302185058594e-01 1.962564849853515625e+01 3.186574578285217285e-01 -1.583945006132125854e-01 2.066621780395507812e+01
1.384563297033309937e-01 5.811851024627685547e+00 6.731440734863281250e+01 7.873924255371093750e+01 2.985357475280761719e+01 5.345836639404296875e+00 1.740359687805175781e+01 7.092018127441406250e+01 2.495540618896484375e+00 1.852341270446777344e+01 8.101655840873718262e-01 1.082752943038940430e-01 2.066621780395507812e+01
1.446497291326522827e-01 5.260799884796142578e+00 6.361867904663085938e+01 7.391333007812500000e+01 1.994089698791503906e+01 6.763705611228942871e-02 1.591126918792724609e+01 6.661111450195312500e+01 9.132328033447265625e-01 1.683876037597656250e+01 3.706578314304351807e-01 5.668402463197708130e-02 2.066621780395507812e+01
1.508535146713256836e-01 4.987331867218017578e+00 6.152843093872070312e+01 7.168238067626953125e+01 2.198535728454589844e+01 3.854830265045166016e+00 1.525143718719482422e+01 6.423708343505859375e+01 1.169368863105773926e+00 1.610622024536132812e+01 3.249875605106353760e-01 4.675448313355445862e-02 2.066621780395507812e+01
1.571729034185409546e-01 4.479825019836425781e+00 5.738063812255859375e+01 6.680051422119140625e+01 2.473316192626953125e+01 1.198629379272460938e+01 1.369177436828613281e+01 5.975646972656250000e+01 1.730151772499084473e+00 1.446972370147705078e+01 5.254126787185668945e-01 2.491496652364730835e-01 2.066621780395507812e+01
1.635417938232421875e-01 4.255328178405761719e+00 5.575812149047851562e+01 6.490786743164062500e+01 1.667255210876464844e+01 2.513653755187988281e+00 1.305581665039062500e+01 5.787613677978515625e+01 2.287187278270721436e-01 1.372696876525878906e+01 1.067565307021141052e-01 -2.366389520466327667e-02 2.066621780395507812e+01
1.698256134986877441e-01 3.995100736618041992e+00 5.358494186401367188e+01 6.261729812622070312e+01 2.448350334167480469e+01 9.550517082214355469e+00 1.234919643402099609e+01 5.559360504150390625e+01 1.710172176361083984e+00 1.301031684875488281e+01 4.402575194835662842e-01 1.555865108966827393e-01 2.066621780395507812e+01
1.761013567447662354e-01 3.791475296020507812e+00 5.204098892211914062e+01 6.011307144165039062e+01 1.640512466430664062e+01 -1.290325641632080078e+00 1.176589488983154297e+01 5.350014114379882812e+01 4.453143477439880371e-01 1.227814674377441406e+01 1.524949818849563599e-01 -7.879596203565597534e-02 2.066621780395507812e+01
1.823998540639877319e-01 3.614827156066894531e+00 5.078237915039062500e+01 5.884958648681640625e+01 1.500409793853759766e+01 5.194760799407958984e+00 1.134207344055175781e+01 5.211917877197265625e+01 3.687584772706031799e-02 1.183589458465576172e+01 1.065107807517051697e-01 1.218539848923683167e-01 2.066621780395507812e+01
1.886507123708724976e-01 3.489053249359130859e+00 4.994097900390625000e+01 5.722954559326171875e+01 1.717534255981445312e+01 8.200289726257324219e+00 1.102824878692626953e+01 5.076781845092773438e+01 5.111280679702758789e-01 1.140508079528808594e+01 2.128043621778488159e-01 7.813429087400436401e-02 2.066621780395507812e+01
1.949081569910049438e-01 3.286063671112060547e+00 4.785375976562500000e+01 5.514654159545898438e+01 1.718812561035156250e+01 2.075510025024414062e+00 1.036209392547607422e+01 4.854217910766601562e+01 4.573186933994293213e-01 1.063319206237792969e+01 8.018522709608078003e-02 -9.650454856455326080e-03 2.066621780395507812e+01
2.011425346136093140e-01 3.253234624862670898e+00 4.871174621582031250e+01 5.561585235595703125e+01 1.504881668090820312e+01 5.851068019866943359e+00 1.036296081542968750e+01 4.918042755126953125e+01 2.457050383090972900e-01 1.059622287750244141e+01 9.118070453405380249e-02 8.963616937398910522e-02 2.066621780395507812e+01
2.073954045772552490e-01 3.041442632675170898e+00 4.650458145141601562e+01 5.397837066650390625e+01 1.737989234924316406e+01 -1.182230561971664429e-02 9.795478820800781250e+00 4.706690216064453125e+01 3.930528461933135986e-01 1.004286956787109375e+01 1.280752867460250854e-01 -7.070323079824447632e-02 2.066621780395507812e+01
2.137389332056045532e-01 2.877108812332153320e+00 4.420047378540039062e+01 5.042405700683593750e+01 1.598212337493896484e+01 4.747719287872314453e+00 9.185257911682128906e+00 4.416118621826171875e+01 4.260950088500976562e-01 9.337358474731445312e+00 1.037729829549789429e-01 1.247655525803565979e-01 2.066621780395507812e+01
2.200330942869186401e-01 2.722478151321411133e+00 4.381643676757812500e+01 5.015402221679687500e+01 1.584483242034912109e+01 4.555531501770019531e+00 8.851977348327636719e+00 4.367744445800781250e+01 2.594054937362670898e-01 8.978624343872070312e+00 1.446874439716339111e-01 4.210310801863670349e-02 2.066621780395507812e+01
2.262930423021316528e-01 2.604141950607299805e+00 4.209549331665039062e+01 4.790510177612304688e+01 1.222204685211181641e+01 -9.860607981681823730e-02 8.400229454040527344e+00 4.162345886230468750e+01 -2.176649123430252075e-01 8.426735877990722656e+00 3.051749989390373230e-02 7.162309717386960983e-03 2.066621780395507812e+01
2.325985133647918701e-01 2.534843683242797852e+00 4.235027694702148438e+01 4.819620895385742188e+01 1.366723632812500000e+01 8.765694618225097656e+00 8.322899818420410156e+00 4.183112335205078125e+01 -5.521305277943611145e-02 8.357613563537597656e+00 4.294930025935173035e-02 1.398518234491348267e-01 2.066621780395507812e+01
2.388891130685806274e-01 2.400916099548339844e+00 4.045299530029296875e+01 4.657859039306640625e+01 1.301751518249511719e+01 1.442556381225585938e+00 7.842587471008300781e+00 3.992654418945312500e+01 -2.240643054246902466e-01 7.865928173065185547e+00 3.161511942744255066e-02 1.789727620780467987e-02 2.066621780395507812e+01
2.451218813657760620e-01 2.327936172485351562e+00 4.051125717163085938e+01 4.675356674194335938e+01 1.277242374420166016e+01 4.050342142581939697e-01 7.686462879180908203e+00 3.989025115966796875e+01 -4.052451848983764648e-01 7.719491004943847656e+00 -2.552806958556175232e-02 -3.630550205707550049e-02 2.066621780395507812e+01
2.513737380504608154e-01 2.285019874572753906e+00 3.995347213745117188e+01 4.506536865234375000e+01 9.599661827087402344e+00 5.212075710296630859e+00 7.541326999664306641e+00 3.876232910156250000e+01 -7.757778167724609375e-01 7.466351509094238281e+00 -6.885456293821334839e-02 1.039957478642463684e-01 2.066621780395507812e+01
2.577070593833923340e-01 2.189638376235961914e+00 3.956437301635742188e+01 4.551454544067382812e+01 1.432387256622314453e+01 4.169395923614501953e+00 7.339864253997802734e+00 3.857312774658203125e+01 -2.078150808811187744e-01 7.278687477111816406e+00 1.621556840837001801e-02 5.910677462816238403e-02 2.066621780395507812e+01
2.640204429626464844e-01 2.096889734268188477e+00 3.835457229614257812e+01 4.318392562866210938e+01 9.968537330627441406e+00 7.561642527580261230e-01 6.994011878967285156e+00 3.679899597167968750e+01 -6.564016342163085938e-01 6.819400310516357422e+00 -4.542094096541404724e-02 1.223633997142314911e-02 2.066621780395507812e+01
2.702898085117340088e-01 2.032387256622314453e+00 3.788724517822265625e+01 4.267691040039062500e+01 1.102909088134765625e+01 3.688980340957641602e+00 6.816801548004150391e+00 3.610206222534179688e+01 -7.164791226387023926e-01 6.635238170623779297e+00 -6.233362480998039246e-02 4.414686933159828186e-02 2.066621780395507812e+01
2.765615284442901611e-01 1.958915591239929199e+00 3.752503967285156250e+01 4.246044158935546875e+01 1.099841499328613281e+01 5.094160079956054688e+00 6.667064666748046875e+00 3.573527145385742188e+01 -7.032468318939208984e-01 6.438408374786376953e+00 -7.686430960893630981e-02 1.034917235374450684e-01 2.066621780395507812e+01
2.828698754310607910e-01 1.879570841789245605e+00 3.660854721069335938e+01 4.170160675048828125e+01 1.132429409027099609e+01 1.164048194885253906e+00 6.370701789855957031e+00 3.476279067993164062e+01 -6.371343135833740234e-01 6.154785633087158203e+00 -7.383609563112258911e-02 2.822061814367771149e-02 2.066621780395507812e+01
2.891486585140228271e-01 1.849045038223266602e+00 3.578394317626953125e+01 4.033099746704101562e+01 9.319852828979492188e+00 4.109871864318847656e+00 6.271283149719238281e+00 3.364154815673828125e+01 -9.290286302566528320e-01 5.993880271911621094e+00 -1.275415271520614624e-01 6.394326686859130859e-02 2.066621780395507812e+01
2.953523397445678711e-01 1.749364733695983887e+00 3.510855102539062500e+01 3.972222900390625000e+01 9.575770378112792969e+00 7.373402714729309082e-01 5.971084117889404297e+00 3.287854766845703125e+01 -9.244129657745361328e-01 5.709401607513427734e+00 -1.085229516029357910e-01 -8.912038989365100861e-03 2.066621780395507812e+01
3.016075491905212402e-01 1.727650880813598633e+00 3.486819458007812500e+01 3.933985519409179688e+01 9.489978790283203125e+00 9.334788918495178223e-01 5.888515949249267578e+00 3.242557907104492188e+01 -1.014553189277648926e+00 5.555169105529785156e+00 -1.258121132850646973e-01 3.246977180242538452e-02 2.066621780395507812e+01
3.079382479190826416e-01 1.663444995880126953e+00 3.455632019042968750e+01 3.858862304687500000e+01 1.085436153411865234e+01 3.222278356552124023e+00 5.730898857116699219e+00 3.168109703063964844e+01 -7.763952016830444336e-01 5.379937648773193359e+00 -7.930756360292434692e-02 2.643243968486785889e-02 2.066621780395507812e+01
3.142760396003723145e-01 1.619282484054565430e+00 3.382761001586914062e+01 3.822948455810546875e+01 9.630345344543457031e+00 5.308597564697265625e+00 5.557373046875000000e+00 3.105027580261230469e+01 -1.117336511611938477e+00 5.199843883514404297e+00 -1.261287033557891846e-01 6.509780883789062500e-02 2.066621780395507812e+01
3.205462992191314697e-01 1.578214764595031738e+00 3.344268798828125000e+01 3.769718551635742188e+01 9.588308334350585938e+00 3.896512746810913086e+00 5.421714782714843750e+00 3.058048820495605469e+01 -1.169353723526000977e+00 5.053592205047607422e+00 -1.488591432571411133e-01 4.412328451871871948e-02 2.066621780395507812e+01
3.268128037452697754e-01 1.561521768569946289e+00 3.339971542358398438e+01 3.741283035278320312e+01 8.251256942749023438e+00 3.381234169006347656e+00 5.397149562835693359e+00 3.026446151733398438e+01 -1.236380577087402344e+00 4.972929000854492188e+00 -1.743607521057128906e-01 7.638544589281082153e-02 2.066621780395507812e+01
3.331238031387329102e-01 1.521286964416503906e+00 3.252183151245117188e+01 3.668823242187500000e+01 9.696426391601562500e+00 4.082107067108154297e+00 5.209419250488281250e+00 2.932891654968261719e+01 -1.138647675514221191e+00 4.770417690277099609e+00 -1.450712084770202637e-01 7.269102334976196289e-02 2.066621780395507812e+01
3.394046723842620850e-01 1.482548952102661133e+00 3.263958740234375000e+01 3.633561325073242188e+01 8.422327995300292969e+00 4.328840732574462891e+00 5.146347999572753906e+00 2.896689987182617188e+01 -1.385697245597839355e+00 4.640653133392333984e+00 -2.147971093654632568e-01 7.720302045345306396e-02 2.066621780395507812e+01
3.456391692161560059e-01 1.483435869216918945e+00 3.285884857177734375e+01 3.648663330078125000e+01 7.925673484802246094e+00 5.145280361175537109e+00 5.184194564819335938e+00 2.901300811767578125e+01 -1.576422333717346191e+00 4.667019367218017578e+00 -2.117824405431747437e-01 8.523333072662353516e-02 2.066621780395507812e+01
3.518808186054229736e-01 1.453557014465332031e+00 3.258172607421875000e+01 3.575617218017578125e+01 7.117754459381103516e+00 6.128131866455078125e+00 5.042597293853759766e+00 2.853024101257324219e+01 -1.612095236778259277e+00 4.510779857635498047e+00 -2.120587676763534546e-01 1.018091291189193726e-01 2.066621780395507812e+01
3.582032322883605957e-01 1.417088747024536133e+00 3.228329467773437500e+01 3.559626007080078125e+01 7.710719585418701172e+00 3.430893898010253906e+00 4.917718887329101562e+00 2.805216407775878906e+01 -1.575475335121154785e+00 4.369518756866455078e+00 -1.911183446645736694e-01 6.995037198066711426e-02 2.066621780395507812e+01
3.645117878913879395e-01 1.414344191551208496e+00 3.222798919677734375e+01 3.577874755859375000e+01 8.301806449890136719e+00 6.125830650329589844e+00 4.911864280700683594e+00 2.790905380249023438e+01 -1.577874779701232910e+00 4.333127975463867188e+00 -2.027568966150283813e-01 1.172271072864532471e-01 2.066621780395507812e+01
3.707640767097473145e-01 1.397178411483764648e+00 3.204082870483398438e+01 3.552841186523437500e+01 8.547963142395019531e+00 8.893163681030273438e+00 4.837451457977294922e+00 2.745818710327148438e+01 -1.756218314170837402e+00 4.248671531677246094e+00 -2.071020603179931641e-01 1.318964958190917969e-01 2.066621780395507812e+01
3.770540952682495117e-01 1.405134201049804688e+00 3.278052139282226562e+01 3.569468688964843750e+01 7.550467491149902344e+00 1.010917663574218750e+01 4.927562713623046875e+00 2.782674598693847656e+01 -1.872332692146301270e+00 4.229772567749023438e+00 -2.601021230220794678e-01 1.432412117719650269e-01 2.066621780395507812e+01
3.833588361740112305e-01 1.397423744201660156e+00 3.292437744140625000e+01 3.635835266113281250e+01 7.032669067382812500e+00 1.079464530944824219e+01 4.894972324371337891e+00 2.783908843994140625e+01 -2.253342628479003906e+00 4.212260723114013672e+00 -3.023265302181243896e-01 1.675151139497756958e-01 2.066621780395507812e+01
3.896513879299163818e-01 1.409606814384460449e+00 3.363255310058593750e+01 3.712887573242187500e+01 8.453439712524414062e+00 1.404214763641357422e+01 4.968200683593750000e+00 2.837482070922851562e+01 -2.196457624435424805e+00 4.263854503631591797e+00 -2.902007699012756348e-01 1.625015735626220703e-01 2.066621780395507812e+01
3.958770036697387695e-01 1.401616692543029785e+00 3.393246078491210938e+01 3.700938034057617188e+01 7.669243812561035156e+00 1.625861740112304688e+01 4.912063121795654297e+00 2.812924385070800781e+01 -2.395376205444335938e+00 4.162490844726562500e+00 -3.209771513938903809e-01 2.070730626583099365e-01 2.066621780395507812e+01
4.021010994911193848e-01 1.423435688018798828e+00 3.477458190917968750e+01 3.783751678466796875e+01 5.792816162109375000e+00 1.582810688018798828e+01 5.048260688781738281e+00 2.876338195800781250e+01 -2.762044906616210938e+00 4.250576972961425781e+00 -3.604283332824707031e-01 2.147688865661621094e-01 2.066621780395507812e+01
