# k, P_{cc}, P_{hh,r}, P_{hh,0}, P_{hh,2}, P_{hh,4}, P_{hc,r}, P_{hc,0}, P_{hc,2}, P_{hc,4}, P_pSN
#  Realization 33
8.018244989216327667e-03 3.772716903686523438e+01 3.517493896484375000e+02 4.373584289550781250e+02 3.527057189941406250e+02 4.853025512695312500e+02 1.123277206420898438e+02 3.907191467285156250e+02 4.599492645263671875e+01 1.257720184326171875e+02 1.647487831115722656e+01 7.132059097290039062e+00 2.062435150146484375e+01
1.401655934751033783e-02 3.713021469116210938e+01 2.998943176269531250e+02 3.648776855468750000e+02 9.355756378173828125e+01 -2.173898620605468750e+02 1.036091842651367188e+02 3.296169433593750000e+02 5.723881244659423828e+00 1.143101577758789062e+02 2.261881589889526367e+00 -6.431636810302734375e+00 2.062435150146484375e+01
1.969251595437526703e-02 4.426896286010742188e+01 3.717800598144531250e+02 4.304585876464843750e+02 -1.051371688842773438e+02 2.086851959228515625e+02 1.256077117919921875e+02 3.986687011718750000e+02 -3.385712432861328125e+01 1.352521667480468750e+02 -1.087553405761718750e+01 7.877869129180908203e+00 2.062435150146484375e+01
2.551339380443096161e-02 2.635895538330078125e+01 2.132737274169921875e+02 2.566843566894531250e+02 7.077783966064453125e+01 7.999623775482177734e+00 7.237906646728515625e+01 2.331557159423828125e+02 4.863807201385498047e+00 7.951203155517578125e+01 1.577832818031311035e+00 1.775111188180744648e-03 2.062435150146484375e+01
3.202908113598823547e-02 3.172494316101074219e+01 2.679459228515625000e+02 3.193949890136718750e+02 5.971081161499023438e+01 -1.291585159301757812e+01 8.956105804443359375e+01 2.915817871093750000e+02 1.368803381919860840e+00 9.779517364501953125e+01 1.710838228464126587e-01 -7.194175124168395996e-01 2.062435150146484375e+01
3.846523538231849670e-02 2.427065467834472656e+01 2.141400909423828125e+02 2.613047485351562500e+02 1.311300048828125000e+02 -9.199642181396484375e+00 6.945851898193359375e+01 2.354812774658203125e+02 1.488477611541748047e+01 7.673690795898437500e+01 4.714769840240478516e+00 -1.949559301137924194e-01 2.062435150146484375e+01
4.443310573697090149e-02 2.356979942321777344e+01 1.920461883544921875e+02 2.307548675537109375e+02 6.888854980468750000e+01 -3.295624160766601562e+01 6.458693695068359375e+01 2.095652770996093750e+02 5.188471794128417969e+00 7.089779663085937500e+01 1.982998132705688477e+00 -1.321584701538085938e+00 2.062435150146484375e+01
5.042308941483497620e-02 1.833325767517089844e+01 1.600083007812500000e+02 1.936339569091796875e+02 1.083905639648437500e+02 5.363644409179687500e+01 5.125501251220703125e+01 1.750841522216796875e+02 1.326575851440429688e+01 5.639122009277343750e+01 3.835107803344726562e+00 1.399585962295532227e+00 2.062435150146484375e+01
5.690929666161537170e-02 1.734724998474121094e+01 1.528889465332031250e+02 1.835682373046875000e+02 8.021810913085937500e+01 1.733672332763671875e+01 4.875468444824218750e+01 1.664611511230468750e+02 8.421502113342285156e+00 5.355581665039062500e+01 3.229009866714477539e+00 1.848675310611724854e-01 2.062435150146484375e+01
6.341847032308578491e-02 1.651064872741699219e+01 1.502297058105468750e+02 1.776355743408203125e+02 4.888945007324218750e+01 1.736327171325683594e+01 4.710279846191406250e+01 1.622612915039062500e+02 3.012830972671508789e+00 5.118194580078125000e+01 7.832439541816711426e-01 1.709778904914855957e-01 2.062435150146484375e+01
6.949992477893829346e-02 1.367905044555664062e+01 1.258506469726562500e+02 1.505617828369140625e+02 5.181521606445312500e+01 -1.364877700805664062e+01 3.882233810424804688e+01 1.364817504882812500e+02 4.243348598480224609e+00 4.240345764160156250e+01 1.503072619438171387e+00 -4.513778984546661377e-01 2.062435150146484375e+01
7.558133453130722046e-02 1.377008819580078125e+01 1.266889190673828125e+02 1.505093231201171875e+02 4.590221023559570312e+01 -3.031911277770996094e+01 3.921432495117187500e+01 1.369577789306640625e+02 3.571399927139282227e+00 4.269992446899414062e+01 1.332428693771362305e+00 -8.788161277770996094e-01 2.062435150146484375e+01
8.196274191141128540e-02 1.166227245330810547e+01 1.138106994628906250e+02 1.344006347656250000e+02 5.480384445190429688e+01 1.339555835723876953e+01 3.361874771118164062e+01 1.225081481933593750e+02 5.854520797729492188e+00 3.652149581909179688e+01 1.830135941505432129e+00 3.194526731967926025e-01 2.062435150146484375e+01
8.830232173204421997e-02 1.035866832733154297e+01 1.016787643432617188e+02 1.205333175659179688e+02 3.971349334716796875e+01 2.212065696716308594e+00 2.984367179870605469e+01 1.094323272705078125e+02 3.287900924682617188e+00 3.239785003662109375e+01 1.041225314140319824e+00 4.057674668729305267e-03 2.062435150146484375e+01
9.435217082500457764e-02 9.564725875854492188e+00 9.508673095703125000e+01 1.116017990112304688e+02 4.286762619018554688e+01 -1.757311344146728516e+00 2.755563163757324219e+01 1.016995086669921875e+02 4.168401241302490234e+00 2.977268218994140625e+01 1.546225905418395996e+00 -7.284247130155563354e-02 2.062435150146484375e+01
1.005600690841674805e-01 8.182021141052246094e+00 8.606456756591796875e+01 1.005737915039062500e+02 2.694742774963378906e+01 -6.773096084594726562e+00 2.403277778625488281e+01 9.156398773193359375e+01 1.424544930458068848e+00 2.586513328552246094e+01 5.958995819091796875e-01 -3.064311742782592773e-01 2.062435150146484375e+01
1.070138886570930481e-01 7.637861728668212891e+00 8.172674560546875000e+01 9.649754333496093750e+01 3.597727203369140625e+01 -7.369794845581054688e+00 2.240738487243652344e+01 8.735719299316406250e+01 3.311822652816772461e+00 2.414603805541992188e+01 9.158323407173156738e-01 -2.565634250640869141e-01 2.062435150146484375e+01
1.134273484349250793e-01 7.055699348449707031e+00 7.696389770507812500e+01 9.143178558349609375e+01 3.072931289672851562e+01 1.281579971313476562e+01 2.079878234863281250e+01 8.220486450195312500e+01 2.051856279373168945e+00 2.246094131469726562e+01 6.497835516929626465e-01 1.968251019716262817e-01 2.062435150146484375e+01
1.196089535951614380e-01 7.029347896575927734e+00 7.747206115722656250e+01 9.128878784179687500e+01 3.453747177124023438e+01 -5.918629646301269531e+00 2.090615272521972656e+01 8.239110565185546875e+01 3.050405025482177734e+00 2.240096092224121094e+01 9.815983176231384277e-01 -2.355596423149108887e-01 2.062435150146484375e+01
1.257804334163665771e-01 6.593522071838378906e+00 7.443857574462890625e+01 8.728179168701171875e+01 2.885140419006347656e+01 -3.277048349380493164e+00 1.967951011657714844e+01 7.876370239257812500e+01 2.041553258895874023e+00 2.101368141174316406e+01 5.959677100181579590e-01 -1.303521394729614258e-01 2.062435150146484375e+01
1.321490257978439331e-01 6.194367885589599609e+00 7.162397003173828125e+01 8.206621551513671875e+01 2.048135757446289062e+01 -5.197052001953125000e+00 1.855948829650878906e+01 7.484338378906250000e+01 1.017865896224975586e+00 1.953904914855957031e+01 3.294675052165985107e-01 -1.824213862419128418e-01 2.062435150146484375e+01
1.384563297033309937e-01 5.863056659698486328e+00 6.815513610839843750e+01 7.947837066650390625e+01 2.724325370788574219e+01 4.765332698822021484e+00 1.752523612976074219e+01 7.165488433837890625e+01 1.948006629943847656e+00 1.856386756896972656e+01 5.323727130889892578e-01 9.525298140943050385e-03 2.062435150146484375e+01
1.446497291326522827e-01 5.270946025848388672e+00 6.356236648559570312e+01 7.473439788818359375e+01 2.401729965209960938e+01 -1.541972041130065918e+00 1.581872653961181641e+01 6.679095458984375000e+01 1.343393087387084961e+00 1.681677246093750000e+01 4.314485490322113037e-01 -1.098659932613372803e-01 2.062435150146484375e+01
1.508535146713256836e-01 5.071077823638916016e+00 6.266263198852539062e+01 7.304689788818359375e+01 2.431934356689453125e+01 4.749202728271484375e+00 1.545280933380126953e+01 6.543612670898437500e+01 1.363100171089172363e+00 1.630520057678222656e+01 4.255384802818298340e-01 4.595649242401123047e-02 2.062435150146484375e+01
1.571729034185409546e-01 4.509094715118408203e+00 5.632801818847656250e+01 6.547524261474609375e+01 2.003831863403320312e+01 2.808623790740966797e+00 1.358626270294189453e+01 5.854336166381835938e+01 1.031317353248596191e+00 1.432753849029541016e+01 3.302940726280212402e-01 4.422769322991371155e-02 2.062435150146484375e+01
1.635417938232421875e-01 4.301840305328369141e+00 5.596460342407226562e+01 6.501818084716796875e+01 1.888430404663085938e+01 2.539684534072875977e+00 1.326518440246582031e+01 5.794866943359375000e+01 6.144813895225524902e-01 1.388859844207763672e+01 2.024444192647933960e-01 5.209559109061956406e-03 2.062435150146484375e+01
1.698256134986877441e-01 4.037560462951660156e+00 5.382257080078125000e+01 6.281085586547851562e+01 2.230610847473144531e+01 5.944036960601806641e+00 1.246802806854248047e+01 5.571899414062500000e+01 1.325697541236877441e+00 1.307245922088623047e+01 3.882659077644348145e-01 1.117090135812759399e-01 2.062435150146484375e+01
1.761013567447662354e-01 3.689409971237182617e+00 5.039700698852539062e+01 5.916243743896484375e+01 2.209552001953125000e+01 1.181636095046997070e+00 1.133747959136962891e+01 5.210351943969726562e+01 1.276302695274353027e+00 1.188596725463867188e+01 3.137102127075195312e-01 8.710863767191767693e-04 2.062435150146484375e+01
1.823998540639877319e-01 3.750095129013061523e+00 5.085482025146484375e+01 5.864083480834960938e+01 1.646468162536621094e+01 -3.007088303565979004e-01 1.158523273468017578e+01 5.195169067382812500e+01 2.766461074352264404e-01 1.197213459014892578e+01 1.458152085542678833e-01 -1.812095940113067627e-02 2.062435150146484375e+01
1.886507123708724976e-01 3.542380332946777344e+00 5.012017440795898438e+01 5.778041839599609375e+01 1.672966766357421875e+01 3.720371246337890625e+00 1.113915729522705078e+01 5.110671615600585938e+01 4.651460349559783936e-01 1.150117206573486328e+01 1.968395262956619263e-01 8.619355410337448120e-02 2.062435150146484375e+01
1.949081569910049438e-01 3.423622608184814453e+00 4.933264160156250000e+01 5.692430496215820312e+01 1.759539413452148438e+01 1.254141449928283691e+00 1.076821804046630859e+01 5.019357681274414062e+01 5.261651277542114258e-01 1.106350135803222656e+01 1.972340792417526245e-01 -2.019279869273304939e-03 2.062435150146484375e+01
2.011425346136093140e-01 3.203163862228393555e+00 4.700635910034179688e+01 5.389743804931640625e+01 1.469943237304687500e+01 1.620917797088623047e+00 1.010964012145996094e+01 4.749888229370117188e+01 2.011894583702087402e-01 1.031542491912841797e+01 7.566632330417633057e-02 2.030236274003982544e-02 2.062435150146484375e+01
2.073954045772552490e-01 3.008696079254150391e+00 4.552486419677734375e+01 5.218547058105468750e+01 1.633860015869140625e+01 2.930459260940551758e+00 9.535705566406250000e+00 4.571900939941406250e+01 4.297951757907867432e-01 9.691013336181640625e+00 1.457929164171218872e-01 1.986151002347469330e-02 2.062435150146484375e+01
2.137389332056045532e-01 2.860355615615844727e+00 4.477173995971679688e+01 5.112991333007812500e+01 1.572280883789062500e+01 1.490946263074874878e-01 9.236898422241210938e+00 4.474127960205078125e+01 3.210387825965881348e-01 9.336887359619140625e+00 9.153814613819122314e-02 -3.042018227279186249e-02 2.062435150146484375e+01
2.200330942869186401e-01 2.716122865676879883e+00 4.311141586303710938e+01 4.952842330932617188e+01 1.452046394348144531e+01 5.178678035736083984e+00 8.719117164611816406e+00 4.306715393066406250e+01 1.099725291132926941e-01 8.841551780700683594e+00 8.923663944005966187e-02 1.161501333117485046e-01 2.062435150146484375e+01
2.262930423021316528e-01 2.631834506988525391e+00 4.315402984619140625e+01 4.976115798950195312e+01 1.553097820281982422e+01 -1.229009866714477539e+00 8.576365470886230469e+00 4.294409179687500000e+01 2.505755722522735596e-01 8.685770988464355469e+00 1.116399914026260376e-01 -4.664868488907814026e-02 2.062435150146484375e+01
2.325985133647918701e-01 2.525964498519897461e+00 4.259634399414062500e+01 4.868498611450195312e+01 1.320779800415039062e+01 3.294497013092041016e+00 8.337579727172851562e+00 4.215310287475585938e+01 -1.751459538936614990e-01 8.397752761840820312e+00 1.413589622825384140e-02 7.280297577381134033e-02 2.062435150146484375e+01
2.388891130685806274e-01 2.419095516204833984e+00 4.074602508544921875e+01 4.643460083007812500e+01 1.407238769531250000e+01 4.028467178344726562e+00 7.906166553497314453e+00 3.994202804565429688e+01 -5.377433449029922485e-02 7.894900798797607422e+00 4.782399535179138184e-02 7.027418911457061768e-02 2.062435150146484375e+01
2.451218813657760620e-01 2.325800895690917969e+00 4.000762557983398438e+01 4.571881103515625000e+01 1.360792350769042969e+01 2.669239521026611328e+00 7.630841255187988281e+00 3.913193130493164062e+01 -1.722124963998794556e-01 7.592650890350341797e+00 7.752587553113698959e-03 -1.402817294001579285e-02 2.062435150146484375e+01
2.513737380504608154e-01 2.250895023345947266e+00 3.866016769409179688e+01 4.371776962280273438e+01 1.235726356506347656e+01 2.433870792388916016e+00 7.330236434936523438e+00 3.741245651245117188e+01 -2.249039709568023682e-01 7.204521179199218750e+00 -5.571553949266672134e-03 2.383429557085037231e-02 2.062435150146484375e+01
2.577070593833923340e-01 2.152503490447998047e+00 3.826379776000976562e+01 4.389372253417968750e+01 1.321485137939453125e+01 2.593355655670166016e+00 7.078038692474365234e+00 3.704670333862304688e+01 -3.755499720573425293e-01 6.997347831726074219e+00 -1.148639479652047157e-03 1.503086555749177933e-02 2.062435150146484375e+01
2.640204429626464844e-01 2.101022720336914062e+00 3.781982421875000000e+01 4.293706893920898438e+01 1.212107753753662109e+01 3.070767879486083984e+00 6.979460239410400391e+00 3.639318466186523438e+01 -3.919162452220916748e-01 6.828778743743896484e+00 -4.142204299569129944e-02 2.414452843368053436e-02 2.062435150146484375e+01
2.702898085117340088e-01 2.038314580917358398e+00 3.764113235473632812e+01 4.275703430175781250e+01 1.171544742584228516e+01 1.148111820220947266e+00 6.838712692260742188e+00 3.602105712890625000e+01 -6.152925491333007812e-01 6.642650604248046875e+00 -8.574029058218002319e-02 5.192744545638561249e-03 2.062435150146484375e+01
2.765615284442901611e-01 1.981425642967224121e+00 3.696411514282226562e+01 4.153074264526367188e+01 9.961083412170410156e+00 5.471554756164550781e+00 6.652344226837158203e+00 3.498350524902343750e+01 -9.402656555175781250e-01 6.398737430572509766e+00 -1.328946948051452637e-01 5.384398624300956726e-02 2.062435150146484375e+01
2.828698754310607910e-01 1.899189949035644531e+00 3.633787918090820312e+01 4.131579971313476562e+01 1.149593544006347656e+01 2.809667825698852539e+00 6.426559925079345703e+00 3.438628387451171875e+01 -6.957830786705017090e-01 6.213356494903564453e+00 -6.418982148170471191e-02 2.849720045924186707e-02 2.062435150146484375e+01
2.891486585140228271e-01 1.848883390426635742e+00 3.572585678100585938e+01 4.052032852172851562e+01 9.476307868957519531e+00 2.938039302825927734e+00 6.248264312744140625e+00 3.360974121093750000e+01 -1.025386333465576172e+00 5.985101222991943359e+00 -1.443910300731658936e-01 5.087263137102127075e-02 2.062435150146484375e+01
2.953523397445678711e-01 1.771051168441772461e+00 3.506982421875000000e+01 3.973270797729492188e+01 1.094782924652099609e+01 1.575002193450927734e+00 6.009948253631591797e+00 3.274956893920898438e+01 -7.725942134857177734e-01 5.725702285766601562e+00 -7.737259566783905029e-02 1.356745138764381409e-02 2.062435150146484375e+01
3.016075491905212402e-01 1.715523242950439453e+00 3.464840698242187500e+01 3.868949890136718750e+01 1.048271179199218750e+01 2.294263839721679688e+00 5.847929477691650391e+00 3.197469520568847656e+01 -7.692707777023315430e-01 5.497935771942138672e+00 -1.016268357634544373e-01 2.058064751327037811e-02 2.062435150146484375e+01
3.079382479190826416e-01 1.678115487098693848e+00 3.453027343750000000e+01 3.864078140258789062e+01 9.549000740051269531e+00 2.248930931091308594e+00 5.765884399414062500e+00 3.173789596557617188e+01 -9.720982909202575684e-01 5.403895854949951172e+00 -1.268727630376815796e-01 3.513202071189880371e-02 2.062435150146484375e+01
3.142760396003723145e-01 1.644208550453186035e+00 3.411560058593750000e+01 3.833167266845703125e+01 9.919324874877929688e+00 3.083372116088867188e+00 5.637901782989501953e+00 3.125494003295898438e+01 -1.032073140144348145e+00 5.254850387573242188e+00 -1.365013718605041504e-01 4.826454073190689087e-02 2.062435150146484375e+01
3.205462992191314697e-01 1.599639654159545898e+00 3.363682937622070312e+01 3.761438751220703125e+01 9.283555984497070312e+00 1.650038838386535645e+00 5.517940998077392578e+00 3.061566352844238281e+01 -1.056625962257385254e+00 5.116366386413574219e+00 -1.251265555620193481e-01 4.444275423884391785e-02 2.062435150146484375e+01
3.268128037452697754e-01 1.567144632339477539e+00 3.336252975463867188e+01 3.744380950927734375e+01 9.849678993225097656e+00 9.474614858627319336e-01 5.408580303192138672e+00 3.030018234252929688e+01 -1.026970386505126953e+00 4.987823009490966797e+00 -1.296296566724777222e-01 8.898372761905193329e-03 2.062435150146484375e+01
3.331238031387329102e-01 1.527153134346008301e+00 3.281447982788085938e+01 3.643412780761718750e+01 7.807822227478027344e+00 3.419674396514892578e+00 5.251494407653808594e+00 2.924048805236816406e+01 -1.435027599334716797e+00 4.758725643157958984e+00 -1.998722255229949951e-01 6.772194802761077881e-02 2.062435150146484375e+01
3.394046723842620850e-01 1.489414691925048828e+00 3.216741943359375000e+01 3.592472076416015625e+01 8.864361763000488281e+00 3.879852294921875000e+00 5.094597339630126953e+00 2.864860725402832031e+01 -1.205299973487854004e+00 4.633173942565917969e+00 -1.495912522077560425e-01 6.974276155233383179e-02 2.062435150146484375e+01
3.456391692161560059e-01 1.489405632019042969e+00 3.255987548828125000e+01 3.587583541870117188e+01 7.286643028259277344e+00 5.229645252227783203e+00 5.152479171752929688e+00 2.852696228027343750e+01 -1.662616014480590820e+00 4.607858180999755859e+00 -2.191821783781051636e-01 8.948709070682525635e-02 2.062435150146484375e+01
3.518808186054229736e-01 1.460994362831115723e+00 3.212869644165039062e+01 3.554546356201171875e+01 7.677412986755371094e+00 5.353508949279785156e+00 5.028770446777343750e+00 2.811409759521484375e+01 -1.588444471359252930e+00 4.488243103027343750e+00 -2.314837127923965454e-01 9.086070209741592407e-02 2.062435150146484375e+01
3.582032322883605957e-01 1.450634598731994629e+00 3.238415527343750000e+01 3.579916763305664062e+01 7.617583274841308594e+00 3.258005142211914062e+00 5.020722389221191406e+00 2.822624397277832031e+01 -1.560900449752807617e+00 4.443357467651367188e+00 -2.201660126447677612e-01 7.154755294322967529e-02 2.062435150146484375e+01
3.645117878913879395e-01 1.422221899032592773e+00 3.221398925781250000e+01 3.564411163330078125e+01 7.203354358673095703e+00 6.458047866821289062e+00 4.926228523254394531e+00 2.792499542236328125e+01 -1.787137031555175781e+00 4.361505031585693359e+00 -2.491029202938079834e-01 9.457274526357650757e-02 2.062435150146484375e+01
3.707640767097473145e-01 1.413214921951293945e+00 3.191273689270019531e+01 3.527507781982421875e+01 8.447551727294921875e+00 6.749954700469970703e+00 4.863746166229248047e+00 2.738144111633300781e+01 -1.619065403938293457e+00 4.239989280700683594e+00 -2.212847471237182617e-01 1.146759241819381714e-01 2.062435150146484375e+01
3.770540952682495117e-01 1.406457066535949707e+00 3.247084426879882812e+01 3.583441162109375000e+01 8.183941841125488281e+00 9.642487525939941406e+00 4.891313076019287109e+00 2.764089584350585938e+01 -1.879503846168518066e+00 4.258131504058837891e+00 -2.494751960039138794e-01 1.428523063659667969e-01 2.062435150146484375e+01
3.833588361740112305e-01 1.400572538375854492e+00 3.228164291381835938e+01 3.562628936767578125e+01 7.937112331390380859e+00 1.021498489379882812e+01 4.822713851928710938e+00 2.728199386596679688e+01 -1.958120584487915039e+00 4.162085533142089844e+00 -2.624931931495666504e-01 1.490130275487899780e-01 2.062435150146484375e+01
3.896513879299163818e-01 1.394081115722656250e+00 3.296090316772460938e+01 3.619206619262695312e+01 7.591200828552246094e+00 1.392960929870605469e+01 4.860912322998046875e+00 2.760831260681152344e+01 -2.249104261398315430e+00 4.161169052124023438e+00 -2.749955058097839355e-01 1.944617182016372681e-01 2.062435150146484375e+01
3.958770036697387695e-01 1.419412374496459961e+00 3.365311050415039062e+01 3.719495010375976562e+01 8.507541656494140625e+00 1.644924926757812500e+01 4.951485633850097656e+00 2.809824752807617188e+01 -2.289471149444580078e+00 4.208861351013183594e+00 -3.058086335659027100e-01 2.117475569248199463e-01 2.062435150146484375e+01
4.021010994911193848e-01 1.423269629478454590e+00 3.439079666137695312e+01 3.745140838623046875e+01 7.683426380157470703e+00 1.777103614807128906e+01 5.016220569610595703e+00 2.841076850891113281e+01 -2.378746271133422852e+00 4.223092555999755859e+00 -3.097360730171203613e-01 2.471639961004257202e-01 2.062435150146484375e+01
