# k, P_{cc}, P_{hh,r}, P_{hh,0}, P_{hh,2}, P_{hh,4}, P_{hc,r}, P_{hc,0}, P_{hc,2}, P_{hc,4}, P_pSN
#  Realization 68
8.018244989216327667e-03 6.445465850830078125e+01 4.930534057617187500e+02 6.382525634765625000e+02 7.025272827148437500e+02 1.296076507568359375e+02 1.749718780517578125e+02 5.586369628906250000e+02 9.896620941162109375e+01 1.988519439697265625e+02 3.708359146118164062e+01 4.727843284606933594e+00 2.064145851135253906e+01
1.401655934751033783e-02 2.819140243530273438e+01 2.257595825195312500e+02 2.569041442871093750e+02 -1.526260375976562500e+02 -8.354518890380859375e+01 7.722470855712890625e+01 2.403697052001953125e+02 -3.352114105224609375e+01 8.236991119384765625e+01 -1.278495216369628906e+01 -3.232846975326538086e+00 2.064145851135253906e+01
1.969251595437526703e-02 3.388285827636718750e+01 2.990062866210937500e+02 3.616937255859375000e+02 1.588916931152343750e+02 1.788457946777343750e+02 9.807726287841796875e+01 3.276241149902343750e+02 1.544538593292236328e+01 1.080180740356445312e+02 5.782244682312011719e+00 4.516177177429199219e+00 2.064145851135253906e+01
2.551339380443096161e-02 3.279322052001953125e+01 2.750132446289062500e+02 3.399049987792968750e+02 2.480556335449218750e+02 -6.564224243164062500e+01 9.204906463623046875e+01 3.047042846679687500e+02 3.429596710205078125e+01 1.025423278808593750e+02 1.130863571166992188e+01 -3.295559883117675781e+00 2.064145851135253906e+01
3.202908113598823547e-02 3.448509979248046875e+01 2.902919006347656250e+02 3.490936889648437500e+02 1.312262573242187500e+02 2.417208480834960938e+01 9.732338714599609375e+01 3.171575927734375000e+02 1.257043743133544922e+01 1.068629226684570312e+02 4.558387279510498047e+00 8.720793724060058594e-01 2.064145851135253906e+01
3.846523538231849670e-02 2.361354255676269531e+01 1.991868286132812500e+02 2.399718322753906250e+02 7.088995361328125000e+01 -4.245872116088867188e+01 6.590452575683593750e+01 2.176484375000000000e+02 4.905529975891113281e+00 7.232370758056640625e+01 1.527630567550659180e+00 -1.693048477172851562e+00 2.064145851135253906e+01
4.443310573697090149e-02 2.007435607910156250e+01 1.722038269042968750e+02 2.045660247802734375e+02 3.257295608520507812e+01 -1.952468490600585938e+01 5.599129104614257812e+01 1.867220458984375000e+02 -5.811563730239868164e-01 6.118495178222656250e+01 -2.250091284513473511e-01 -1.174242019653320312e+00 2.064145851135253906e+01
5.042308941483497620e-02 1.952805519104003906e+01 1.700831298828125000e+02 2.086210174560546875e+02 1.236506652832031250e+02 -1.370775938034057617e+00 5.510454559326171875e+01 1.872221374511718750e+02 1.479858589172363281e+01 6.106118392944335938e+01 5.140659809112548828e+00 -3.859409689903259277e-02 2.064145851135253906e+01
5.690929666161537170e-02 1.736929702758789062e+01 1.520539245605468750e+02 1.816747283935546875e+02 5.105141830444335938e+01 -1.456415653228759766e+00 4.868746185302734375e+01 1.651363830566406250e+02 3.243485689163208008e+00 5.324096679687500000e+01 1.125054836273193359e+00 -3.222293555736541748e-01 2.064145851135253906e+01
6.341847032308578491e-02 1.561473846435546875e+01 1.362937011718750000e+02 1.638350982666015625e+02 7.081701660156250000e+01 3.851191329956054688e+01 4.359356307983398438e+01 1.483197784423828125e+02 7.068958282470703125e+00 4.778606796264648438e+01 2.246984243392944336e+00 1.004304647445678711e+00 2.064145851135253906e+01
6.949992477893829346e-02 1.504713153839111328e+01 1.404193878173828125e+02 1.667933654785156250e+02 5.956474685668945312e+01 1.866683197021484375e+01 4.341128158569335938e+01 1.517881164550781250e+02 5.411799430847167969e+00 4.723442077636718750e+01 1.768467187881469727e+00 5.786961317062377930e-01 2.064145851135253906e+01
7.558133453130722046e-02 1.305944824218750000e+01 1.230599441528320312e+02 1.451162872314453125e+02 3.420118713378906250e+01 -1.287509059906005859e+01 3.758668899536132812e+01 1.324166107177734375e+02 1.830416560173034668e+00 4.067602539062500000e+01 4.845402538776397705e-01 -5.861219167709350586e-01 2.064145851135253906e+01
8.196274191141128540e-02 1.205460643768310547e+01 1.134582290649414062e+02 1.339371490478515625e+02 4.582758712768554688e+01 1.183308219909667969e+01 3.437455368041992188e+01 1.220405426025390625e+02 4.156446933746337891e+00 3.717819595336914062e+01 1.180907726287841797e+00 1.975327730178833008e-01 2.064145851135253906e+01
8.830232173204421997e-02 1.067424392700195312e+01 1.016889343261718750e+02 1.207158508300781250e+02 4.273256683349609375e+01 8.670467376708984375e+00 3.027744102478027344e+01 1.094565277099609375e+02 3.455396652221679688e+00 3.287554931640625000e+01 1.053786873817443848e+00 1.512610912322998047e-01 2.064145851135253906e+01
9.435217082500457764e-02 9.206742286682128906e+00 9.544571685791015625e+01 1.141435928344726562e+02 3.275405120849609375e+01 -3.300635814666748047e+00 2.715893173217773438e+01 1.028094100952148438e+02 1.702668547630310059e+00 2.950843048095703125e+01 8.135620355606079102e-01 -1.688577979803085327e-01 2.064145851135253906e+01
1.005600690841674805e-01 8.372365951538085938e+00 8.626300811767578125e+01 1.024631271362304688e+02 3.993979263305664062e+01 -4.821937561035156250e+00 2.432810974121093750e+01 9.242495727539062500e+01 3.621707677841186523e+00 2.634746360778808594e+01 1.213474035263061523e+00 -1.298355907201766968e-01 2.064145851135253906e+01
1.070138886570930481e-01 7.903015136718750000e+00 8.276231384277343750e+01 9.722261047363281250e+01 3.021096611022949219e+01 1.282110023498535156e+01 2.296507072448730469e+01 8.809298706054687500e+01 1.838618993759155273e+00 2.473574638366699219e+01 5.768842101097106934e-01 2.600339055061340332e-01 2.064145851135253906e+01
1.134273484349250793e-01 7.242941856384277344e+00 7.958917236328125000e+01 9.315460205078125000e+01 3.150854492187500000e+01 1.318395328521728516e+01 2.147755622863769531e+01 8.443583679199218750e+01 2.352593660354614258e+00 2.294017028808593750e+01 6.714046001434326172e-01 2.771310210227966309e-01 2.064145851135253906e+01
1.196089535951614380e-01 6.973767280578613281e+00 7.534714508056640625e+01 8.800105285644531250e+01 2.589638137817382812e+01 -3.711166620254516602e+00 2.053158950805664062e+01 7.972113037109375000e+01 1.772544622421264648e+00 2.187993240356445312e+01 5.407094955444335938e-01 -8.623665571212768555e-02 2.064145851135253906e+01
1.257804334163665771e-01 6.480051517486572266e+00 7.245168304443359375e+01 8.644844055175781250e+01 3.338256072998046875e+01 7.672682404518127441e-01 1.918698120117187500e+01 7.721667480468750000e+01 2.633687973022460938e+00 2.065003204345703125e+01 5.934356451034545898e-01 2.409838605672121048e-03 2.064145851135253906e+01
1.321490257978439331e-01 6.275846004486083984e+00 7.032407379150390625e+01 8.287796020507812500e+01 2.231329727172851562e+01 2.233038544654846191e-01 1.855595970153808594e+01 7.429814910888671875e+01 7.261805534362792969e-01 1.981620025634765625e+01 2.726221084594726562e-01 1.084290072321891785e-02 2.064145851135253906e+01
1.384563297033309937e-01 5.711663722991943359e+00 6.755464172363281250e+01 7.831466674804687500e+01 2.412773704528808594e+01 4.378160953521728516e+00 1.723675918579101562e+01 7.069897460937500000e+01 1.634318590164184570e+00 1.824032020568847656e+01 4.876726269721984863e-01 1.021652519702911377e-01 2.064145851135253906e+01
1.446497291326522827e-01 5.144316673278808594e+00 6.184475326538085938e+01 7.219957733154296875e+01 2.844496917724609375e+01 7.441119194030761719e+00 1.541170883178710938e+01 6.452597045898437500e+01 2.239780664443969727e+00 1.624177360534667969e+01 6.061108112335205078e-01 1.523099541664123535e-01 2.064145851135253906e+01
1.508535146713256836e-01 5.018061637878417969e+00 6.030241775512695312e+01 7.018972015380859375e+01 2.427440452575683594e+01 8.533908843994140625e+00 1.500147628784179688e+01 6.275109481811523438e+01 1.367538213729858398e+00 1.578048419952392578e+01 4.773618280887603760e-01 1.914503425359725952e-01 2.064145851135253906e+01
1.571729034185409546e-01 4.534855365753173828e+00 5.725680923461914062e+01 6.760150146484375000e+01 2.039225196838378906e+01 6.954252243041992188e+00 1.376233005523681641e+01 5.992256546020507812e+01 6.670913696289062500e-01 1.461430931091308594e+01 2.984053194522857666e-01 1.330868005752563477e-01 2.064145851135253906e+01
1.635417938232421875e-01 4.179012775421142578e+00 5.444408798217773438e+01 6.320448303222656250e+01 2.066510963439941406e+01 6.008552551269531250e+00 1.281815528869628906e+01 5.618740844726562500e+01 8.762377500534057617e-01 1.339729499816894531e+01 2.757615447044372559e-01 6.116743758320808411e-02 2.064145851135253906e+01
1.698256134986877441e-01 3.970314502716064453e+00 5.327957153320312500e+01 6.153211593627929688e+01 1.830988311767578125e+01 5.168582439422607422e+00 1.220652770996093750e+01 5.470986175537109375e+01 6.333438754081726074e-01 1.273053359985351562e+01 2.745301127433776855e-01 9.288742393255233765e-02 2.064145851135253906e+01
1.761013567447662354e-01 3.816241502761840820e+00 5.197975921630859375e+01 6.067665100097656250e+01 1.648190689086914062e+01 1.605537295341491699e+00 1.184969711303710938e+01 5.349686431884765625e+01 1.933487951755523682e-01 1.238127040863037109e+01 5.198458209633827209e-02 -8.210129104554653168e-03 2.064145851135253906e+01
1.823998540639877319e-01 3.694753170013427734e+00 5.028726196289062500e+01 5.814505386352539062e+01 1.268342781066894531e+01 5.264400482177734375e+00 1.146545982360839844e+01 5.128745651245117188e+01 -5.264697670936584473e-01 1.188228321075439453e+01 -2.716438099741935730e-02 9.990403056144714355e-02 2.064145851135253906e+01
1.886507123708724976e-01 3.533172130584716797e+00 4.994782638549804688e+01 5.772985839843750000e+01 1.729703903198242188e+01 5.099258422851562500e+00 1.106962585449218750e+01 5.074650573730468750e+01 3.683180510997772217e-01 1.134960079193115234e+01 6.588566303253173828e-02 1.165007352828979492e-01 2.064145851135253906e+01
1.949081569910049438e-01 3.360170125961303711e+00 4.931661224365234375e+01 5.663564300537109375e+01 1.658908081054687500e+01 1.741343021392822266e+00 1.062780952453613281e+01 4.982100677490234375e+01 3.313679397106170654e-01 1.091268253326416016e+01 1.264446824789047241e-01 -9.216227568686008453e-03 2.064145851135253906e+01
2.011425346136093140e-01 3.170443773269653320e+00 4.686673736572265625e+01 5.364189147949218750e+01 1.410212802886962891e+01 1.710357904434204102e+00 1.003100395202636719e+01 4.698952484130859375e+01 -1.146964728832244873e-01 1.019027709960937500e+01 3.316560760140419006e-02 -9.986342862248420715e-03 2.064145851135253906e+01
2.073954045772552490e-01 3.000530242919921875e+00 4.498653793334960938e+01 5.164962005615234375e+01 1.425110244750976562e+01 1.106053471565246582e+00 9.507833480834960938e+00 4.496224594116210938e+01 -3.321566432714462280e-02 9.658259391784667969e+00 6.199176236987113953e-02 -2.990588312968611717e-03 2.064145851135253906e+01
2.137389332056045532e-01 2.918953895568847656e+00 4.487925720214843750e+01 5.201095581054687500e+01 1.704245948791503906e+01 2.277775764465332031e+00 9.345390319824218750e+00 4.488510131835937500e+01 2.741160988807678223e-01 9.485370635986328125e+00 6.159404665231704712e-02 3.189604356884956360e-02 2.064145851135253906e+01
2.200330942869186401e-01 2.794333219528198242e+00 4.356762313842773438e+01 4.964742660522460938e+01 1.210277271270751953e+01 3.750884056091308594e+00 8.972953796386718750e+00 4.308144378662109375e+01 -3.171786963939666748e-01 9.005143165588378906e+00 -5.481922533363103867e-03 3.078169561922550201e-02 2.064145851135253906e+01
2.262930423021316528e-01 2.622937679290771484e+00 4.249110794067382812e+01 4.909602737426757812e+01 1.365178394317626953e+01 3.031167984008789062e+00 8.491928100585937500e+00 4.205625152587890625e+01 -2.638798654079437256e-01 8.596723556518554688e+00 9.718467481434345245e-03 1.117231138050556183e-02 2.064145851135253906e+01
2.325985133647918701e-01 2.508592605590820312e+00 4.113129425048828125e+01 4.732925796508789062e+01 1.238390922546386719e+01 4.379104137420654297e+00 8.100221633911132812e+00 4.055130004882812500e+01 -4.242617189884185791e-01 8.177436828613281250e+00 -6.099896505475044250e-03 8.264333754777908325e-02 2.064145851135253906e+01
2.388891130685806274e-01 2.410400390625000000e+00 4.069733047485351562e+01 4.634191513061523438e+01 1.331903171539306641e+01 3.417386114597320557e-01 7.925262928009033203e+00 3.965574264526367188e+01 -1.920791566371917725e-01 7.837758064270019531e+00 1.966121792793273926e-02 -2.504597045481204987e-02 2.064145851135253906e+01
2.451218813657760620e-01 2.315954208374023438e+00 4.007918930053710938e+01 4.558679962158203125e+01 1.190942478179931641e+01 1.980605006217956543e+00 7.656194210052490234e+00 3.887988281250000000e+01 -4.328583180904388428e-01 7.587166786193847656e+00 -3.004890633746981621e-03 1.514215674251317978e-02 2.064145851135253906e+01
2.513737380504608154e-01 2.260201930999755859e+00 3.960082626342773438e+01 4.488045501708984375e+01 1.387377452850341797e+01 3.900345802307128906e+00 7.503946781158447266e+00 3.819480895996093750e+01 -1.348593831062316895e-01 7.360912322998046875e+00 3.129892051219940186e-02 5.203308910131454468e-02 2.064145851135253906e+01
2.577070593833923340e-01 2.191866397857666016e+00 3.888819122314453125e+01 4.450791549682617188e+01 1.224774265289306641e+01 1.046586155891418457e+00 7.248801708221435547e+00 3.750260925292968750e+01 -4.761863052845001221e-01 7.082703113555908203e+00 -1.075132284313440323e-02 1.550958119332790375e-02 2.064145851135253906e+01
2.640204429626464844e-01 2.121410131454467773e+00 3.899356079101562500e+01 4.465357971191406250e+01 1.122349834442138672e+01 4.572320938110351562e+00 7.132062435150146484e+00 3.743576812744140625e+01 -7.603355646133422852e-01 6.977576255798339844e+00 -1.086574718356132507e-01 8.596590906381607056e-02 2.064145851135253906e+01
2.702898085117340088e-01 2.066255331039428711e+00 3.768898773193359375e+01 4.289786911010742188e+01 1.089278507232666016e+01 2.419487953186035156e+00 6.870796203613281250e+00 3.588126373291015625e+01 -8.618959188461303711e-01 6.696528434753417969e+00 -1.148978769779205322e-01 1.860492676496505737e-02 2.064145851135253906e+01
2.765615284442901611e-01 1.961131334304809570e+00 3.653476333618164062e+01 4.134637832641601562e+01 1.196005821228027344e+01 4.419043540954589844e+00 6.539309501647949219e+00 3.434180831909179688e+01 -6.441441178321838379e-01 6.273933887481689453e+00 -6.783341616392135620e-02 4.518949240446090698e-02 2.064145851135253906e+01
2.828698754310607910e-01 1.878945827484130859e+00 3.646870040893554688e+01 4.174285888671875000e+01 1.148336124420166016e+01 1.975354075431823730e+00 6.361514091491699219e+00 3.451013565063476562e+01 -6.705596446990966797e-01 6.113059997558593750e+00 -7.502298057079315186e-02 6.509539484977722168e-02 2.064145851135253906e+01
2.891486585140228271e-01 1.820062160491943359e+00 3.569395446777343750e+01 4.089408493041992188e+01 1.232958316802978516e+01 6.275833606719970703e+00 6.161699771881103516e+00 3.347535705566406250e+01 -7.602400183677673340e-01 5.904629707336425781e+00 -9.819141775369644165e-02 8.160523325204849243e-02 2.064145851135253906e+01
2.953523397445678711e-01 1.773661851882934570e+00 3.534848785400390625e+01 3.967100524902343750e+01 8.812551498413085938e+00 2.866093158721923828e+00 6.048034667968750000e+00 3.264406585693359375e+01 -1.179938077926635742e+00 5.724407672882080078e+00 -1.469089984893798828e-01 5.297452956438064575e-02 2.064145851135253906e+01
3.016075491905212402e-01 1.704353690147399902e+00 3.494981384277343750e+01 3.890173721313476562e+01 9.185626983642578125e+00 2.525085687637329102e+00 5.869906902313232422e+00 3.195204925537109375e+01 -1.032243847846984863e+00 5.475509166717529297e+00 -1.376007795333862305e-01 4.478807002305984497e-02 2.064145851135253906e+01
3.079382479190826416e-01 1.674709677696228027e+00 3.454981231689453125e+01 3.874496841430664062e+01 8.803539276123046875e+00 3.298247575759887695e+00 5.750037193298339844e+00 3.155702018737792969e+01 -1.259506702423095703e+00 5.377892494201660156e+00 -1.528551876544952393e-01 4.289588704705238342e-02 2.064145851135253906e+01
3.142760396003723145e-01 1.644817113876342773e+00 3.387007141113281250e+01 3.775321960449218750e+01 8.490683555603027344e+00 4.838458061218261719e+00 5.601211071014404297e+00 3.052224731445312500e+01 -1.320652008056640625e+00 5.159511566162109375e+00 -1.937172263860702515e-01 8.678040653467178345e-02 2.064145851135253906e+01
3.205462992191314697e-01 1.600144743919372559e+00 3.380129623413085938e+01 3.755785369873046875e+01 8.625956535339355469e+00 3.746665000915527344e+00 5.537003040313720703e+00 3.024048614501953125e+01 -1.375225543975830078e+00 5.072464466094970703e+00 -1.897989660501480103e-01 4.096412658691406250e-02 2.064145851135253906e+01
3.268128037452697754e-01 1.567020297050476074e+00 3.327277374267578125e+01 3.743393707275390625e+01 8.743355751037597656e+00 4.678582668304443359e+00 5.382249355316162109e+00 2.982374572753906250e+01 -1.423595905303955078e+00 4.918531894683837891e+00 -1.830710917711257935e-01 7.821192592382431030e-02 2.064145851135253906e+01
3.331238031387329102e-01 1.527066946029663086e+00 3.305351638793945312e+01 3.704014587402343750e+01 9.552834510803222656e+00 6.112852096557617188e+00 5.297075748443603516e+00 2.944999313354492188e+01 -1.365613222122192383e+00 4.812276363372802734e+00 -1.831855177879333496e-01 7.808101177215576172e-02 2.064145851135253906e+01
3.394046723842620850e-01 1.504813790321350098e+00 3.291157913208007812e+01 3.644260787963867188e+01 8.150458335876464844e+00 2.434436321258544922e+00 5.216697692871093750e+00 2.889090728759765625e+01 -1.439832687377929688e+00 4.687083244323730469e+00 -1.854000687599182129e-01 4.309580847620964050e-02 2.064145851135253906e+01
3.456391692161560059e-01 1.481005072593688965e+00 3.263017272949218750e+01 3.613986206054687500e+01 9.240953445434570312e+00 3.961318254470825195e+00 5.134113311767578125e+00 2.840122032165527344e+01 -1.376455426216125488e+00 4.567687988281250000e+00 -1.753123253583908081e-01 6.617627292871475220e-02 2.064145851135253906e+01
3.518808186054229736e-01 1.455659627914428711e+00 3.199405288696289062e+01 3.566355514526367188e+01 8.560257911682128906e+00 6.628977775573730469e+00 4.984412193298339844e+00 2.774946784973144531e+01 -1.589331865310668945e+00 4.427557468414306641e+00 -2.170893251895904541e-01 1.073229089379310608e-01 2.064145851135253906e+01
3.582032322883605957e-01 1.425216555595397949e+00 3.201942825317382812e+01 3.603495025634765625e+01 9.569400787353515625e+00 4.598308563232421875e+00 4.923437595367431641e+00 2.777650642395019531e+01 -1.536940574645996094e+00 4.354474067687988281e+00 -1.968824714422225952e-01 7.804005593061447144e-02 2.064145851135253906e+01
3.645117878913879395e-01 1.401162147521972656e+00 3.214756774902343750e+01 3.548316192626953125e+01 7.082366943359375000e+00 4.881476879119873047e+00 4.877851486206054688e+00 2.743198013305664062e+01 -1.942966461181640625e+00 4.229420661926269531e+00 -2.877837717533111572e-01 6.121650338172912598e-02 2.064145851135253906e+01
3.707640767097473145e-01 1.428196430206298828e+00 3.237578582763671875e+01 3.541572189331054688e+01 6.950416088104248047e+00 8.837015151977539062e+00 4.945905685424804688e+00 2.727638435363769531e+01 -1.992032289505004883e+00 4.237437725067138672e+00 -2.757817208766937256e-01 1.622262001037597656e-01 2.064145851135253906e+01
3.770540952682495117e-01 1.401939272880554199e+00 3.241601943969726562e+01 3.573954010009765625e+01 6.695445537567138672e+00 8.172266006469726562e+00 4.852781772613525391e+00 2.737915802001953125e+01 -2.114755630493164062e+00 4.190943717956542969e+00 -2.878704071044921875e-01 1.112963557243347168e-01 2.064145851135253906e+01
3.833588361740112305e-01 1.391518712043762207e+00 3.268289947509765625e+01 3.605120086669921875e+01 8.513254165649414062e+00 1.168815612792968750e+01 4.858834266662597656e+00 2.732803916931152344e+01 -2.004623413085937500e+00 4.128547668457031250e+00 -2.646769583225250244e-01 1.696826368570327759e-01 2.064145851135253906e+01
3.896513879299163818e-01 1.410072326660156250e+00 3.299785995483398438e+01 3.615510940551757812e+01 6.886684894561767578e+00 1.450498485565185547e+01 4.909694194793701172e+00 2.710619354248046875e+01 -2.535161018371582031e+00 4.118422508239746094e+00 -3.807090222835540771e-01 1.713337749242782593e-01 2.064145851135253906e+01
3.958770036697387695e-01 1.429113864898681641e+00 3.418865203857421875e+01 3.737269592285156250e+01 7.796689033508300781e+00 1.667573356628417969e+01 5.049896240234375000e+00 2.801810264587402344e+01 -2.539255619049072266e+00 4.226590633392333984e+00 -3.383675515651702881e-01 2.208395898342132568e-01 2.064145851135253906e+01
4.021010994911193848e-01 1.403012871742248535e+00 3.428387832641601562e+01 3.741300201416015625e+01 7.160107135772705078e+00 1.585168266296386719e+01 4.990114688873291016e+00 2.793745040893554688e+01 -2.627606868743896484e+00 4.139418125152587891e+00 -3.455975949764251709e-01 1.978860944509506226e-01 2.064145851135253906e+01
