# k, P_{cc}, P_{hh,r}, P_{hh,0}, P_{hh,2}, P_{hh,4}, P_{hc,r}, P_{hc,0}, P_{hc,2}, P_{hc,4}, P_pSN
#  Realization 177
8.018244989216327667e-03 1.992154502868652344e+01 1.477245330810546875e+02 1.828986816406250000e+02 1.106179275512695312e+02 -7.564620208740234375e+01 5.149353790283203125e+01 1.637421417236328125e+02 1.377715873718261719e+01 5.729684829711914062e+01 4.180197715759277344e+00 -1.350729465484619141e+00 2.058128547668457031e+01
1.401655934751033783e-02 4.108554840087890625e+01 3.271791076660156250e+02 3.939592590332031250e+02 3.342004776000976562e+01 -1.869022827148437500e+02 1.131069030761718750e+02 3.578847045898437500e+02 -5.367824554443359375e+00 1.243547973632812500e+02 -9.092919826507568359e-01 -7.153473377227783203e+00 2.058128547668457031e+01
1.969251595437526703e-02 5.464698791503906250e+01 4.752097167968750000e+02 5.895972290039062500e+02 4.348052368164062500e+02 9.134574127197265625e+01 1.581846160888671875e+02 5.274458618164062500e+02 5.741788864135742188e+01 1.764508972167968750e+02 2.114136505126953125e+01 9.704152941703796387e-01 2.058128547668457031e+01
2.551339380443096161e-02 3.607388687133789062e+01 3.060497131347656250e+02 3.655823669433593750e+02 3.729167175292968750e+01 -1.630353393554687500e+02 1.025214462280273438e+02 3.334492187500000000e+02 -3.465720176696777344e+00 1.121705322265625000e+02 -1.101279020309448242e+00 -6.364313125610351562e+00 2.058128547668457031e+01
3.202908113598823547e-02 3.058474540710449219e+01 2.475445098876953125e+02 2.960746154785156250e+02 4.303474426269531250e+01 -3.305032348632812500e+01 8.436280822753906250e+01 2.696277770996093750e+02 -1.507598161697387695e+00 9.249771118164062500e+01 7.627082616090774536e-02 -1.226963520050048828e+00 2.058128547668457031e+01
3.846523538231849670e-02 2.392726898193359375e+01 2.075688323974609375e+02 2.504889373779296875e+02 7.463908386230468750e+01 -2.683300018310546875e+01 6.768509674072265625e+01 2.269729919433593750e+02 4.999514579772949219e+00 7.457404327392578125e+01 2.588984489440917969e+00 -8.935431241989135742e-01 2.058128547668457031e+01
4.443310573697090149e-02 1.831059646606445312e+01 1.602383422851562500e+02 1.899477233886718750e+02 3.171186637878417969e+01 -2.636474800109863281e+01 5.151343917846679688e+01 1.735533599853515625e+02 -1.370871067047119141e-01 5.636228179931640625e+01 7.877910137176513672e-01 -1.013229012489318848e+00 2.058128547668457031e+01
5.042308941483497620e-02 1.910852622985839844e+01 1.660861511230468750e+02 2.003481750488281250e+02 7.902336120605468750e+01 -1.244740295410156250e+01 5.372246932983398438e+01 1.814245300292968750e+02 7.827868461608886719e+00 5.906832504272460938e+01 2.769477844238281250e+00 -3.079273998737335205e-01 2.058128547668457031e+01
5.690929666161537170e-02 1.864877510070800781e+01 1.674472198486328125e+02 1.981087493896484375e+02 5.038750076293945312e+01 4.115527868270874023e-01 5.321152114868164062e+01 1.811663665771484375e+02 3.433256149291992188e+00 5.798019409179687500e+01 7.516077756881713867e-01 -7.613989710807800293e-02 2.058128547668457031e+01
6.341847032308578491e-02 1.541324234008789062e+01 1.400393981933593750e+02 1.659574584960937500e+02 5.709617996215820312e+01 3.188460350036621094e+01 4.375306320190429688e+01 1.513992309570312500e+02 5.021699428558349609e+00 4.770524978637695312e+01 1.866240024566650391e+00 6.391947865486145020e-01 2.058128547668457031e+01
6.949992477893829346e-02 1.597829723358154297e+01 1.434284515380859375e+02 1.699994964599609375e+02 5.456657791137695312e+01 2.008789253234863281e+01 4.508749008178710938e+01 1.551089477539062500e+02 4.499656200408935547e+00 4.904850769042968750e+01 1.462482213973999023e+00 5.853558778762817383e-01 2.058128547668457031e+01
7.558133453130722046e-02 1.341849708557128906e+01 1.308294677734375000e+02 1.539813385009765625e+02 3.331575393676757812e+01 -8.623760342597961426e-01 3.924723434448242188e+01 1.407112731933593750e+02 8.331375122070312500e-01 4.254629898071289062e+01 3.717504441738128662e-01 -1.288222819566726685e-01 2.058128547668457031e+01
8.196274191141128540e-02 1.196764945983886719e+01 1.168670043945312500e+02 1.395864410400390625e+02 5.954387283325195312e+01 1.866422843933105469e+01 3.483161926269531250e+01 1.264010086059570312e+02 5.888542652130126953e+00 3.796242904663085938e+01 2.098712682723999023e+00 3.988162279129028320e-01 2.058128547668457031e+01
8.830232173204421997e-02 1.116292285919189453e+01 1.084938735961914062e+02 1.272647705078125000e+02 2.787508583068847656e+01 1.102807140350341797e+01 3.215432357788085938e+01 1.162338027954101562e+02 1.205833792686462402e+00 3.473688507080078125e+01 4.083463549613952637e-01 5.252106115221977234e-02 2.058128547668457031e+01
9.435217082500457764e-02 9.312843322753906250e+00 9.410707092285156250e+01 1.122701110839843750e+02 4.012622070312500000e+01 5.908757686614990234e+00 2.703595352172851562e+01 1.013677597045898438e+02 3.244611501693725586e+00 2.936375236511230469e+01 9.918968677520751953e-01 1.199357658624649048e-01 2.058128547668457031e+01
1.005600690841674805e-01 8.503709793090820312e+00 8.712033843994140625e+01 1.034839401245117188e+02 3.273758697509765625e+01 -4.004431247711181641e+00 2.464491653442382812e+01 9.350160980224609375e+01 2.167716026306152344e+00 2.666038322448730469e+01 6.253138184547424316e-01 -1.434875875711441040e-01 2.058128547668457031e+01
1.070138886570930481e-01 7.670854568481445312e+00 8.109511566162109375e+01 9.571999359130859375e+01 2.935290336608886719e+01 1.014762306213378906e+01 2.239648628234863281e+01 8.658563995361328125e+01 1.989493727684020996e+00 2.411755752563476562e+01 6.492987275123596191e-01 2.786451876163482666e-01 2.058128547668457031e+01
1.134273484349250793e-01 7.275921344757080078e+00 7.975784301757812500e+01 9.464213562011718750e+01 3.315681838989257812e+01 1.132606887817382812e+01 2.159686279296875000e+01 8.520990753173828125e+01 2.443764209747314453e+00 2.330559921264648438e+01 6.950217485427856445e-01 2.666489779949188232e-01 2.058128547668457031e+01
1.196089535951614380e-01 6.845578193664550781e+00 7.713342285156250000e+01 9.088467407226562500e+01 3.046490287780761719e+01 -2.252078771591186523e+00 2.050449562072753906e+01 8.188772583007812500e+01 2.072526454925537109e+00 2.200718116760253906e+01 6.342726945877075195e-01 -1.179799661040306091e-01 2.058128547668457031e+01
1.257804334163665771e-01 6.693392753601074219e+00 7.401668548583984375e+01 8.626299285888671875e+01 2.346224784851074219e+01 -5.282199859619140625e+00 1.976517486572265625e+01 7.810157775878906250e+01 1.306468009948730469e+00 2.107386207580566406e+01 3.528567850589752197e-01 -1.497407406568527222e-01 2.058128547668457031e+01
1.321490257978439331e-01 6.127762317657470703e+00 6.900070190429687500e+01 8.079795837402343750e+01 2.623994445800781250e+01 5.987571716308593750e+00 1.807164192199707031e+01 7.275295257568359375e+01 1.611235141754150391e+00 1.927802467346191406e+01 5.359562635421752930e-01 1.105124130845069885e-01 2.058128547668457031e+01
1.384563297033309937e-01 5.886661052703857422e+00 6.891649627685546875e+01 7.975117492675781250e+01 2.373344039916992188e+01 6.173491001129150391e+00 1.767358970642089844e+01 7.207125854492187500e+01 1.236682534217834473e+00 1.870695114135742188e+01 4.163203239440917969e-01 -9.558685123920440674e-03 2.058128547668457031e+01
1.446497291326522827e-01 5.439745903015136719e+00 6.433212280273437500e+01 7.449308776855468750e+01 1.924417114257812500e+01 -5.658927917480468750e+00 1.638306808471679688e+01 6.712090301513671875e+01 8.108676671981811523e-01 1.733951759338378906e+01 2.782408595085144043e-01 -1.955631673336029053e-01 2.058128547668457031e+01
1.508535146713256836e-01 4.992841720581054688e+00 6.127742767333984375e+01 7.213859558105468750e+01 2.248024940490722656e+01 1.964891672134399414e+00 1.512015342712402344e+01 6.425379943847656250e+01 9.457188844680786133e-01 1.605278968811035156e+01 3.588404059410095215e-01 -6.957794539630413055e-03 2.058128547668457031e+01
1.571729034185409546e-01 4.558154106140136719e+00 5.683153152465820312e+01 6.606695556640625000e+01 2.013226509094238281e+01 6.937584877014160156e+00 1.377290725708007812e+01 5.897927474975585938e+01 8.775145411491394043e-01 1.448993682861328125e+01 3.286085426807403564e-01 1.474382281303405762e-01 2.058128547668457031e+01
1.635417938232421875e-01 4.103634834289550781e+00 5.410166168212890625e+01 6.278891754150390625e+01 1.821209335327148438e+01 8.395140171051025391e-01 1.259450149536132812e+01 5.585690689086914062e+01 6.417301297187805176e-01 1.321119403839111328e+01 3.349729180335998535e-01 -4.255136474967002869e-03 2.058128547668457031e+01
1.698256134986877441e-01 4.158203125000000000e+00 5.482519149780273438e+01 6.385245895385742188e+01 2.349461555480957031e+01 7.688848972320556641e+00 1.284325981140136719e+01 5.665362548828125000e+01 1.461029887199401855e+00 1.340133857727050781e+01 3.698049485683441162e-01 1.560631990432739258e-01 2.058128547668457031e+01
1.761013567447662354e-01 3.888431072235107422e+00 5.307845687866210938e+01 6.207008361816406250e+01 1.885450553894042969e+01 -4.237844944000244141e+00 1.213239002227783203e+01 5.485379028320312500e+01 6.668886542320251465e-01 1.274567794799804688e+01 2.271419018507003784e-01 -8.305591344833374023e-02 2.058128547668457031e+01
1.823998540639877319e-01 3.709326505661010742e+00 5.023635864257812500e+01 5.823565673828125000e+01 1.474526882171630859e+01 2.547964334487915039e+00 1.139124488830566406e+01 5.133864593505859375e+01 -8.170063793659210205e-02 1.179419422149658203e+01 3.999900072813034058e-02 1.030157040804624557e-02 2.058128547668457031e+01
1.886507123708724976e-01 3.504992485046386719e+00 4.980660629272460938e+01 5.807749557495117188e+01 1.569992065429687500e+01 8.332397460937500000e+00 1.096719264984130859e+01 5.095471572875976562e+01 5.666742101311683655e-02 1.138376903533935547e+01 9.996014088392257690e-02 1.786014884710311890e-01 2.058128547668457031e+01
1.949081569910049438e-01 3.440059185028076172e+00 4.963328933715820312e+01 5.743107223510742188e+01 1.467736339569091797e+01 1.596667408943176270e+00 1.088789939880371094e+01 5.041868591308593750e+01 -5.399224907159805298e-02 1.123478889465332031e+01 9.054754674434661865e-02 3.844662755727767944e-02 2.058128547668457031e+01
2.011425346136093140e-01 3.174904346466064453e+00 4.737092971801757812e+01 5.398798370361328125e+01 1.315289402008056641e+01 1.866217374801635742e+00 1.009790992736816406e+01 4.763154602050781250e+01 -1.465308815240859985e-01 1.034921741485595703e+01 2.047213353216648102e-02 -1.890856586396694183e-02 2.058128547668457031e+01
2.073954045772552490e-01 3.059863328933715820e+00 4.594360351562500000e+01 5.283000183105468750e+01 1.418407344818115234e+01 -1.739096641540527344e-01 9.740712165832519531e+00 4.615222930908203125e+01 -9.273082017898559570e-02 9.982804298400878906e+00 8.649247884750366211e-02 -3.906203433871269226e-02 2.058128547668457031e+01
2.137389332056045532e-01 2.908183574676513672e+00 4.527926635742187500e+01 5.199439239501953125e+01 1.459232044219970703e+01 4.560111999511718750e+00 9.371369361877441406e+00 4.531314468383789062e+01 1.387325823307037354e-01 9.545626640319824219e+00 1.100213900208473206e-01 1.302571743726730347e-01 2.058128547668457031e+01
2.200330942869186401e-01 2.727094411849975586e+00 4.315222167968750000e+01 4.966566085815429688e+01 1.513949298858642578e+01 4.867533683776855469e+00 8.757391929626464844e+00 4.294993972778320312e+01 9.531096369028091431e-02 8.891718864440917969e+00 7.645552605390548706e-02 4.187214002013206482e-02 2.058128547668457031e+01
2.262930423021316528e-01 2.596903085708618164e+00 4.242903137207031250e+01 4.845897674560546875e+01 1.321638393402099609e+01 1.181079268455505371e+00 8.453407287597656250e+00 4.200143814086914062e+01 -4.343415424227714539e-02 8.510951042175292969e+00 4.606166481971740723e-02 4.519267473369836807e-03 2.058128547668457031e+01
2.325985133647918701e-01 2.546075344085693359e+00 4.189141464233398438e+01 4.787941360473632812e+01 1.250077056884765625e+01 3.500010013580322266e+00 8.301069259643554688e+00 4.119738769531250000e+01 -3.301545679569244385e-01 8.324665069580078125e+00 -2.588631026446819305e-02 4.061821848154067993e-02 2.058128547668457031e+01
2.388891130685806274e-01 2.397002458572387695e+00 4.006214141845703125e+01 4.579769515991210938e+01 1.190456008911132812e+01 8.256614804267883301e-01 7.810410499572753906e+00 3.926434707641601562e+01 -2.913310229778289795e-01 7.793202877044677734e+00 2.699826098978519440e-02 3.575756400823593140e-02 2.058128547668457031e+01
2.451218813657760620e-01 2.311232566833496094e+00 3.977389907836914062e+01 4.493825531005859375e+01 1.225834274291992188e+01 4.296741008758544922e+00 7.593055248260498047e+00 3.857284164428710938e+01 -3.664253354072570801e-01 7.474180698394775391e+00 -3.128548711538314819e-02 5.726085975766181946e-02 2.058128547668457031e+01
2.513737380504608154e-01 2.255250215530395508e+00 3.983970260620117188e+01 4.553692245483398438e+01 1.398372268676757812e+01 5.168439865112304688e+00 7.509911060333251953e+00 3.877027893066406250e+01 -1.596225500106811523e-01 7.421422958374023438e+00 -3.783384338021278381e-03 8.834502100944519043e-02 2.058128547668457031e+01
2.577070593833923340e-01 2.183343648910522461e+00 3.903507614135742188e+01 4.437821960449218750e+01 1.234185981750488281e+01 7.429533600807189941e-01 7.277050971984863281e+00 3.764687728881835938e+01 -4.034127295017242432e-01 7.162690639495849609e+00 -4.408777505159378052e-02 6.182698532938957214e-03 2.058128547668457031e+01
2.640204429626464844e-01 2.128946304321289062e+00 3.827874374389648438e+01 4.340174865722656250e+01 1.199867439270019531e+01 2.979195117950439453e+00 7.097893714904785156e+00 3.663290786743164062e+01 -5.391686558723449707e-01 6.923461437225341797e+00 -5.221364274621009827e-02 5.424991622567176819e-02 2.058128547668457031e+01
2.702898085117340088e-01 2.035089731216430664e+00 3.798922729492187500e+01 4.335530471801757812e+01 1.016027641296386719e+01 2.313153982162475586e+00 6.868988037109375000e+00 3.637259292602539062e+01 -9.009324908256530762e-01 6.685636997222900391e+00 -1.265887618064880371e-01 4.218801856040954590e-02 2.058128547668457031e+01
2.765615284442901611e-01 1.952124238014221191e+00 3.732553100585937500e+01 4.241126251220703125e+01 1.048533916473388672e+01 3.177441835403442383e+00 6.636891841888427734e+00 3.539127731323242188e+01 -8.780987262725830078e-01 6.436197757720947266e+00 -1.266292333602905273e-01 5.762744322419166565e-02 2.058128547668457031e+01
2.828698754310607910e-01 1.871616601943969727e+00 3.610683059692382812e+01 4.115811157226562500e+01 9.940292358398437500e+00 2.283244371414184570e+00 6.321781158447265625e+00 3.409409713745117188e+01 -8.579552173614501953e-01 6.100222587585449219e+00 -1.268835961818695068e-01 6.851981580257415771e-02 2.058128547668457031e+01
2.891486585140228271e-01 1.839400410652160645e+00 3.601657867431640625e+01 4.079458999633789062e+01 9.891595840454101562e+00 4.793907165527343750e+00 6.233787536621093750e+00 3.378461074829101562e+01 -1.093926191329956055e+00 5.993580818176269531e+00 -1.116089224815368652e-01 8.171068131923675537e-02 2.058128547668457031e+01
2.953523397445678711e-01 1.787811636924743652e+00 3.561040496826171875e+01 4.019288253784179688e+01 9.343789100646972656e+00 2.810245990753173828e+00 6.122905254364013672e+00 3.308506774902343750e+01 -1.071297407150268555e+00 5.805582046508789062e+00 -1.159100160002708435e-01 5.233345180749893188e-02 2.058128547668457031e+01
3.016075491905212402e-01 1.739223957061767578e+00 3.507468032836914062e+01 3.939179992675781250e+01 1.055086612701416016e+01 2.921560525894165039e+00 5.956075191497802734e+00 3.237931060791015625e+01 -8.382483124732971191e-01 5.598646163940429688e+00 -1.011059284210205078e-01 4.143322631716728210e-02 2.058128547668457031e+01
3.079382479190826416e-01 1.683669686317443848e+00 3.433119583129882812e+01 3.844892883300781250e+01 9.862444877624511719e+00 2.041621923446655273e+00 5.777824401855468750e+00 3.135044097900390625e+01 -1.010019898414611816e+00 5.384815216064453125e+00 -1.363499164581298828e-01 4.875154048204421997e-02 2.058128547668457031e+01
3.142760396003723145e-01 1.650106072425842285e+00 3.392531204223632812e+01 3.818737030029296875e+01 8.884045600891113281e+00 3.974050760269165039e+00 5.662810325622558594e+00 3.089321899414062500e+01 -1.297122359275817871e+00 5.308293819427490234e+00 -1.705870181322097778e-01 6.883907318115234375e-02 2.058128547668457031e+01
3.205462992191314697e-01 1.607816934585571289e+00 3.358066177368164062e+01 3.767612838745117188e+01 9.423411369323730469e+00 4.464762210845947266e+00 5.514551639556884766e+00 3.042809104919433594e+01 -1.202728152275085449e+00 5.098248958587646484e+00 -1.463583856821060181e-01 7.009187340736389160e-02 2.058128547668457031e+01
3.268128037452697754e-01 1.575299382209777832e+00 3.348671722412109375e+01 3.744004821777343750e+01 7.342360019683837891e+00 3.889775753021240234e+00 5.427482128143310547e+00 3.018634223937988281e+01 -1.509722471237182617e+00 5.003540992736816406e+00 -2.057222723960876465e-01 5.998377501964569092e-02 2.058128547668457031e+01
3.331238031387329102e-01 1.525486111640930176e+00 3.277679061889648438e+01 3.629857254028320312e+01 8.343243598937988281e+00 3.786082744598388672e+00 5.246640205383300781e+00 2.913190650939941406e+01 -1.313345551490783691e+00 4.762094974517822266e+00 -1.610378772020339966e-01 5.408890172839164734e-02 2.058128547668457031e+01
3.394046723842620850e-01 1.496046423912048340e+00 3.263246917724609375e+01 3.638531875610351562e+01 7.986365795135498047e+00 4.093683719635009766e+00 5.158798217773437500e+00 2.893819808959960938e+01 -1.447430849075317383e+00 4.676698207855224609e+00 -1.765132397413253784e-01 5.643118172883987427e-02 2.058128547668457031e+01
3.456391692161560059e-01 1.495890259742736816e+00 3.252229309082031250e+01 3.614973449707031250e+01 7.785775661468505859e+00 3.769059181213378906e+00 5.170860767364501953e+00 2.861564064025878906e+01 -1.652889370918273926e+00 4.625695228576660156e+00 -2.345495223999023438e-01 5.556415021419525146e-02 2.058128547668457031e+01
3.518808186054229736e-01 1.465026497840881348e+00 3.233803558349609375e+01 3.568348693847656250e+01 7.414241790771484375e+00 5.717631340026855469e+00 5.062839984893798828e+00 2.814166259765625000e+01 -1.657448291778564453e+00 4.490743637084960938e+00 -2.313233464956283569e-01 1.048937216401100159e-01 2.058128547668457031e+01
3.582032322883605957e-01 1.442049503326416016e+00 3.211039733886718750e+01 3.542821121215820312e+01 7.819515228271484375e+00 4.888511657714843750e+00 4.993206501007080078e+00 2.770159721374511719e+01 -1.697323441505432129e+00 4.382517337799072266e+00 -2.538058161735534668e-01 7.423348724842071533e-02 2.058128547668457031e+01
3.645117878913879395e-01 1.414854049682617188e+00 3.242107772827148438e+01 3.547334289550781250e+01 7.046960353851318359e+00 5.853578567504882812e+00 4.948710918426513672e+00 2.779673957824707031e+01 -1.805165171623229980e+00 4.342143058776855469e+00 -2.527535557746887207e-01 8.923867344856262207e-02 2.058128547668457031e+01
3.707640767097473145e-01 1.412562370300292969e+00 3.211352539062500000e+01 3.580384063720703125e+01 8.251272201538085938e+00 7.985538005828857422e+00 4.860990047454833984e+00 2.755261993408203125e+01 -1.861894726753234863e+00 4.224389553070068359e+00 -2.574935555458068848e-01 1.031568571925163269e-01 2.058128547668457031e+01
3.770540952682495117e-01 1.418622136116027832e+00 3.245994949340820312e+01 3.542188262939453125e+01 6.683391571044921875e+00 8.584614753723144531e+00 4.900445461273193359e+00 2.733168220520019531e+01 -2.013905286788940430e+00 4.231913089752197266e+00 -2.704460620880126953e-01 1.403162926435470581e-01 2.058128547668457031e+01
3.833588361740112305e-01 1.417999982833862305e+00 3.289273834228515625e+01 3.578704833984375000e+01 7.463568210601806641e+00 1.112363529205322266e+01 4.932964324951171875e+00 2.748839759826660156e+01 -2.081230163574218750e+00 4.243928432464599609e+00 -2.962728440761566162e-01 1.734757125377655029e-01 2.058128547668457031e+01
3.896513879299163818e-01 1.409644365310668945e+00 3.288123321533203125e+01 3.615964508056640625e+01 7.863488197326660156e+00 1.277214527130126953e+01 4.907027721405029297e+00 2.742692565917968750e+01 -2.209370136260986328e+00 4.172714233398437500e+00 -2.905396223068237305e-01 1.744241118431091309e-01 2.058128547668457031e+01
3.958770036697387695e-01 1.419709444046020508e+00 3.377583694458007812e+01 3.719325637817382812e+01 7.951233863830566406e+00 1.727858543395996094e+01 4.951262474060058594e+00 2.799380111694335938e+01 -2.474342346191406250e+00 4.192038059234619141e+00 -3.332026898860931396e-01 2.305119484663009644e-01 2.058128547668457031e+01
4.021010994911193848e-01 1.427966713905334473e+00 3.418307113647460938e+01 3.709962463378906250e+01 7.237121105194091797e+00 1.528615283966064453e+01 5.037569999694824219e+00 2.788087844848632812e+01 -2.562318563461303711e+00 4.177082061767578125e+00 -3.541913330554962158e-01 2.142500728368759155e-01 2.058128547668457031e+01
