# k, P_{cc}, P_{hh,r}, P_{hh,0}, P_{hh,2}, P_{hh,4}, P_{hc,r}, P_{hc,0}, P_{hc,2}, P_{hc,4}, P_pSN
#  Realization 111
8.018244989216327667e-03 4.125686645507812500e+01 3.256003723144531250e+02 3.728611755371093750e+02 -2.306866607666015625e+02 6.015425491333007812e+01 1.132089767456054688e+02 3.472431335449218750e+02 -5.337520217895507812e+01 1.218487396240234375e+02 -1.664509582519531250e+01 2.448537349700927734e+00 2.064854049682617188e+01
1.401655934751033783e-02 3.962697982788085938e+01 3.474712829589843750e+02 4.125645751953125000e+02 5.915324783325195312e+01 -1.755049743652343750e+02 1.140119552612304688e+02 3.775706176757812500e+02 2.938359417021274567e-02 1.245632553100585938e+02 -6.552159190177917480e-01 -7.456249237060546875e+00 2.064854049682617188e+01
1.969251595437526703e-02 3.992978286743164062e+01 3.609478759765625000e+02 4.463447875976562500e+02 3.821961364746093750e+02 3.432207641601562500e+02 1.171685867309570312e+02 3.998006896972656250e+02 5.100126647949218750e+01 1.304485015869140625e+02 1.764452362060546875e+01 1.002634334564208984e+01 2.064854049682617188e+01
2.551339380443096161e-02 2.984110260009765625e+01 2.440736999511718750e+02 2.917221069335937500e+02 6.904049682617187500e+01 -6.164528656005859375e+01 8.283163452148437500e+01 2.659997253417968750e+02 4.096756458282470703e+00 9.069411468505859375e+01 1.271169781684875488e+00 -1.459395051002502441e+00 2.064854049682617188e+01
3.202908113598823547e-02 2.627336692810058594e+01 2.286705169677734375e+02 2.706198120117187500e+02 3.027151298522949219e+01 -2.115039253234863281e+01 7.523127746582031250e+01 2.479158630371093750e+02 -2.524763822555541992e+00 8.167340087890625000e+01 -2.074619293212890625e+00 -7.329131364822387695e-01 2.064854049682617188e+01
3.846523538231849670e-02 2.429284286499023438e+01 2.089536895751953125e+02 2.499336395263671875e+02 5.861935424804687500e+01 -5.067695236206054688e+01 6.886859130859375000e+01 2.276973724365234375e+02 3.155142307281494141e+00 7.524458312988281250e+01 5.439368486404418945e-01 -8.215268254280090332e-01 2.064854049682617188e+01
4.443310573697090149e-02 2.108016014099121094e+01 1.874591522216796875e+02 2.249632873535156250e+02 8.074372100830078125e+01 1.591207027435302734e+01 6.023192977905273438e+01 2.044615325927734375e+02 7.257304668426513672e+00 6.614600372314453125e+01 2.901631832122802734e+00 3.505139350891113281e-01 2.064854049682617188e+01
5.042308941483497620e-02 2.005370330810546875e+01 1.726847991943359375e+02 2.096132507324218750e+02 1.067455825805664062e+02 7.913146018981933594e+00 5.620532608032226562e+01 1.892222900390625000e+02 1.194373130798339844e+01 6.197929382324218750e+01 4.075961112976074219e+00 1.450509428977966309e-01 2.064854049682617188e+01
5.690929666161537170e-02 1.789260292053222656e+01 1.622380676269531250e+02 1.945297698974609375e+02 9.121225738525390625e+01 -2.620586395263671875e+01 5.129211044311523438e+01 1.767097930908203125e+02 1.044461536407470703e+01 5.630010986328125000e+01 3.586312770843505859e+00 -5.235875844955444336e-01 2.064854049682617188e+01
6.341847032308578491e-02 1.541813468933105469e+01 1.440308532714843750e+02 1.716204071044921875e+02 6.178837203979492188e+01 1.670091056823730469e+01 4.445840454101562500e+01 1.562543792724609375e+02 5.833815097808837891e+00 4.849087905883789062e+01 1.628365278244018555e+00 3.179520964622497559e-01 2.064854049682617188e+01
6.949992477893829346e-02 1.474340343475341797e+01 1.318027648925781250e+02 1.591030731201171875e+02 6.863950347900390625e+01 -1.310661673545837402e+00 4.134738540649414062e+01 1.437139282226562500e+02 7.069949626922607422e+00 4.537028503417968750e+01 2.053384780883789062e+00 -2.808386087417602539e-01 2.064854049682617188e+01
7.558133453130722046e-02 1.294867038726806641e+01 1.211008377075195312e+02 1.439639434814453125e+02 4.130993270874023438e+01 -9.328777313232421875e+00 3.700952148437500000e+01 1.309211273193359375e+02 2.810807943344116211e+00 4.034452438354492188e+01 1.149152517318725586e+00 -2.150875180959701538e-01 2.064854049682617188e+01
8.196274191141128540e-02 1.215157413482666016e+01 1.136676940917968750e+02 1.349865570068359375e+02 3.773108673095703125e+01 2.311213302612304688e+01 3.448098373413085938e+01 1.226641464233398438e+02 2.062094211578369141e+00 3.750112915039062500e+01 6.919403076171875000e-01 5.331550836563110352e-01 2.064854049682617188e+01
8.830232173204421997e-02 1.070274543762207031e+01 1.062248077392578125e+02 1.254845886230468750e+02 3.654837417602539062e+01 1.311074066162109375e+01 3.107807731628417969e+01 1.141964645385742188e+02 2.231716871261596680e+00 3.370860671997070312e+01 9.024280309677124023e-01 3.365185260772705078e-01 2.064854049682617188e+01
9.435217082500457764e-02 9.306490898132324219e+00 9.419008636474609375e+01 1.099107360839843750e+02 2.000120735168457031e+01 5.602356910705566406e+00 2.707925033569335938e+01 1.004674301147460938e+02 1.428161710500717163e-01 2.910698318481445312e+01 1.242048293352127075e-02 1.660353839397430420e-01 2.064854049682617188e+01
1.005600690841674805e-01 8.369670867919921875e+00 8.811998748779296875e+01 1.054771881103515625e+02 4.421076202392578125e+01 -1.104246425628662109e+01 2.463954734802246094e+01 9.498804473876953125e+01 4.238974094390869141e+00 2.682079696655273438e+01 1.366374254226684570e+00 -3.791890442371368408e-01 2.064854049682617188e+01
1.070138886570930481e-01 7.786548137664794922e+00 8.104778289794921875e+01 9.568007659912109375e+01 3.031394195556640625e+01 3.859385728836059570e+00 2.265222358703613281e+01 8.660352325439453125e+01 2.081641912460327148e+00 2.439538383483886719e+01 5.673911571502685547e-01 9.021636098623275757e-02 2.064854049682617188e+01
1.134273484349250793e-01 7.291200160980224609e+00 7.909902191162109375e+01 9.432946777343750000e+01 3.362133789062500000e+01 -4.248125076293945312e+00 2.148067665100097656e+01 8.474159240722656250e+01 2.512829780578613281e+00 2.328711128234863281e+01 9.034739732742309570e-01 -8.701919019222259521e-02 2.064854049682617188e+01
1.196089535951614380e-01 6.928975105285644531e+00 7.656618499755859375e+01 8.985991668701171875e+01 2.874712944030761719e+01 -1.658689528703689575e-01 2.060010337829589844e+01 8.123726654052734375e+01 2.085839033126831055e+00 2.208801269531250000e+01 7.522642612457275391e-01 -4.746540635824203491e-02 2.064854049682617188e+01
1.257804334163665771e-01 6.428757190704345703e+00 7.129046630859375000e+01 8.300115966796875000e+01 2.573060607910156250e+01 4.936733245849609375e+00 1.899443054199218750e+01 7.522245025634765625e+01 1.863593339920043945e+00 2.027598381042480469e+01 4.216030240058898926e-01 -5.352792888879776001e-02 2.064854049682617188e+01
1.321490257978439331e-01 6.128271102905273438e+00 6.966464996337890625e+01 8.092268371582031250e+01 2.473942375183105469e+01 2.731301307678222656e+00 1.831278038024902344e+01 7.339508056640625000e+01 1.644437193870544434e+00 1.948611831665039062e+01 4.795584082603454590e-01 -4.983890801668167114e-02 2.064854049682617188e+01
1.384563297033309937e-01 5.544999599456787109e+00 6.469739532470703125e+01 7.502510833740234375e+01 2.198858642578125000e+01 1.077325057983398438e+01 1.651423645019531250e+01 6.777100372314453125e+01 1.212355494499206543e+00 1.752019691467285156e+01 3.783146440982818604e-01 2.191328406333923340e-01 2.064854049682617188e+01
1.446497291326522827e-01 5.468225955963134766e+00 6.419927978515625000e+01 7.481283569335937500e+01 2.323159408569335938e+01 -1.528503775596618652e+00 1.641660118103027344e+01 6.735356140136718750e+01 1.414410114288330078e+00 1.739385032653808594e+01 4.726825058460235596e-01 -6.208738684654235840e-02 2.064854049682617188e+01
1.508535146713256836e-01 4.985845565795898438e+00 6.216258621215820312e+01 7.228205871582031250e+01 1.617007637023925781e+01 -7.252157330513000488e-01 1.524067401885986328e+01 6.491053771972656250e+01 4.648526012897491455e-02 1.609536170959472656e+01 1.072197631001472473e-01 3.876366093754768372e-02 2.064854049682617188e+01
1.571729034185409546e-01 4.361207008361816406e+00 5.541271591186523438e+01 6.548722076416015625e+01 2.205054664611816406e+01 8.735526800155639648e-01 1.327272319793701172e+01 5.809563827514648438e+01 1.152262330055236816e+00 1.413558387756347656e+01 4.133063554763793945e-01 -4.189496114850044250e-02 2.064854049682617188e+01
1.635417938232421875e-01 4.312780380249023438e+00 5.725475311279296875e+01 6.631519317626953125e+01 1.975952148437500000e+01 -5.610100030899047852e-01 1.342536640167236328e+01 5.942148208618164062e+01 9.678899645805358887e-01 1.414691066741943359e+01 3.686177730560302734e-01 -2.262067608535289764e-02 2.064854049682617188e+01
1.698256134986877441e-01 4.018630504608154297e+00 5.360060501098632812e+01 6.194668197631835938e+01 1.452725219726562500e+01 1.140801906585693359e+00 1.240472126007080078e+01 5.526752090454101562e+01 -8.502428233623504639e-02 1.292918682098388672e+01 5.004097893834114075e-02 -6.141368299722671509e-02 2.064854049682617188e+01
1.761013567447662354e-01 3.826351404190063477e+00 5.230269622802734375e+01 6.108868789672851562e+01 2.316942977905273438e+01 4.470842838287353516e+00 1.191234111785888672e+01 5.410707473754882812e+01 1.469081163406372070e+00 1.249111270904541016e+01 4.400250911712646484e-01 8.167888969182968140e-02 2.064854049682617188e+01
1.823998540639877319e-01 3.617810010910034180e+00 5.043640518188476562e+01 5.804232025146484375e+01 1.672318267822265625e+01 -4.365293681621551514e-01 1.124866580963134766e+01 5.167150497436523438e+01 6.044014096260070801e-01 1.168271636962890625e+01 2.208355963230133057e-01 -2.752340212464332581e-02 2.064854049682617188e+01
1.886507123708724976e-01 3.526801109313964844e+00 4.861363220214843750e+01 5.629146957397460938e+01 1.667979049682617188e+01 4.681740760803222656e+00 1.085784530639648438e+01 4.968560409545898438e+01 4.342417716979980469e-01 1.127123355865478516e+01 1.385671049356460571e-01 6.351806968450546265e-02 2.064854049682617188e+01
1.949081569910049438e-01 3.332854747772216797e+00 4.759617233276367188e+01 5.515769958496093750e+01 1.586059856414794922e+01 -5.623395442962646484e-01 1.039763641357421875e+01 4.853482437133789062e+01 2.932760119438171387e-01 1.075002861022949219e+01 1.890621185302734375e-01 -3.615688905119895935e-02 2.064854049682617188e+01
2.011425346136093140e-01 3.232838153839111328e+00 4.759987640380859375e+01 5.420106887817382812e+01 1.549412536621093750e+01 2.390624761581420898e+00 1.025649452209472656e+01 4.802280426025390625e+01 4.581201672554016113e-01 1.050432395935058594e+01 2.106218934059143066e-01 6.079888343811035156e-02 2.064854049682617188e+01
2.073954045772552490e-01 3.058232784271240234e+00 4.635598754882812500e+01 5.298496246337890625e+01 1.584834480285644531e+01 -1.442805409431457520e+00 9.753801345825195312e+00 4.673112106323242188e+01 4.774233400821685791e-01 1.000777053833007812e+01 1.346223503351211548e-01 -8.153943717479705811e-02 2.064854049682617188e+01
2.137389332056045532e-01 2.891697883605957031e+00 4.528226470947265625e+01 5.129468154907226562e+01 1.331065559387207031e+01 -2.439029961824417114e-01 9.352248191833496094e+00 4.511161804199218750e+01 -1.188690438866615295e-01 9.487209320068359375e+00 3.521418198943138123e-02 -1.479963213205337524e-02 2.064854049682617188e+01
2.200330942869186401e-01 2.736317634582519531e+00 4.377851486206054688e+01 5.002730560302734375e+01 1.371771144866943359e+01 3.987997055053710938e+00 8.868691444396972656e+00 4.367609024047851562e+01 -3.550748527050018311e-02 9.001890182495117188e+00 7.264412939548492432e-02 3.429179266095161438e-02 2.064854049682617188e+01
2.262930423021316528e-01 2.607595205307006836e+00 4.263611221313476562e+01 4.929639053344726562e+01 1.489358425140380859e+01 2.608960866928100586e+00 8.515313148498535156e+00 4.260931015014648438e+01 8.272138983011245728e-02 8.669728279113769531e+00 6.029427051544189453e-02 5.414648726582527161e-02 2.064854049682617188e+01
2.325985133647918701e-01 2.478712081909179688e+00 4.091380310058593750e+01 4.650511550903320312e+01 1.149876689910888672e+01 3.205117464065551758e+00 8.061049461364746094e+00 4.033841323852539062e+01 -2.847577929496765137e-01 8.074142456054687500e+00 -1.504989992827177048e-02 4.575977474451065063e-02 2.064854049682617188e+01
2.388891130685806274e-01 2.419009685516357422e+00 4.052931594848632812e+01 4.626313018798828125e+01 1.302659893035888672e+01 2.296990305185317993e-01 7.880674362182617188e+00 3.981166076660156250e+01 -1.814959049224853516e-01 7.895818233489990234e+00 3.197307512164115906e-02 2.617822028696537018e-03 2.064854049682617188e+01
2.451218813657760620e-01 2.320392370223999023e+00 3.977750015258789062e+01 4.531687545776367188e+01 1.330655002593994141e+01 2.993803739547729492e+00 7.597311019897460938e+00 3.898079681396484375e+01 -2.943743206560611725e-02 7.553833484649658203e+00 4.288484156131744385e-02 4.529768973588943481e-02 2.064854049682617188e+01
2.513737380504608154e-01 2.259974479675292969e+00 3.969097900390625000e+01 4.514582824707031250e+01 1.138788890838623047e+01 2.353897809982299805e+00 7.484962940216064453e+00 3.872963714599609375e+01 -4.671364128589630127e-01 7.422641277313232422e+00 -6.066114455461502075e-02 3.140812739729881287e-02 2.064854049682617188e+01
2.577070593833923340e-01 2.180753946304321289e+00 3.850984573364257812e+01 4.386420059204101562e+01 1.190203285217285156e+01 3.639776706695556641e+00 7.180666923522949219e+00 3.722290420532226562e+01 -5.240948796272277832e-01 7.077733516693115234e+00 -5.367192998528480530e-02 3.369646891951560974e-02 2.064854049682617188e+01
2.640204429626464844e-01 2.105781793594360352e+00 3.834199905395507812e+01 4.327344512939453125e+01 1.151343154907226562e+01 2.917524099349975586e+00 7.026673793792724609e+00 3.690032958984375000e+01 -4.571349918842315674e-01 6.880680561065673828e+00 -2.107681147754192352e-02 3.355434164404869080e-02 2.064854049682617188e+01
2.702898085117340088e-01 2.036639690399169922e+00 3.750355148315429688e+01 4.232289886474609375e+01 1.110656356811523438e+01 1.437443852424621582e+00 6.789236068725585938e+00 3.587689208984375000e+01 -4.757569134235382080e-01 6.582816600799560547e+00 -6.334944814443588257e-02 3.120815381407737732e-02 2.064854049682617188e+01
2.765615284442901611e-01 1.961577773094177246e+00 3.676862335205078125e+01 4.142460632324218750e+01 1.053178024291992188e+01 3.625259399414062500e+00 6.587848663330078125e+00 3.487478637695312500e+01 -7.574603557586669922e-01 6.370761871337890625e+00 -1.041002050042152405e-01 2.280365861952304840e-02 2.064854049682617188e+01
2.828698754310607910e-01 1.869850754737854004e+00 3.636042022705078125e+01 4.153087615966796875e+01 1.279801368713378906e+01 -1.236834526062011719e+00 6.355620384216308594e+00 3.469039535522460938e+01 -2.474388033151626587e-01 6.201502799987792969e+00 2.310380898416042328e-02 -9.022182784974575043e-03 2.064854049682617188e+01
2.891486585140228271e-01 1.848687410354614258e+00 3.614662170410156250e+01 4.036334228515625000e+01 9.324090957641601562e+00 1.734739184379577637e+00 6.276775836944580078e+00 3.394308853149414062e+01 -8.245083093643188477e-01 6.010693550109863281e+00 -7.043665647506713867e-02 3.512767702341079712e-02 2.064854049682617188e+01
2.953523397445678711e-01 1.772143363952636719e+00 3.474328231811523438e+01 3.919105529785156250e+01 9.745181083679199219e+00 1.056408882141113281e+00 5.985273838043212891e+00 3.247705078125000000e+01 -8.396721482276916504e-01 5.732793331146240234e+00 -8.185766637325286865e-02 2.016527950763702393e-02 2.064854049682617188e+01
3.016075491905212402e-01 1.712266921997070312e+00 3.452672195434570312e+01 3.901795959472656250e+01 1.050658416748046875e+01 4.359335422515869141e+00 5.834774494171142578e+00 3.219656753540039062e+01 -7.941650748252868652e-01 5.549992084503173828e+00 -1.013204902410507202e-01 6.016925349831581116e-02 2.064854049682617188e+01
3.079382479190826416e-01 1.709423422813415527e+00 3.464309310913085938e+01 3.870512771606445312e+01 1.002632713317871094e+01 4.651326656341552734e+00 5.808878421783447266e+00 3.193883514404296875e+01 -9.049607515335083008e-01 5.482143402099609375e+00 -9.513236582279205322e-02 6.811914592981338501e-02 2.064854049682617188e+01
3.142760396003723145e-01 1.632914304733276367e+00 3.399038696289062500e+01 3.826679229736328125e+01 9.615077972412109375e+00 3.703066825866699219e+00 5.607166290283203125e+00 3.132087707519531250e+01 -1.053441166877746582e+00 5.277554988861083984e+00 -1.232383027672767639e-01 4.581802710890769958e-02 2.064854049682617188e+01
3.205462992191314697e-01 1.603093028068542480e+00 3.372167205810546875e+01 3.763766098022460938e+01 8.059295654296875000e+00 2.419018268585205078e+00 5.499968051910400391e+00 3.077833747863769531e+01 -1.267560243606567383e+00 5.133195877075195312e+00 -1.710700541734695435e-01 4.844136536121368408e-02 2.064854049682617188e+01
3.268128037452697754e-01 1.549150943756103516e+00 3.313900756835937500e+01 3.687912368774414062e+01 8.359510421752929688e+00 2.617057085037231445e+00 5.335319519042968750e+00 2.991505622863769531e+01 -1.203453898429870605e+00 4.925225257873535156e+00 -1.539977788925170898e-01 3.422975912690162659e-02 2.064854049682617188e+01
3.331238031387329102e-01 1.581904888153076172e+00 3.381542587280273438e+01 3.757785797119140625e+01 7.948284626007080078e+00 3.008383274078369141e+00 5.484935760498046875e+00 3.051339721679687500e+01 -1.333564281463623047e+00 5.054560661315917969e+00 -1.873284578323364258e-01 5.788002163171768188e-02 2.064854049682617188e+01
3.394046723842620850e-01 1.507332444190979004e+00 3.295967483520507812e+01 3.671087646484375000e+01 9.273420333862304688e+00 3.264428853988647461e+00 5.219483375549316406e+00 2.952391052246093750e+01 -1.223629832267761230e+00 4.757059097290039062e+00 -1.508497297763824463e-01 6.600217521190643311e-02 2.064854049682617188e+01
3.456391692161560059e-01 1.469079017639160156e+00 3.225089263916015625e+01 3.593211364746093750e+01 8.480325698852539062e+00 3.877921581268310547e+00 5.092508792877197266e+00 2.862652969360351562e+01 -1.289516806602478027e+00 4.617937564849853516e+00 -1.596978902816772461e-01 7.248875498771667480e-02 2.064854049682617188e+01
3.518808186054229736e-01 1.454440236091613770e+00 3.248181915283203125e+01 3.588817596435546875e+01 7.142172336578369141e+00 4.367488861083984375e+00 5.052523136138916016e+00 2.857007789611816406e+01 -1.619449138641357422e+00 4.552925109863281250e+00 -2.164139896631240845e-01 8.531726151704788208e-02 2.064854049682617188e+01
3.582032322883605957e-01 1.445341348648071289e+00 3.265467834472656250e+01 3.608394622802734375e+01 7.423172473907470703e+00 4.782104969024658203e+00 5.034706592559814453e+00 2.857057762145996094e+01 -1.581328034400939941e+00 4.501384258270263672e+00 -2.071905136108398438e-01 1.052248477935791016e-01 2.064854049682617188e+01
3.645117878913879395e-01 1.440452218055725098e+00 3.212768173217773438e+01 3.508916854858398438e+01 6.923580646514892578e+00 6.667684078216552734e+00 4.945211410522460938e+00 2.772546958923339844e+01 -1.700086236000061035e+00 4.357270717620849609e+00 -2.407757788896560669e-01 1.220373809337615967e-01 2.064854049682617188e+01
3.707640767097473145e-01 1.414651870727539062e+00 3.208507919311523438e+01 3.560958862304687500e+01 7.824361801147460938e+00 6.785291194915771484e+00 4.873399257659912109e+00 2.773381805419921875e+01 -1.752499461174011230e+00 4.306782245635986328e+00 -2.465402036905288696e-01 1.038166433572769165e-01 2.064854049682617188e+01
3.770540952682495117e-01 1.397311687469482422e+00 3.240007400512695312e+01 3.564029693603515625e+01 7.794491767883300781e+00 8.913766860961914062e+00 4.864920616149902344e+00 2.777136611938476562e+01 -1.753537535667419434e+00 4.265140533447265625e+00 -2.217165380716323853e-01 1.367779374122619629e-01 2.064854049682617188e+01
3.833588361740112305e-01 1.401915192604064941e+00 3.260131835937500000e+01 3.597551345825195312e+01 7.556878566741943359e+00 1.113430881500244141e+01 4.899475097656250000e+00 2.765344810485839844e+01 -2.045778036117553711e+00 4.257807254791259766e+00 -2.538774013519287109e-01 1.766481399536132812e-01 2.064854049682617188e+01
3.896513879299163818e-01 1.406929731369018555e+00 3.320517349243164062e+01 3.659449768066406250e+01 7.920339107513427734e+00 1.374182224273681641e+01 4.920266628265380859e+00 2.795199775695800781e+01 -2.238744974136352539e+00 4.215362548828125000e+00 -2.875701785087585449e-01 1.777880489826202393e-01 2.064854049682617188e+01
3.958770036697387695e-01 1.425560235977172852e+00 3.408301162719726562e+01 3.714990997314453125e+01 7.222815990447998047e+00 1.635702514648437500e+01 5.011970520019531250e+00 2.844975852966308594e+01 -2.345602989196777344e+00 4.274918079376220703e+00 -3.286786973476409912e-01 2.089830040931701660e-01 2.064854049682617188e+01
4.021010994911193848e-01 1.433068513870239258e+00 3.451066207885742188e+01 3.777428054809570312e+01 6.864725589752197266e+00 1.730327796936035156e+01 5.065574169158935547e+00 2.886126518249511719e+01 -2.478069067001342773e+00 4.339325904846191406e+00 -3.222443461418151855e-01 2.482897788286209106e-01 2.064854049682617188e+01
