# k, P_{cc}, P_{hh,r}, P_{hh,0}, P_{hh,2}, P_{hh,4}, P_{hc,r}, P_{hc,0}, P_{hc,2}, P_{hc,4}, P_pSN
#  Realization 171
8.018244989216327667e-03 2.755636215209960938e+01 2.512690429687500000e+02 2.806301574707031250e+02 -2.193100891113281250e+02 6.403762207031250000e+02 7.990452575683593750e+01 2.644212646484375000e+02 -5.307228088378906250e+01 8.508123016357421875e+01 -1.491977977752685547e+01 2.024902343750000000e+01 2.061285591125488281e+01
1.401655934751033783e-02 3.824484634399414062e+01 3.151150817871093750e+02 3.829439697265625000e+02 1.602841339111328125e+02 -1.203300762176513672e+01 1.076139984130859375e+02 3.461859741210937500e+02 1.609349441528320312e+01 1.184715576171875000e+02 4.785245895385742188e+00 -1.501604765653610229e-01 2.061285591125488281e+01
1.969251595437526703e-02 4.087280273437500000e+01 3.350758361816406250e+02 3.955782165527343750e+02 -3.891527557373046875e+01 1.752871322631835938e+01 1.140997085571289062e+02 3.626663513183593750e+02 -2.069679450988769531e+01 1.242222900390625000e+02 -5.510833263397216797e+00 1.495395302772521973e+00 2.061285591125488281e+01
2.551339380443096161e-02 3.260746002197265625e+01 2.803825683593750000e+02 3.338493957519531250e+02 -2.350330501794815063e-01 1.088535079956054688e+02 9.322196197509765625e+01 3.046169128417968750e+02 -1.266828250885009766e+01 1.019902648925781250e+02 -2.247273206710815430e+00 4.648151874542236328e+00 2.061285591125488281e+01
3.202908113598823547e-02 2.915122604370117188e+01 2.558009185791015625e+02 3.128708496093750000e+02 1.471439361572265625e+02 2.066277122497558594e+01 8.417002868652343750e+01 2.817436828613281250e+02 1.546955013275146484e+01 9.320252227783203125e+01 6.025846004486083984e+00 1.793235540390014648e-01 2.061285591125488281e+01
3.846523538231849670e-02 2.393551635742187500e+01 1.943545684814453125e+02 2.347385559082031250e+02 5.174195480346679688e+01 3.371572875976562500e+01 6.559902191162109375e+01 2.125120086669921875e+02 9.745174646377563477e-01 7.220018768310546875e+01 3.078717589378356934e-01 2.736623287200927734e-01 2.061285591125488281e+01
4.443310573697090149e-02 2.053635406494140625e+01 1.764844665527343750e+02 2.077959747314453125e+02 1.342587375640869141e+01 3.871437454223632812e+01 5.738751220703125000e+01 1.906410522460937500e+02 -4.311076164245605469e+00 6.236673736572265625e+01 -1.409961223602294922e+00 1.204738259315490723e+00 2.061285591125488281e+01
5.042308941483497620e-02 1.816470909118652344e+01 1.592891998291015625e+02 1.912132415771484375e+02 1.044918365478515625e+02 3.573872566223144531e+00 5.105411911010742188e+01 1.736992340087890625e+02 1.317151641845703125e+01 5.600590896606445312e+01 3.854383468627929688e+00 -9.973280876874923706e-02 2.061285591125488281e+01
5.690929666161537170e-02 1.716539955139160156e+01 1.516868743896484375e+02 1.797187652587890625e+02 3.812857055664062500e+01 -1.872670936584472656e+01 4.830084228515625000e+01 1.641657257080078125e+02 1.307047367095947266e+00 5.263441467285156250e+01 3.567525446414947510e-01 -5.233657360076904297e-01 2.061285591125488281e+01
6.341847032308578491e-02 1.648929595947265625e+01 1.479050292968750000e+02 1.763262481689453125e+02 4.420861053466796875e+01 -1.244771766662597656e+01 4.684724426269531250e+01 1.604468841552734375e+02 2.504733324050903320e+00 5.112164306640625000e+01 9.077515006065368652e-01 -3.057075440883636475e-01 2.061285591125488281e+01
6.949992477893829346e-02 1.445968627929687500e+01 1.334365692138671875e+02 1.604016265869140625e+02 7.739475250244140625e+01 -4.960700511932373047e+00 4.122706222534179688e+01 1.452021789550781250e+02 8.589334487915039062e+00 4.523648452758789062e+01 2.999455213546752930e+00 -9.430792927742004395e-02 2.061285591125488281e+01
7.558133453130722046e-02 1.439095783233642578e+01 1.340268402099609375e+02 1.594641265869140625e+02 5.189465713500976562e+01 -1.048016071319580078e+01 4.120816802978515625e+01 1.450220794677734375e+02 4.282314300537109375e+00 4.490554809570312500e+01 1.479498028755187988e+00 -6.037008762359619141e-01 2.061285591125488281e+01
8.196274191141128540e-02 1.176258945465087891e+01 1.146276397705078125e+02 1.350253448486328125e+02 4.023490524291992188e+01 2.481124877929687500e+01 3.410821151733398438e+01 1.232743759155273438e+02 3.002363920211791992e+00 3.697209930419921875e+01 1.130947351455688477e+00 7.882695198059082031e-01 2.061285591125488281e+01
8.830232173204421997e-02 1.065461635589599609e+01 1.032408218383789062e+02 1.230837631225585938e+02 3.995531463623046875e+01 1.198927783966064453e+01 3.056768417358398438e+01 1.114996948242187500e+02 2.979378461837768555e+00 3.323181152343750000e+01 7.984897494316101074e-01 2.196880280971527100e-01 2.061285591125488281e+01
9.435217082500457764e-02 9.235407829284667969e+00 9.382806396484375000e+01 1.095464859008789062e+02 3.281233596801757812e+01 1.120446205139160156e+01 2.684334945678710938e+01 1.001020355224609375e+02 2.367026567459106445e+00 2.885100936889648438e+01 7.916660904884338379e-01 3.287979066371917725e-01 2.061285591125488281e+01
1.005600690841674805e-01 8.615361213684082031e+00 8.991362762451171875e+01 1.055083084106445312e+02 2.290832328796386719e+01 2.427615642547607422e+00 2.531198120117187500e+01 9.603135681152343750e+01 5.015417933464050293e-01 2.726753425598144531e+01 1.888764947652816772e-01 -4.072337225079536438e-02 2.061285591125488281e+01
1.070138886570930481e-01 8.277331352233886719e+00 8.589733123779296875e+01 1.020163574218750000e+02 3.016414642333984375e+01 1.858430671691894531e+01 2.400138854980468750e+01 9.209143066406250000e+01 1.668607831001281738e+00 2.598198318481445312e+01 6.756455898284912109e-01 4.674744307994842529e-01 2.061285591125488281e+01
1.134273484349250793e-01 7.504734992980957031e+00 8.145481872558593750e+01 9.561499023437500000e+01 2.386248016357421875e+01 9.810341835021972656e+00 2.228018379211425781e+01 8.666836547851562500e+01 8.109275102615356445e-01 2.394930648803710938e+01 3.883398473262786865e-01 1.967009454965591431e-01 2.061285591125488281e+01
1.196089535951614380e-01 6.843699932098388672e+00 7.501519012451171875e+01 8.763447570800781250e+01 2.069696807861328125e+01 5.183145999908447266e+00 2.014543724060058594e+01 7.947341156005859375e+01 5.855072736740112305e-01 2.156515121459960938e+01 2.651613950729370117e-01 5.939702317118644714e-02 2.061285591125488281e+01
1.257804334163665771e-01 6.634921550750732422e+00 7.431083679199218750e+01 8.717889404296875000e+01 2.157655334472656250e+01 -3.525925636291503906e+00 1.980756950378417969e+01 7.875121307373046875e+01 7.561169266700744629e-01 2.118910026550292969e+01 3.138745725154876709e-01 -1.805577874183654785e-01 2.061285591125488281e+01
1.321490257978439331e-01 6.320793628692626953e+00 7.070097351074218750e+01 8.297248840332031250e+01 2.885316085815429688e+01 -1.584132075309753418e+00 1.869016075134277344e+01 7.481441497802734375e+01 2.346353292465209961e+00 1.995446395874023438e+01 6.895046830177307129e-01 3.857700899243354797e-02 2.061285591125488281e+01
1.384563297033309937e-01 5.828311920166015625e+00 6.638676452636718750e+01 7.761701965332031250e+01 2.306274032592773438e+01 9.352331161499023438e+00 1.725894165039062500e+01 6.986647796630859375e+01 1.063572525978088379e+00 1.838014793395996094e+01 3.487827479839324951e-01 1.743655651807785034e-01 2.061285591125488281e+01
1.446497291326522827e-01 5.437314033508300781e+00 6.521306610107421875e+01 7.592595672607421875e+01 2.097616004943847656e+01 5.340375423431396484e+00 1.640064239501953125e+01 6.852309417724609375e+01 8.772218823432922363e-01 1.746934700012207031e+01 3.162117600440979004e-01 4.750718548893928528e-02 2.061285591125488281e+01
1.508535146713256836e-01 4.975960731506347656e+00 6.007498550415039062e+01 7.006210327148437500e+01 2.572141456604003906e+01 1.779569029808044434e+00 1.490089416503906250e+01 6.281251525878906250e+01 2.045124530792236328e+00 1.580084133148193359e+01 5.829073786735534668e-01 3.535838425159454346e-02 2.061285591125488281e+01
1.571729034185409546e-01 4.586279869079589844e+00 5.784017181396484375e+01 6.756978607177734375e+01 1.942363166809082031e+01 6.869921684265136719e+00 1.395926380157470703e+01 6.036775970458984375e+01 7.401013374328613281e-01 1.474198722839355469e+01 2.610243558883666992e-01 9.128112345933914185e-02 2.061285591125488281e+01
1.635417938232421875e-01 4.280299663543701172e+00 5.564341354370117188e+01 6.477317810058593750e+01 1.617411422729492188e+01 4.027379512786865234e+00 1.316196346282958984e+01 5.780063629150390625e+01 1.454070955514907837e-01 1.387445640563964844e+01 5.694053694605827332e-02 5.808334052562713623e-02 2.061285591125488281e+01
1.698256134986877441e-01 4.008752822875976562e+00 5.368714141845703125e+01 6.255994415283203125e+01 1.550429630279541016e+01 -2.271102666854858398e+00 1.239714050292968750e+01 5.555160140991210938e+01 1.175531819462776184e-01 1.302185630798339844e+01 1.023937016725540161e-01 -1.031877323985099792e-01 2.061285591125488281e+01
1.761013567447662354e-01 3.757688522338867188e+00 5.097417068481445312e+01 5.914983749389648438e+01 1.799947166442871094e+01 3.312827110290527344e+00 1.157555198669433594e+01 5.253971481323242188e+01 7.361280918121337891e-01 1.214012336730957031e+01 3.071194291114807129e-01 7.831845432519912720e-02 2.061285591125488281e+01
1.823998540639877319e-01 3.672352075576782227e+00 5.094041442871093750e+01 5.911317443847656250e+01 1.682389259338378906e+01 3.026260137557983398e-01 1.143439197540283203e+01 5.233021545410156250e+01 4.710735976696014404e-01 1.197315883636474609e+01 1.621235758066177368e-01 -3.672245144844055176e-02 2.061285591125488281e+01
1.886507123708724976e-01 3.536844253540039062e+00 4.993888854980468750e+01 5.759371948242187500e+01 1.810921669006347656e+01 4.440748691558837891e+00 1.113098430633544922e+01 5.100888442993164062e+01 7.128964662551879883e-01 1.151438617706298828e+01 2.043592780828475952e-01 3.434593975543975830e-02 2.061285591125488281e+01
1.949081569910049438e-01 3.404905080795288086e+00 4.841023254394531250e+01 5.608062362670898438e+01 1.491593074798583984e+01 3.216063499450683594e+00 1.058385276794433594e+01 4.936480712890625000e+01 7.514385879039764404e-02 1.095546054840087891e+01 1.003548800945281982e-01 4.827613756060600281e-02 2.061285591125488281e+01
2.011425346136093140e-01 3.262766599655151367e+00 4.835250091552734375e+01 5.558026885986328125e+01 1.770907592773437500e+01 5.698558807373046875e+00 1.041583728790283203e+01 4.896653366088867188e+01 6.852653026580810547e-01 1.070664405822753906e+01 1.794011592864990234e-01 1.088674068450927734e-01 2.061285591125488281e+01
2.073954045772552490e-01 3.101543903350830078e+00 4.630823516845703125e+01 5.286280441284179688e+01 1.495384693145751953e+01 3.721022605895996094e+00 9.881039619445800781e+00 4.645905685424804688e+01 1.987479776144027710e-01 1.007410430908203125e+01 9.380576014518737793e-02 6.679031252861022949e-02 2.061285591125488281e+01
2.137389332056045532e-01 2.915593862533569336e+00 4.564290237426757812e+01 5.238319778442382812e+01 1.487980651855468750e+01 5.866750717163085938e+00 9.377251625061035156e+00 4.583612823486328125e+01 -1.197175588458776474e-02 9.596669197082519531e+00 7.960522919893264771e-02 8.705402165651321411e-02 2.061285591125488281e+01
2.200330942869186401e-01 2.791968822479248047e+00 4.412780761718750000e+01 5.150094223022460938e+01 1.527518272399902344e+01 6.388930320739746094e+00 8.986035346984863281e+00 4.448283386230468750e+01 -4.976556077599525452e-02 9.223137855529785156e+00 6.901174038648605347e-02 8.274288475513458252e-02 2.061285591125488281e+01
2.262930423021316528e-01 2.636120319366455078e+00 4.259196472167968750e+01 4.913673019409179688e+01 1.449071407318115234e+01 9.413237571716308594e-01 8.536849975585937500e+00 4.248796081542968750e+01 6.842023693025112152e-03 8.675486564636230469e+00 4.901568964123725891e-02 -5.408190656453371048e-03 2.061285591125488281e+01
2.325985133647918701e-01 2.551110744476318359e+00 4.201409149169921875e+01 4.818960571289062500e+01 1.405531215667724609e+01 7.735392570495605469e+00 8.255572319030761719e+00 4.163990020751953125e+01 -1.531066447496414185e-01 8.327651023864746094e+00 5.234422162175178528e-02 1.156806945800781250e-01 2.061285591125488281e+01
2.388891130685806274e-01 2.379803419113159180e+00 4.102518463134765625e+01 4.676970672607421875e+01 1.360480213165283203e+01 2.726821660995483398e+00 7.833479881286621094e+00 4.044580459594726562e+01 -3.062972426414489746e-02 7.852739334106445312e+00 4.004296287894248962e-02 4.321466386318206787e-02 2.061285591125488281e+01
2.451218813657760620e-01 2.308745384216308594e+00 3.959757995605468750e+01 4.534988784790039062e+01 1.269747924804687500e+01 3.016414165496826172e+00 7.563982009887695312e+00 3.877619552612304688e+01 -3.559929728507995605e-01 7.539608955383300781e+00 -3.397056832909584045e-02 2.955097518861293793e-02 2.061285591125488281e+01
2.513737380504608154e-01 2.268060445785522461e+00 3.945714569091796875e+01 4.465451431274414062e+01 1.087892723083496094e+01 3.046361923217773438e+00 7.472870826721191406e+00 3.840494155883789062e+01 -4.783227443695068359e-01 7.431316375732421875e+00 -3.703280910849571228e-02 9.255283325910568237e-02 2.061285591125488281e+01
2.577070593833923340e-01 2.184614896774291992e+00 3.880608749389648438e+01 4.424919509887695312e+01 1.125145244598388672e+01 3.070568084716796875e+00 7.253916263580322266e+00 3.770270538330078125e+01 -5.043956637382507324e-01 7.204470157623291016e+00 -3.934582695364952087e-02 4.136253520846366882e-02 2.061285591125488281e+01
2.640204429626464844e-01 2.095474958419799805e+00 3.783358001708984375e+01 4.285887527465820312e+01 1.231967830657958984e+01 1.605318427085876465e+00 6.953931331634521484e+00 3.646530532836914062e+01 -2.732629776000976562e-01 6.808174133300781250e+00 1.944908685982227325e-02 5.883076228201389313e-03 2.061285591125488281e+01
2.702898085117340088e-01 2.036803007125854492e+00 3.745753479003906250e+01 4.273256683349609375e+01 1.132319450378417969e+01 2.991718053817749023e+00 6.803715705871582031e+00 3.599661636352539062e+01 -6.479293704032897949e-01 6.679029941558837891e+00 -6.293021887540817261e-02 4.183120280504226685e-02 2.061285591125488281e+01
2.765615284442901611e-01 1.969022274017333984e+00 3.672169876098632812e+01 4.142461395263671875e+01 9.391427993774414062e+00 1.372674465179443359e+00 6.606401443481445312e+00 3.499988174438476562e+01 -7.496070861816406250e-01 6.427453994750976562e+00 -8.519262820482254028e-02 3.116005845367908478e-02 2.061285591125488281e+01
2.828698754310607910e-01 1.908915638923645020e+00 3.673455429077148438e+01 4.156284332275390625e+01 1.191188335418701172e+01 2.284689426422119141e+00 6.467831611633300781e+00 3.484919738769531250e+01 -4.694586396217346191e-01 6.255211353302001953e+00 -1.786537468433380127e-02 4.753890633583068848e-02 2.061285591125488281e+01
2.891486585140228271e-01 1.822339415550231934e+00 3.465433120727539062e+01 3.924806976318359375e+01 1.163204669952392578e+01 4.589111328125000000e+00 6.074295520782470703e+00 3.265882873535156250e+01 -4.882131814956665039e-01 5.824301242828369141e+00 -5.281423032283782959e-02 7.388485223054885864e-02 2.061285591125488281e+01
2.953523397445678711e-01 1.786647915840148926e+00 3.499424743652343750e+01 3.956691741943359375e+01 9.661039352416992188e+00 3.475602388381958008e+00 6.045000553131103516e+00 3.285009765625000000e+01 -9.522042274475097656e-01 5.802646636962890625e+00 -1.220244318246841431e-01 4.869313910603523254e-02 2.061285591125488281e+01
3.016075491905212402e-01 1.728017568588256836e+00 3.428170776367187500e+01 3.912961578369140625e+01 1.068505477905273438e+01 4.259188175201416016e+00 5.848626613616943359e+00 3.213431930541992188e+01 -8.018176555633544922e-01 5.611285686492919922e+00 -8.953662216663360596e-02 6.832672655582427979e-02 2.061285591125488281e+01
3.079382479190826416e-01 1.670371294021606445e+00 3.419108963012695312e+01 3.872238540649414062e+01 9.738690376281738281e+00 2.476666212081909180e+00 5.693343162536621094e+00 3.175642013549804688e+01 -1.005768299102783203e+00 5.398424625396728516e+00 -1.148475185036659241e-01 1.079813763499259949e-02 2.061285591125488281e+01
3.142760396003723145e-01 1.655661106109619141e+00 3.425116729736328125e+01 3.842827224731445312e+01 8.706148147583007812e+00 2.631017923355102539e+00 5.688751220703125000e+00 3.153814888000488281e+01 -1.096875429153442383e+00 5.335176944732666016e+00 -1.244493722915649414e-01 3.979378193616867065e-02 2.061285591125488281e+01
3.205462992191314697e-01 1.584206104278564453e+00 3.348749160766601562e+01 3.726302719116210938e+01 7.055253028869628906e+00 2.109513282775878906e+00 5.490885734558105469e+00 3.047494316101074219e+01 -1.384324193000793457e+00 5.077766418457031250e+00 -1.988484710454940796e-01 4.663226380944252014e-02 2.061285591125488281e+01
3.268128037452697754e-01 1.584330916404724121e+00 3.321126937866210938e+01 3.729112243652343750e+01 9.429404258728027344e+00 4.049934387207031250e+00 5.421730041503906250e+00 3.020256614685058594e+01 -1.178107500076293945e+00 5.054574012756347656e+00 -1.536646187305450439e-01 4.451125860214233398e-02 2.061285591125488281e+01
3.331238031387329102e-01 1.546048283576965332e+00 3.304754257202148438e+01 3.693794250488281250e+01 9.511053085327148438e+00 4.702618122100830078e+00 5.319624423980712891e+00 2.983362007141113281e+01 -1.094447731971740723e+00 4.917585372924804688e+00 -1.184948608279228210e-01 8.502417057752609253e-02 2.061285591125488281e+01
3.394046723842620850e-01 1.530223846435546875e+00 3.292157745361328125e+01 3.644428634643554688e+01 7.669385910034179688e+00 3.558442354202270508e+00 5.260358810424804688e+00 2.945406532287597656e+01 -1.307193756103515625e+00 4.811385154724121094e+00 -1.955460458993911743e-01 9.044674038887023926e-02 2.061285591125488281e+01
3.456391692161560059e-01 1.494022250175476074e+00 3.256238937377929688e+01 3.593115615844726562e+01 7.689364910125732422e+00 4.588854789733886719e+00 5.164710044860839844e+00 2.877018928527832031e+01 -1.497962713241577148e+00 4.659550189971923828e+00 -2.100790143013000488e-01 7.497893273830413818e-02 2.061285591125488281e+01
3.518808186054229736e-01 1.455401897430419922e+00 3.203154373168945312e+01 3.575054931640625000e+01 8.334486961364746094e+00 4.919341087341308594e+00 4.997425079345703125e+00 2.830860900878906250e+01 -1.471413969993591309e+00 4.527848243713378906e+00 -1.911443620920181274e-01 8.514940738677978516e-02 2.061285591125488281e+01
3.582032322883605957e-01 1.452528357505798340e+00 3.206697845458984375e+01 3.579225540161132812e+01 9.019174575805664062e+00 6.151370048522949219e+00 5.001548290252685547e+00 2.810589790344238281e+01 -1.413960576057434082e+00 4.483573436737060547e+00 -2.021819353103637695e-01 8.465676754713058472e-02 2.061285591125488281e+01
3.645117878913879395e-01 1.433463335037231445e+00 3.211436462402343750e+01 3.552970886230468750e+01 8.114001274108886719e+00 6.614390850067138672e+00 4.950146675109863281e+00 2.801787757873535156e+01 -1.516384840011596680e+00 4.421454429626464844e+00 -2.022058069705963135e-01 1.060703396797180176e-01 2.061285591125488281e+01
3.707640767097473145e-01 1.412138342857360840e+00 3.246359252929687500e+01 3.561413192749023438e+01 7.910804748535156250e+00 6.356035709381103516e+00 4.918307304382324219e+00 2.798807144165039062e+01 -1.628117561340332031e+00 4.341974258422851562e+00 -2.007924169301986694e-01 9.606036543846130371e-02 2.061285591125488281e+01
3.770540952682495117e-01 1.394673466682434082e+00 3.230639648437500000e+01 3.555926513671875000e+01 7.666188716888427734e+00 8.172697067260742188e+00 4.837957859039306641e+00 2.757153701782226562e+01 -1.841617465019226074e+00 4.229400634765625000e+00 -2.496940791606903076e-01 1.187495663762092590e-01 2.061285591125488281e+01
3.833588361740112305e-01 1.396622061729431152e+00 3.237656021118164062e+01 3.548574447631835938e+01 6.507732868194580078e+00 1.038561820983886719e+01 4.839735984802246094e+00 2.752532958984375000e+01 -2.027891874313354492e+00 4.184657573699951172e+00 -2.801654636859893799e-01 1.537345647811889648e-01 2.061285591125488281e+01
3.896513879299163818e-01 1.428982377052307129e+00 3.350617980957031250e+01 3.666469573974609375e+01 7.597858428955078125e+00 1.354318904876708984e+01 5.011551856994628906e+00 2.831533432006835938e+01 -2.108337163925170898e+00 4.312526226043701172e+00 -3.067747950553894043e-01 1.760975569486618042e-01 2.061285591125488281e+01
3.958770036697387695e-01 1.427273631095886230e+00 3.383028030395507812e+01 3.700748825073242188e+01 7.439249038696289062e+00 1.540597343444824219e+01 4.993137836456298828e+00 2.841951179504394531e+01 -2.223827838897705078e+00 4.270740032196044922e+00 -3.214980661869049072e-01 2.104574888944625854e-01 2.061285591125488281e+01
4.021010994911193848e-01 1.423016071319580078e+00 3.423996353149414062e+01 3.747507095336914062e+01 6.696366786956787109e+00 1.742994880676269531e+01 5.005887031555175781e+00 2.840586853027343750e+01 -2.677908658981323242e+00 4.226408004760742188e+00 -3.489827513694763184e-01 2.188612222671508789e-01 2.061285591125488281e+01
