# k, P_{cc}, P_{hh,r}, P_{hh,0}, P_{hh,2}, P_{hh,4}, P_{hc,r}, P_{hc,0}, P_{hc,2}, P_{hc,4}, P_pSN
#  Realization 109
8.018244989216327667e-03 4.135127258300781250e+01 3.863952026367187500e+02 5.047301940917968750e+02 8.171594238281250000e+02 6.686829833984375000e+02 1.232247467041015625e+02 4.400602416992187500e+02 1.238930664062500000e+02 1.408572235107421875e+02 4.137244796752929688e+01 1.541071128845214844e+01 2.062994384765625000e+01
1.401655934751033783e-02 3.328262329101562500e+01 2.725842285156250000e+02 3.375311584472656250e+02 2.536664581298828125e+02 7.043765544891357422e+00 9.204828643798828125e+01 3.023542785644531250e+02 3.460319519042968750e+01 1.022541961669921875e+02 1.005752277374267578e+01 -1.439547896385192871e+00 2.062994384765625000e+01
1.969251595437526703e-02 3.646240234375000000e+01 2.995964050292968750e+02 3.492063598632812500e+02 -2.879469490051269531e+01 5.507671356201171875e+01 1.020091552734375000e+02 3.225205688476562500e+02 -1.533351707458496094e+01 1.100232849121093750e+02 -6.867275714874267578e+00 1.715147137641906738e+00 2.062994384765625000e+01
2.551339380443096161e-02 2.731536674499511719e+01 2.321348876953125000e+02 2.777096252441406250e+02 2.232789421081542969e+01 -1.212632217407226562e+02 7.660856628417968750e+01 2.529685058593750000e+02 -4.325130939483642578e+00 8.415178680419921875e+01 -6.239510178565979004e-01 -4.016925811767578125e+00 2.062994384765625000e+01
3.202908113598823547e-02 2.976821899414062500e+01 2.404900817871093750e+02 2.917312011718750000e+02 1.048966369628906250e+02 -1.188773727416992188e+01 8.216797637939453125e+01 2.637827453613281250e+02 8.986507415771484375e+00 9.066685485839843750e+01 4.045151710510253906e+00 -2.669316828250885010e-01 2.062994384765625000e+01
3.846523538231849670e-02 2.317588806152343750e+01 2.079986267089843750e+02 2.484945678710937500e+02 5.891342926025390625e+01 -9.616464996337890625e+01 6.688990020751953125e+01 2.264458312988281250e+02 3.587170362472534180e+00 7.331149291992187500e+01 1.376358151435852051e+00 -2.945562362670898438e+00 2.062994384765625000e+01
4.443310573697090149e-02 2.071497726440429688e+01 1.747027282714843750e+02 2.098188476562500000e+02 8.762866210937500000e+01 1.565097999572753906e+01 5.783448791503906250e+01 1.905516357421875000e+02 8.978099822998046875e+00 6.343201828002929688e+01 3.097320556640625000e+00 7.411730289459228516e-01 2.062994384765625000e+01
5.042308941483497620e-02 1.942298889160156250e+01 1.709326629638671875e+02 2.052742156982421875e+02 8.048064422607421875e+01 -4.728285217285156250e+01 5.499966812133789062e+01 1.863311920166015625e+02 8.090196609497070312e+00 6.022056961059570312e+01 2.462393522262573242e+00 -1.954933524131774902e+00 2.062994384765625000e+01
5.690929666161537170e-02 1.738939094543457031e+01 1.546317749023437500e+02 1.841435089111328125e+02 6.982566070556640625e+01 -6.538887619972229004e-01 4.936737442016601562e+01 1.677460937500000000e+02 6.881823062896728516e+00 5.386101531982421875e+01 2.014296054840087891e+00 -2.694905996322631836e-01 2.062994384765625000e+01
6.341847032308578491e-02 1.554551219940185547e+01 1.384876861572265625e+02 1.638068847656250000e+02 4.647336196899414062e+01 -3.039965820312500000e+01 4.374671173095703125e+01 1.496392517089843750e+02 3.793937921524047852e+00 4.758871841430664062e+01 1.044268727302551270e+00 -1.174245357513427734e+00 2.062994384765625000e+01
6.949992477893829346e-02 1.487494182586669922e+01 1.332152404785156250e+02 1.565506896972656250e+02 4.640619659423828125e+01 -1.708498573303222656e+01 4.186922454833984375e+01 1.433462066650390625e+02 3.921479463577270508e+00 4.531344985961914062e+01 9.314336180686950684e-01 -5.767115354537963867e-01 2.062994384765625000e+01
7.558133453130722046e-02 1.397607326507568359e+01 1.266975784301757812e+02 1.519831390380859375e+02 5.849477767944335938e+01 -3.338035964965820312e+01 3.944438934326171875e+01 1.376326904296875000e+02 5.874048709869384766e+00 4.317236328125000000e+01 1.939533591270446777e+00 -1.139299154281616211e+00 2.062994384765625000e+01
8.196274191141128540e-02 1.190340995788574219e+01 1.125000457763671875e+02 1.331975250244140625e+02 4.871193313598632812e+01 -1.026208400726318359e+01 3.391723251342773438e+01 1.211153869628906250e+02 4.721754074096679688e+00 3.677830123901367188e+01 1.369345784187316895e+00 -3.815862238407135010e-01 2.062994384765625000e+01
8.830232173204421997e-02 1.069641208648681641e+01 1.051823577880859375e+02 1.243192214965820312e+02 4.216358184814453125e+01 -2.635059595108032227e+00 3.096491432189941406e+01 1.130401535034179688e+02 3.562287807464599609e+00 3.349860000610351562e+01 1.155809044837951660e+00 -2.979722619056701660e-01 2.062994384765625000e+01
9.435217082500457764e-02 9.676019668579101562e+00 9.635849761962890625e+01 1.155905303955078125e+02 5.451669311523437500e+01 -1.738284468650817871e+00 2.790384864807128906e+01 1.041650772094726562e+02 6.025846004486083984e+00 3.040347480773925781e+01 1.720840215682983398e+00 -2.995460331439971924e-01 2.062994384765625000e+01
1.005600690841674805e-01 8.446575164794921875e+00 8.765338134765625000e+01 1.034549789428710938e+02 2.695512199401855469e+01 -1.422163963317871094e+01 2.470553588867187500e+01 9.374898529052734375e+01 1.363184690475463867e+00 2.667200088500976562e+01 5.001384019851684570e-01 -4.891024529933929443e-01 2.062994384765625000e+01
1.070138886570930481e-01 7.870923519134521484e+00 8.281756591796875000e+01 9.901332855224609375e+01 3.254478454589843750e+01 9.618056297302246094e+00 2.299792289733886719e+01 8.889038848876953125e+01 1.936240553855895996e+00 2.502599334716796875e+01 8.006516695022583008e-01 2.537882626056671143e-01 2.062994384765625000e+01
1.134273484349250793e-01 7.372771263122558594e+00 8.105680084228515625e+01 9.509424591064453125e+01 2.964077186584472656e+01 1.141604518890380859e+01 2.185818672180175781e+01 8.614910888671875000e+01 1.939000606536865234e+00 2.346404266357421875e+01 7.190526127815246582e-01 2.119722068309783936e-01 2.062994384765625000e+01
1.196089535951614380e-01 6.745612144470214844e+00 7.549981689453125000e+01 8.882533264160156250e+01 2.687613105773925781e+01 5.743183612823486328e+00 2.008402633666992188e+01 8.012404632568359375e+01 1.495214104652404785e+00 2.157445526123046875e+01 5.957295894622802734e-01 -1.349799614399671555e-02 2.062994384765625000e+01
1.257804334163665771e-01 6.515295982360839844e+00 7.295886993408203125e+01 8.529177856445312500e+01 2.315872764587402344e+01 -2.901304066181182861e-01 1.931600570678710938e+01 7.705130767822265625e+01 1.110929489135742188e+00 2.058286857604980469e+01 3.815961480140686035e-01 -6.778579205274581909e-02 2.062994384765625000e+01
1.321490257978439331e-01 6.206307411193847656e+00 7.087210083007812500e+01 8.231301879882812500e+01 1.853597831726074219e+01 6.159990280866622925e-02 1.853705978393554688e+01 7.439070892333984375e+01 4.102763831615447998e-01 1.964468574523925781e+01 1.129561588168144226e-01 2.001920156180858612e-02 2.062994384765625000e+01
1.384563297033309937e-01 5.782839298248291016e+00 6.826993560791015625e+01 7.888115692138671875e+01 2.339727210998535156e+01 2.384766101837158203e+00 1.746091842651367188e+01 7.135401916503906250e+01 1.403106451034545898e+00 1.840286254882812500e+01 3.554356694221496582e-01 -4.867789335548877716e-03 2.062994384765625000e+01
1.446497291326522827e-01 5.317907333374023438e+00 6.351462554931640625e+01 7.399873352050781250e+01 2.333482551574707031e+01 2.090053796768188477e+00 1.596107387542724609e+01 6.638293457031250000e+01 1.303063750267028809e+00 1.687966346740722656e+01 3.955696225166320801e-01 -1.845244690775871277e-02 2.062994384765625000e+01
1.508535146713256836e-01 4.995850563049316406e+00 6.053256225585937500e+01 7.078512573242187500e+01 1.607195281982421875e+01 1.089425310492515564e-01 1.506095790863037109e+01 6.319068145751953125e+01 -4.926789924502372742e-02 1.595900917053222656e+01 8.741819858551025391e-02 -9.162935614585876465e-02 2.062994384765625000e+01
1.571729034185409546e-01 4.534874439239501953e+00 5.879482269287109375e+01 6.817269134521484375e+01 2.171994018554687500e+01 7.011104106903076172e+00 1.399172592163085938e+01 6.090255355834960938e+01 1.066958785057067871e+00 1.468632316589355469e+01 2.659702897071838379e-01 1.007819771766662598e-01 2.062994384765625000e+01
1.635417938232421875e-01 4.280709266662597656e+00 5.611780548095703125e+01 6.502258300781250000e+01 2.050206565856933594e+01 6.298038005828857422e+00 1.320406341552734375e+01 5.791432571411132812e+01 9.622157216072082520e-01 1.383963108062744141e+01 2.822703123092651367e-01 2.066782675683498383e-02 2.062994384765625000e+01
1.698256134986877441e-01 3.999685049057006836e+00 5.472623062133789062e+01 6.307947921752929688e+01 1.770636367797851562e+01 8.683499693870544434e-01 1.252373218536376953e+01 5.628125762939453125e+01 6.482409834861755371e-01 1.309066867828369141e+01 1.845489889383316040e-01 1.490553282201290131e-02 2.062994384765625000e+01
1.761013567447662354e-01 3.835059881210327148e+00 5.261735916137695312e+01 6.115850448608398438e+01 1.487306308746337891e+01 -1.002871021628379822e-01 1.192276382446289062e+01 5.413027191162109375e+01 -5.513228103518486023e-02 1.244026851654052734e+01 5.222563445568084717e-02 -2.027524448931217194e-02 2.062994384765625000e+01
1.823998540639877319e-01 3.696492195129394531e+00 5.097933197021484375e+01 5.936729431152343750e+01 1.923892784118652344e+01 7.803830146789550781e+00 1.151206016540527344e+01 5.231853866577148438e+01 6.914792656898498535e-01 1.199795150756835938e+01 2.694132626056671143e-01 1.275705546140670776e-01 2.062994384765625000e+01
1.886507123708724976e-01 3.513412237167358398e+00 5.080641174316406250e+01 5.909580230712890625e+01 2.068576049804687500e+01 4.436511516571044922e+00 1.113792896270751953e+01 5.182881927490234375e+01 7.817152142524719238e-01 1.153025436401367188e+01 2.332466244697570801e-01 8.046182803809642792e-03 2.062994384765625000e+01
1.949081569910049438e-01 3.367931365966796875e+00 4.849383926391601562e+01 5.590954208374023438e+01 1.745350456237792969e+01 4.261593818664550781e+00 1.056611442565917969e+01 4.907810974121093750e+01 3.718350231647491455e-01 1.082105350494384766e+01 1.677064746618270874e-01 6.061216816306114197e-02 2.062994384765625000e+01
2.011425346136093140e-01 3.225098609924316406e+00 4.712903213500976562e+01 5.432584762573242188e+01 1.315581989288330078e+01 5.847880244255065918e-01 1.015684127807617188e+01 4.751965332031250000e+01 -3.243915140628814697e-01 1.040771198272705078e+01 -5.980596318840980530e-02 2.042219601571559906e-02 2.062994384765625000e+01
2.073954045772552490e-01 3.095120191574096680e+00 4.591460800170898438e+01 5.278903961181640625e+01 1.718005561828613281e+01 1.494430661201477051e+00 9.808479309082031250e+00 4.605711746215820312e+01 5.077872872352600098e-01 1.001622486114501953e+01 1.321767121553421021e-01 1.123894564807415009e-02 2.062994384765625000e+01
2.137389332056045532e-01 2.974193096160888672e+00 4.507619094848632812e+01 5.195492935180664062e+01 1.562492465972900391e+01 2.836848258972167969e+00 9.459055900573730469e+00 4.502786636352539062e+01 -1.103248167783021927e-02 9.623890876770019531e+00 4.007258638739585876e-02 -2.960731089115142822e-02 2.062994384765625000e+01
2.200330942869186401e-01 2.775327920913696289e+00 4.343143844604492188e+01 4.999485397338867188e+01 1.556302738189697266e+01 5.755440235137939453e+00 8.882619857788085938e+00 4.314512634277343750e+01 7.785297930240631104e-02 8.936678886413574219e+00 5.693102627992630005e-02 9.315483272075653076e-02 2.062994384765625000e+01
2.262930423021316528e-01 2.713559865951538086e+00 4.407326889038085938e+01 5.013353729248046875e+01 1.308270740509033203e+01 -1.327297091484069824e+00 8.895954132080078125e+00 4.361231231689453125e+01 -2.273737341165542603e-01 8.962555885314941406e+00 2.367334067821502686e-02 -6.161919981241226196e-02 2.062994384765625000e+01
2.325985133647918701e-01 2.486350297927856445e+00 4.171663284301757812e+01 4.778264999389648438e+01 1.243197441101074219e+01 4.612428665161132812e+00 8.105533599853515625e+00 4.106446456909179688e+01 -4.947213828563690186e-01 8.152632713317871094e+00 -1.026471629738807678e-01 3.988543525338172913e-02 2.062994384765625000e+01
2.388891130685806274e-01 2.411147117614746094e+00 4.105871200561523438e+01 4.691342544555664062e+01 1.132381248474121094e+01 -8.250362873077392578e-01 7.946870803833007812e+00 4.025172424316406250e+01 -5.011311173439025879e-01 7.948795318603515625e+00 -7.197171449661254883e-02 -4.395533353090286255e-02 2.062994384765625000e+01
2.451218813657760620e-01 2.349331855773925781e+00 4.084736633300781250e+01 4.653932571411132812e+01 1.233139610290527344e+01 4.286765575408935547e+00 7.778261661529541016e+00 3.974384689331054688e+01 -4.181898236274719238e-01 7.704857826232910156e+00 -3.452024608850479126e-02 9.032358229160308838e-02 2.062994384765625000e+01
2.513737380504608154e-01 2.265741586685180664e+00 4.021524429321289062e+01 4.625205993652343750e+01 1.538373756408691406e+01 7.571776390075683594e+00 7.560903072357177734e+00 3.919823074340820312e+01 -3.512708842754364014e-02 7.547287464141845703e+00 5.327245593070983887e-02 1.173290312290191650e-01 2.062994384765625000e+01
2.577070593833923340e-01 2.171004772186279297e+00 3.867862319946289062e+01 4.355591583251953125e+01 1.103313255310058594e+01 1.080554604530334473e+00 7.181610584259033203e+00 3.708453369140625000e+01 -5.268062949180603027e-01 7.006739616394042969e+00 -6.836284697055816650e-02 -1.907503465190529823e-03 2.062994384765625000e+01
2.640204429626464844e-01 2.102590560913085938e+00 3.849562454223632812e+01 4.415955734252929688e+01 1.268697547912597656e+01 8.895955085754394531e-01 7.032516002655029297e+00 3.705406188964843750e+01 -5.435169935226440430e-01 6.947489738464355469e+00 -5.652432516217231750e-02 -1.074634771794080734e-02 2.062994384765625000e+01
2.702898085117340088e-01 2.028473138809204102e+00 3.747526931762695312e+01 4.244347763061523438e+01 9.308716773986816406e+00 1.150835156440734863e+00 6.780473232269287109e+00 3.566412734985351562e+01 -9.960100054740905762e-01 6.600063323974609375e+00 -1.187561377882957458e-01 1.993598602712154388e-02 2.062994384765625000e+01
2.765615284442901611e-01 1.963219761848449707e+00 3.722727203369140625e+01 4.242651367187500000e+01 1.184863090515136719e+01 1.197238326072692871e+00 6.603713512420654297e+00 3.535347747802734375e+01 -6.751273870468139648e-01 6.378799915313720703e+00 -7.569932192564010620e-02 -5.660037510097026825e-03 2.062994384765625000e+01
2.828698754310607910e-01 1.891386508941650391e+00 3.651927947998046875e+01 4.129230880737304688e+01 1.008110332489013672e+01 1.126688241958618164e+00 6.408827781677246094e+00 3.434496688842773438e+01 -8.638861775398254395e-01 6.157550334930419922e+00 -1.095250993967056274e-01 1.441684365272521973e-02 2.062994384765625000e+01
2.891486585140228271e-01 1.819908142089843750e+00 3.536124038696289062e+01 4.004258728027343750e+01 1.082950973510742188e+01 3.359173297882080078e+00 6.137280464172363281e+00 3.295616912841796875e+01 -9.388523101806640625e-01 5.836929321289062500e+00 -1.129915863275527954e-01 4.479442164301872253e-02 2.062994384765625000e+01
2.953523397445678711e-01 1.779839038848876953e+00 3.519888687133789062e+01 3.973218154907226562e+01 1.037521743774414062e+01 5.262210965156555176e-01 6.012857437133789062e+00 3.260612106323242188e+01 -9.167658686637878418e-01 5.708054542541503906e+00 -1.201370358467102051e-01 -1.571877364767715335e-04 2.062994384765625000e+01
3.016075491905212402e-01 1.734525322914123535e+00 3.521995162963867188e+01 3.947845840454101562e+01 1.013421058654785156e+01 4.020975589752197266e+00 5.959310531616210938e+00 3.245901870727539062e+01 -9.099206328392028809e-01 5.650731086730957031e+00 -1.091585159301757812e-01 8.350740373134613037e-02 2.062994384765625000e+01
3.079382479190826416e-01 1.677875041961669922e+00 3.431584548950195312e+01 3.856084060668945312e+01 8.836978912353515625e+00 7.003703117370605469e-01 5.724233150482177734e+00 3.135796737670898438e+01 -1.209801554679870605e+00 5.340510368347167969e+00 -1.673541814088821411e-01 2.045234665274620056e-02 2.062994384765625000e+01
3.142760396003723145e-01 1.646912693977355957e+00 3.419260406494140625e+01 3.856511306762695312e+01 9.682889938354492188e+00 3.133542299270629883e+00 5.660920619964599609e+00 3.120293426513671875e+01 -1.122549772262573242e+00 5.269151687622070312e+00 -1.748327612876892090e-01 4.433319717645645142e-02 2.062994384765625000e+01
3.205462992191314697e-01 1.603281497955322266e+00 3.386534500122070312e+01 3.787335586547851562e+01 8.595291137695312500e+00 2.874939441680908203e+00 5.518824100494384766e+00 3.058969116210937500e+01 -1.386587858200073242e+00 5.117195606231689453e+00 -1.833254396915435791e-01 4.647473618388175964e-02 2.062994384765625000e+01
3.268128037452697754e-01 1.557425856590270996e+00 3.289020156860351562e+01 3.679982376098632812e+01 7.835496425628662109e+00 2.161300897598266602e+00 5.326358795166015625e+00 2.948757743835449219e+01 -1.480132460594177246e+00 4.876951217651367188e+00 -2.038607150316238403e-01 4.309838637709617615e-02 2.062994384765625000e+01
3.331238031387329102e-01 1.533167004585266113e+00 3.346920394897460938e+01 3.724173736572265625e+01 8.059504508972167969e+00 4.702797412872314453e+00 5.336810111999511719e+00 2.981035041809082031e+01 -1.444410562515258789e+00 4.867747783660888672e+00 -1.980097293853759766e-01 9.544781595468521118e-02 2.062994384765625000e+01
3.394046723842620850e-01 1.498574256896972656e+00 3.244502258300781250e+01 3.623159790039062500e+01 9.310145378112792969e+00 4.571664810180664062e+00 5.197052001953125000e+00 2.867093467712402344e+01 -1.364711761474609375e+00 4.704125404357910156e+00 -1.839676797389984131e-01 7.294818758964538574e-02 2.062994384765625000e+01
3.456391692161560059e-01 1.474518775939941406e+00 3.216516876220703125e+01 3.583749389648437500e+01 8.214757919311523438e+00 4.805700778961181641e+00 5.052502632141113281e+00 2.813474082946777344e+01 -1.587807297706604004e+00 4.552768230438232422e+00 -2.300996482372283936e-01 6.296885758638381958e-02 2.062994384765625000e+01
3.518808186054229736e-01 1.460628032684326172e+00 3.237033081054687500e+01 3.626943969726562500e+01 8.584177970886230469e+00 5.565906047821044922e+00 5.054892539978027344e+00 2.821495437622070312e+01 -1.647625207901000977e+00 4.519752502441406250e+00 -2.250867933034896851e-01 8.767016977071762085e-02 2.062994384765625000e+01
3.582032322883605957e-01 1.447100520133972168e+00 3.245532608032226562e+01 3.618017959594726562e+01 8.145174026489257812e+00 5.942385196685791016e+00 5.014856815338134766e+00 2.817736625671386719e+01 -1.720095872879028320e+00 4.465660095214843750e+00 -2.413182556629180908e-01 9.855244308710098267e-02 2.062994384765625000e+01
3.645117878913879395e-01 1.437072157859802246e+00 3.243641281127929688e+01 3.596597290039062500e+01 9.156765937805175781e+00 5.995912075042724609e+00 4.985311508178710938e+00 2.789977073669433594e+01 -1.560263991355895996e+00 4.370306491851806641e+00 -2.302903383970260620e-01 1.008233129978179932e-01 2.062994384765625000e+01
3.707640767097473145e-01 1.407934546470642090e+00 3.186619758605957031e+01 3.558353042602539062e+01 7.866891860961914062e+00 7.839746475219726562e+00 4.852313041687011719e+00 2.718642997741699219e+01 -1.973636150360107422e+00 4.247667789459228516e+00 -2.641368806362152100e-01 1.169065758585929871e-01 2.062994384765625000e+01
3.770540952682495117e-01 1.396711468696594238e+00 3.270379638671875000e+01 3.639882659912109375e+01 7.666210651397705078e+00 8.765917778015136719e+00 4.903894424438476562e+00 2.779908370971679688e+01 -2.088166475296020508e+00 4.249539852142333984e+00 -2.874928414821624756e-01 1.346080005168914795e-01 2.062994384765625000e+01
3.833588361740112305e-01 1.395589828491210938e+00 3.280910110473632812e+01 3.584230422973632812e+01 7.949367046356201172e+00 1.014841556549072266e+01 4.866878509521484375e+00 2.738108825683593750e+01 -1.988647937774658203e+00 4.169881343841552734e+00 -2.729184031486511230e-01 1.577949821949005127e-01 2.062994384765625000e+01
3.896513879299163818e-01 1.420451045036315918e+00 3.341706848144531250e+01 3.674065780639648438e+01 8.148459434509277344e+00 1.418727111816406250e+01 4.985762596130371094e+00 2.789250755310058594e+01 -2.199536561965942383e+00 4.244465351104736328e+00 -2.997550070285797119e-01 1.956423521041870117e-01 2.062994384765625000e+01
3.958770036697387695e-01 1.408306479454040527e+00 3.361673355102539062e+01 3.694595718383789062e+01 8.792964935302734375e+00 1.801873588562011719e+01 4.921397686004638672e+00 2.762349510192871094e+01 -2.396495819091796875e+00 4.157691001892089844e+00 -3.283255398273468018e-01 2.215580940246582031e-01 2.062994384765625000e+01
4.021010994911193848e-01 1.423834681510925293e+00 3.448338317871093750e+01 3.773323822021484375e+01 7.407911300659179688e+00 1.778618812561035156e+01 5.018748283386230469e+00 2.834201049804687500e+01 -2.587166070938110352e+00 4.224050521850585938e+00 -3.654940426349639893e-01 2.322064340114593506e-01 2.062994384765625000e+01
