# k, P_{cc}, P_{hh,r}, P_{hh,0}, P_{hh,2}, P_{hh,4}, P_{hc,r}, P_{hc,0}, P_{hc,2}, P_{hc,4}, P_pSN
#  Realization 174
8.018244989216327667e-03 4.550959014892578125e+01 3.945993041992187500e+02 4.365824279785156250e+02 -3.050044250488281250e+02 1.880287628173828125e+02 1.306203155517578125e+02 4.142771301269531250e+02 -6.746350860595703125e+01 1.365014495849609375e+02 -2.940485572814941406e+01 1.376967048645019531e+01 2.061285591125488281e+01
1.401655934751033783e-02 2.897346115112304688e+01 2.596227722167968750e+02 3.118978881835937500e+02 7.665085601806640625e+01 6.857292175292968750e+01 8.449282073974609375e+01 2.834945983886718750e+02 2.706634283065795898e+00 9.275238037109375000e+01 1.670862793922424316e+00 2.386135101318359375e+00 2.061285591125488281e+01
1.969251595437526703e-02 4.684217834472656250e+01 3.624311523437500000e+02 4.210639343261718750e+02 -8.525302886962890625e+01 2.626611328125000000e+02 1.274718780517578125e+02 3.894230041503906250e+02 -2.952417564392089844e+01 1.370463256835937500e+02 -1.305882358551025391e+01 8.434257507324218750e+00 2.061285591125488281e+01
2.551339380443096161e-02 3.677967453002929688e+01 3.095013122558593750e+02 3.780948486328125000e+02 1.687885284423828125e+02 2.174070892333984375e+02 1.037849502563476562e+02 3.404876708984375000e+02 1.465644264221191406e+01 1.150263595581054688e+02 7.121912002563476562e+00 7.579079151153564453e+00 2.061285591125488281e+01
3.202908113598823547e-02 2.467337226867675781e+01 2.112285614013671875e+02 2.496112976074218750e+02 3.714828109741210938e+01 1.356176147460937500e+02 6.954247283935546875e+01 2.286865692138671875e+02 -2.107869863510131836e+00 7.578680419921875000e+01 -5.302752256393432617e-01 4.255659103393554688e+00 2.061285591125488281e+01
3.846523538231849670e-02 2.240948677062988281e+01 2.036095581054687500e+02 2.438712615966796875e+02 7.131980895996093750e+01 -6.646466827392578125e+01 6.500538635253906250e+01 2.219660034179687500e+02 5.792751312255859375e+00 7.135464477539062500e+01 2.593922615051269531e+00 -2.146230459213256836e+00 2.061285591125488281e+01
4.443310573697090149e-02 2.162929344177246094e+01 1.876147308349609375e+02 2.293317871093750000e+02 1.196914825439453125e+02 -5.262733936309814453e+00 6.093108749389648438e+01 2.064453125000000000e+02 1.365873432159423828e+01 6.744648742675781250e+01 4.657224655151367188e+00 -4.511460065841674805e-01 2.061285591125488281e+01
5.042308941483497620e-02 1.862654685974121094e+01 1.630289916992187500e+02 1.956480255126953125e+02 6.968453216552734375e+01 4.734118270874023438e+01 5.241259384155273438e+01 1.777334594726562500e+02 6.208897113800048828e+00 5.753400421142578125e+01 2.049629688262939453e+00 1.212536692619323730e+00 2.061285591125488281e+01
5.690929666161537170e-02 1.742578125000000000e+01 1.528389434814453125e+02 1.852864837646484375e+02 9.888393402099609375e+01 -6.080834197998046875e+01 4.913346099853515625e+01 1.673569030761718750e+02 1.236311721801757812e+01 5.419892501831054688e+01 4.381563663482666016e+00 -1.828300952911376953e+00 2.061285591125488281e+01
6.341847032308578491e-02 1.628853988647460938e+01 1.493453826904296875e+02 1.763446350097656250e+02 4.767591857910156250e+01 4.149050521850585938e+01 4.671060180664062500e+01 1.612855377197265625e+02 2.856871366500854492e+00 5.083869934082031250e+01 1.285568356513977051e+00 1.105266332626342773e+00 2.061285591125488281e+01
6.949992477893829346e-02 1.535323333740234375e+01 1.421145629882812500e+02 1.679246826171875000e+02 5.820687484741210938e+01 4.620547103881835938e+01 4.411288833618164062e+01 1.533688507080078125e+02 5.031720638275146484e+00 4.794277954101562500e+01 1.844914913177490234e+00 1.420029997825622559e+00 2.061285591125488281e+01
7.558133453130722046e-02 1.462351036071777344e+01 1.355144348144531250e+02 1.617710418701171875e+02 7.927247619628906250e+01 -2.850349235534667969e+01 4.185857391357421875e+01 1.469710083007812500e+02 9.439468383789062500e+00 4.571273040771484375e+01 2.981789350509643555e+00 -8.789111971855163574e-01 2.061285591125488281e+01
8.196274191141128540e-02 1.246648788452148438e+01 1.159592514038085938e+02 1.379028320312500000e+02 4.836175155639648438e+01 3.654532623291015625e+01 3.540306472778320312e+01 1.253047180175781250e+02 4.009426116943359375e+00 3.855243682861328125e+01 1.330677390098571777e+00 7.794225215911865234e-01 2.061285591125488281e+01
8.830232173204421997e-02 1.052557182312011719e+01 1.023708572387695312e+02 1.212835464477539062e+02 4.060277175903320312e+01 1.916501808166503906e+01 3.033868789672851562e+01 1.101241531372070312e+02 2.889065980911254883e+00 3.291716766357421875e+01 1.030764579772949219e+00 1.899468898773193359e-01 2.061285591125488281e+01
9.435217082500457764e-02 9.637373924255371094e+00 9.509967041015625000e+01 1.140114364624023438e+02 4.365704345703125000e+01 -5.759724140167236328e+00 2.763659286499023438e+01 1.027595214843750000e+02 3.740491628646850586e+00 3.009490203857421875e+01 1.043678283691406250e+00 -2.052740007638931274e-01 2.061285591125488281e+01
1.005600690841674805e-01 8.278765678405761719e+00 8.554072570800781250e+01 1.016610412597656250e+02 4.065333938598632812e+01 4.143641471862792969e+00 2.415718841552734375e+01 9.181337738037109375e+01 3.753790140151977539e+00 2.620848464965820312e+01 1.158367633819580078e+00 7.174918800592422485e-02 2.061285591125488281e+01
1.070138886570930481e-01 7.748775959014892578e+00 8.312204742431640625e+01 9.773350524902343750e+01 4.035752487182617188e+01 1.714135289192199707e+00 2.289829254150390625e+01 8.868332672119140625e+01 4.026504993438720703e+00 2.466749191284179688e+01 1.121096968650817871e+00 -3.807953745126724243e-02 2.061285591125488281e+01
1.134273484349250793e-01 7.367073535919189453e+00 7.855432891845703125e+01 9.274140930175781250e+01 3.729650497436523438e+01 7.863411426544189453e+00 2.148402023315429688e+01 8.374915313720703125e+01 3.257817745208740234e+00 2.312884712219238281e+01 1.064863443374633789e+00 1.172717809677124023e-01 2.061285591125488281e+01
1.196089535951614380e-01 7.036159992218017578e+00 7.619262695312500000e+01 9.073935699462890625e+01 3.407389068603515625e+01 1.689124679565429688e+01 2.064175605773925781e+01 8.151403808593750000e+01 2.548549652099609375e+00 2.230956459045410156e+01 8.966244459152221680e-01 3.319223523139953613e-01 2.061285591125488281e+01
1.257804334163665771e-01 6.500885963439941406e+00 7.311648559570312500e+01 8.564981842041015625e+01 3.043943977355957031e+01 -3.576066017150878906e+00 1.932632064819335938e+01 7.750830078125000000e+01 2.548984289169311523e+00 2.067820167541503906e+01 6.892558932304382324e-01 -1.473925113677978516e-01 2.061285591125488281e+01
1.321490257978439331e-01 6.232765197753906250e+00 7.203299713134765625e+01 8.396764373779296875e+01 2.421116447448730469e+01 9.741973131895065308e-02 1.867030906677246094e+01 7.594826507568359375e+01 1.300170779228210449e+00 1.992759704589843750e+01 4.981400072574615479e-01 -4.632800444960594177e-02 2.061285591125488281e+01
1.384563297033309937e-01 5.729584217071533203e+00 6.711190795898437500e+01 7.817969512939453125e+01 2.548451423645019531e+01 4.134415149688720703e+00 1.711363792419433594e+01 7.054905700683593750e+01 1.788022875785827637e+00 1.815919303894042969e+01 5.230404138565063477e-01 8.762738108634948730e-02 2.061285591125488281e+01
1.446497291326522827e-01 5.450700759887695312e+00 6.559712219238281250e+01 7.590207672119140625e+01 1.848016166687011719e+01 -2.723532438278198242e+00 1.652908897399902344e+01 6.852242279052734375e+01 5.459325909614562988e-01 1.746273422241210938e+01 2.490635514259338379e-01 -1.147183999419212341e-01 2.061285591125488281e+01
1.508535146713256836e-01 4.921055793762207031e+00 6.030813980102539062e+01 7.085556030273437500e+01 2.294701194763183594e+01 5.769407272338867188e+00 1.489481830596923828e+01 6.332100677490234375e+01 1.247908473014831543e+00 1.584214401245117188e+01 4.829069972038269043e-01 8.165665715932846069e-02 2.061285591125488281e+01
1.571729034185409546e-01 4.607551097869873047e+00 5.818853378295898438e+01 6.794113922119140625e+01 1.802961540222167969e+01 1.456234741210937500e+01 1.410591983795166016e+01 6.068825149536132812e+01 3.882350623607635498e-01 1.488777732849121094e+01 6.726685166358947754e-02 2.553513348102569580e-01 2.061285591125488281e+01
1.635417938232421875e-01 4.340550899505615234e+00 5.560469055175781250e+01 6.508971405029296875e+01 2.283245658874511719e+01 3.437418699264526367e+00 1.325573921203613281e+01 5.792776107788085938e+01 1.406863689422607422e+00 1.400587940216064453e+01 4.468138515949249268e-01 5.651204288005828857e-02 2.061285591125488281e+01
1.698256134986877441e-01 3.996130466461181641e+00 5.327796173095703125e+01 6.187193679809570312e+01 1.886779785156250000e+01 4.426141262054443359e+00 1.233113002777099609e+01 5.503072738647460938e+01 8.143175244331359863e-01 1.290429401397705078e+01 2.805958390235900879e-01 9.578616172075271606e-02 2.061285591125488281e+01
1.761013567447662354e-01 3.780372619628906250e+00 5.207289505004882812e+01 6.052310180664062500e+01 2.083876991271972656e+01 6.464594006538391113e-01 1.182729625701904297e+01 5.368629455566406250e+01 1.113574743270874023e+00 1.236947345733642578e+01 3.218480050563812256e-01 -5.168775096535682678e-02 2.061285591125488281e+01
1.823998540639877319e-01 3.690932989120483398e+00 5.113503646850585938e+01 5.952772903442382812e+01 1.704004859924316406e+01 3.078026294708251953e+00 1.143870353698730469e+01 5.259570312500000000e+01 3.161138892173767090e-01 1.198379898071289062e+01 2.265362441539764404e-01 -2.125844126567244530e-03 2.061285591125488281e+01
1.886507123708724976e-01 3.519984960556030273e+00 4.966249084472656250e+01 5.701016616821289062e+01 1.553047657012939453e+01 8.590930104255676270e-01 1.104491424560546875e+01 5.062429046630859375e+01 3.082710802555084229e-01 1.141012001037597656e+01 1.181800588965415955e-01 -1.668613404035568237e-02 2.061285591125488281e+01
1.949081569910049438e-01 3.345052003860473633e+00 4.846228408813476562e+01 5.636468887329101562e+01 1.719799232482910156e+01 -4.937828183174133301e-01 1.053576278686523438e+01 4.963885116577148438e+01 5.624375343322753906e-01 1.093877601623535156e+01 1.700117290019989014e-01 -5.696668848395347595e-02 2.061285591125488281e+01
2.011425346136093140e-01 3.147170066833496094e+00 4.651437759399414062e+01 5.329031372070312500e+01 1.768405151367187500e+01 6.776437759399414062e+00 9.914236068725585938e+00 4.692813491821289062e+01 6.312386393547058105e-01 1.016497039794921875e+01 1.910374015569686890e-01 1.358495652675628662e-01 2.061285591125488281e+01
2.073954045772552490e-01 3.101438045501708984e+00 4.629551696777343750e+01 5.307554626464843750e+01 1.654317665100097656e+01 2.730141639709472656e+00 9.856502532958984375e+00 4.661557006835937500e+01 4.378018975257873535e-01 1.004833793640136719e+01 2.341300398111343384e-01 6.093823909759521484e-02 2.061285591125488281e+01
2.137389332056045532e-01 2.938800334930419922e+00 4.503723907470703125e+01 5.169610595703125000e+01 1.502585697174072266e+01 9.570401310920715332e-01 9.405164718627929688e+00 4.531805419921875000e+01 2.783460617065429688e-01 9.603039741516113281e+00 1.153712198138237000e-01 -2.334969677031040192e-02 2.061285591125488281e+01
2.200330942869186401e-01 2.786494970321655273e+00 4.399709320068359375e+01 5.045757675170898438e+01 1.550380897521972656e+01 5.538161754608154297e+00 8.999248504638671875e+00 4.410952758789062500e+01 2.620856165885925293e-01 9.153909683227539062e+00 8.569357544183731079e-02 7.305480539798736572e-02 2.061285591125488281e+01
2.262930423021316528e-01 2.607859611511230469e+00 4.181983566284179688e+01 4.835601043701171875e+01 1.478233909606933594e+01 4.260736465454101562e+00 8.426328659057617188e+00 4.180334091186523438e+01 7.803515344858169556e-02 8.559305191040039062e+00 7.048328965902328491e-02 4.111589491367340088e-02 2.061285591125488281e+01
2.325985133647918701e-01 2.561175346374511719e+00 4.187141418457031250e+01 4.807401657104492188e+01 1.320105361938476562e+01 4.747111320495605469e+00 8.320840835571289062e+00 4.158619689941406250e+01 -2.044540941715240479e-01 8.428315162658691406e+00 2.381434850394725800e-02 8.428117632865905762e-02 2.061285591125488281e+01
2.388891130685806274e-01 2.449304819107055664e+00 4.133238601684570312e+01 4.727454376220703125e+01 1.389443778991699219e+01 3.453476905822753906e+00 8.071317672729492188e+00 4.083525466918945312e+01 -5.496245995163917542e-02 8.120244979858398438e+00 4.251876473426818848e-02 4.732017591595649719e-02 2.061285591125488281e+01
2.451218813657760620e-01 2.322034597396850586e+00 3.949187850952148438e+01 4.534164428710937500e+01 1.364405059814453125e+01 1.749449372291564941e+00 7.624583721160888672e+00 3.880670166015625000e+01 -8.094530552625656128e-02 7.655377388000488281e+00 3.959546610713005066e-02 4.919723048806190491e-02 2.061285591125488281e+01
2.513737380504608154e-01 2.234528541564941406e+00 3.865357971191406250e+01 4.440668106079101562e+01 1.263362789154052734e+01 8.165462017059326172e-01 7.366503238677978516e+00 3.773271560668945312e+01 -3.852958679199218750e-01 7.331299304962158203e+00 -4.519441351294517517e-02 -1.371112838387489319e-02 2.061285591125488281e+01
2.577070593833923340e-01 2.175885677337646484e+00 3.929601669311523438e+01 4.461736679077148438e+01 1.300349426269531250e+01 4.339256286621093750e+00 7.297794818878173828e+00 3.811707305908203125e+01 -2.077102959156036377e-01 7.196527481079101562e+00 -1.107370108366012573e-02 5.678423866629600525e-02 2.061285591125488281e+01
2.640204429626464844e-01 2.078694343566894531e+00 3.834553146362304688e+01 4.347436904907226562e+01 1.069463062286376953e+01 6.506760120391845703e-01 6.996061325073242188e+00 3.702641296386718750e+01 -6.215392351150512695e-01 6.894594192504882812e+00 -4.590047523379325867e-02 2.068078517913818359e-02 2.061285591125488281e+01
2.702898085117340088e-01 2.048296213150024414e+00 3.732586669921875000e+01 4.233772277832031250e+01 1.086841392517089844e+01 1.058890819549560547e+00 6.787638664245605469e+00 3.590109252929687500e+01 -4.829812347888946533e-01 6.673076152801513672e+00 -3.790615126490592957e-02 2.191773056983947754e-02 2.061285591125488281e+01
2.765615284442901611e-01 1.959655523300170898e+00 3.709422302246093750e+01 4.197390747070312500e+01 1.040976810455322266e+01 5.420814990997314453e+00 6.591427803039550781e+00 3.541118240356445312e+01 -7.742149233818054199e-01 6.438416957855224609e+00 -1.019974797964096069e-01 9.573189169168472290e-02 2.061285591125488281e+01
2.828698754310607910e-01 1.916267514228820801e+00 3.686096954345703125e+01 4.200831604003906250e+01 1.231983852386474609e+01 7.990844249725341797e-01 6.494636535644531250e+00 3.520024871826171875e+01 -4.365738630294799805e-01 6.331498622894287109e+00 -8.704468607902526855e-03 -8.270229212939739227e-03 2.061285591125488281e+01
2.891486585140228271e-01 1.854926705360412598e+00 3.586940383911132812e+01 4.051716613769531250e+01 1.237529277801513672e+01 4.448935985565185547e+00 6.300791740417480469e+00 3.391671371459960938e+01 -3.770072162151336670e-01 6.085850715637207031e+00 -3.963093087077140808e-02 6.230365857481956482e-02 2.061285591125488281e+01
2.953523397445678711e-01 1.785580396652221680e+00 3.478486633300781250e+01 3.929592514038085938e+01 9.514857292175292969e+00 8.865925073623657227e-01 6.035404682159423828e+00 3.275447845458984375e+01 -7.145613431930541992e-01 5.798555850982666016e+00 -7.869989424943923950e-02 2.338194660842418671e-02 2.061285591125488281e+01
3.016075491905212402e-01 1.742981791496276855e+00 3.485420989990234375e+01 3.925840377807617188e+01 1.081750679016113281e+01 2.399149179458618164e+00 5.934492111206054688e+00 3.250064468383789062e+01 -7.255136966705322266e-01 5.645465373992919922e+00 -1.050880327820777893e-01 4.927451163530349731e-02 2.061285591125488281e+01
3.079382479190826416e-01 1.682668685913085938e+00 3.418782424926757812e+01 3.866318893432617188e+01 1.013054847717285156e+01 3.030734539031982422e+00 5.766995906829833984e+00 3.187757492065429688e+01 -8.344513773918151855e-01 5.487457275390625000e+00 -1.036649644374847412e-01 4.408246278762817383e-02 2.061285591125488281e+01
3.142760396003723145e-01 1.650663495063781738e+00 3.418186950683593750e+01 3.839992904663085938e+01 9.656618118286132812e+00 2.002488613128662109e+00 5.661006927490234375e+00 3.147856330871582031e+01 -1.064922690391540527e+00 5.340595722198486328e+00 -1.364419758319854736e-01 3.502274677157402039e-02 2.061285591125488281e+01
3.205462992191314697e-01 1.579451680183410645e+00 3.341115188598632812e+01 3.747676849365234375e+01 8.468690872192382812e+00 1.801728248596191406e+00 5.473689079284667969e+00 3.052601814270019531e+01 -1.187615156173706055e+00 5.119883537292480469e+00 -1.484608650207519531e-01 4.085484519600868225e-02 2.061285591125488281e+01
3.268128037452697754e-01 1.568887948989868164e+00 3.292128372192382812e+01 3.666001510620117188e+01 8.423624038696289062e+00 3.381738662719726562e+00 5.360850811004638672e+00 2.991661262512207031e+01 -1.123253345489501953e+00 4.965457439422607422e+00 -1.597018539905548096e-01 5.034645274281501770e-02 2.061285591125488281e+01
3.331238031387329102e-01 1.529750108718872070e+00 3.263980102539062500e+01 3.664651107788085938e+01 9.305383682250976562e+00 3.550857782363891602e+00 5.232403755187988281e+00 2.953810310363769531e+01 -1.107330679893493652e+00 4.852653980255126953e+00 -1.425286531448364258e-01 6.460201740264892578e-02 2.061285591125488281e+01
3.394046723842620850e-01 1.510280847549438477e+00 3.220098495483398438e+01 3.595146179199218750e+01 8.018889427185058594e+00 4.683566093444824219e+00 5.155988216400146484e+00 2.881621360778808594e+01 -1.422961711883544922e+00 4.730530261993408203e+00 -1.836236566305160522e-01 5.860737711191177368e-02 2.061285591125488281e+01
3.456391692161560059e-01 1.472330331802368164e+00 3.249160385131835938e+01 3.588866424560546875e+01 7.844261169433593750e+00 2.314928770065307617e+00 5.107003211975097656e+00 2.883127403259277344e+01 -1.375517129898071289e+00 4.615792751312255859e+00 -1.903887987136840820e-01 5.115980282425880432e-02 2.061285591125488281e+01
3.518808186054229736e-01 1.457052469253540039e+00 3.232995223999023438e+01 3.585460281372070312e+01 8.676153182983398438e+00 4.220581531524658203e+00 5.061044692993164062e+00 2.862797355651855469e+01 -1.260927677154541016e+00 4.576201915740966797e+00 -1.517917364835739136e-01 1.039257049560546875e-01 2.061285591125488281e+01
3.582032322883605957e-01 1.449715614318847656e+00 3.221187210083007812e+01 3.554482269287109375e+01 8.102902412414550781e+00 4.245293617248535156e+00 5.023206233978271484e+00 2.815976905822753906e+01 -1.433929443359375000e+00 4.495534896850585938e+00 -2.035040557384490967e-01 9.083930402994155884e-02 2.061285591125488281e+01
3.645117878913879395e-01 1.421940207481384277e+00 3.190254974365234375e+01 3.505219650268554688e+01 7.389274120330810547e+00 5.839213848114013672e+00 4.925804138183593750e+00 2.760894584655761719e+01 -1.626077771186828613e+00 4.355581283569335938e+00 -2.322942912578582764e-01 9.519302845001220703e-02 2.061285591125488281e+01
3.707640767097473145e-01 1.412933468818664551e+00 3.201012039184570312e+01 3.532326507568359375e+01 8.416639328002929688e+00 8.066514968872070312e+00 4.902016162872314453e+00 2.761501693725585938e+01 -1.575385212898254395e+00 4.312629222869873047e+00 -2.130650281906127930e-01 1.248111948370933533e-01 2.061285591125488281e+01
3.770540952682495117e-01 1.418690800666809082e+00 3.256084060668945312e+01 3.614428710937500000e+01 7.758448123931884766e+00 7.369323253631591797e+00 4.927477836608886719e+00 2.811058807373046875e+01 -1.778722643852233887e+00 4.364865779876708984e+00 -2.344662398099899292e-01 1.189073473215103149e-01 2.061285591125488281e+01
3.833588361740112305e-01 1.407532691955566406e+00 3.252998733520507812e+01 3.561581039428710938e+01 8.129060745239257812e+00 1.116251182556152344e+01 4.892762184143066406e+00 2.775495529174804688e+01 -1.724063038825988770e+00 4.291871547698974609e+00 -2.208030223846435547e-01 1.649853289127349854e-01 2.061285591125488281e+01
3.896513879299163818e-01 1.416929006576538086e+00 3.342456817626953125e+01 3.659014129638671875e+01 8.582364082336425781e+00 1.448584747314453125e+01 4.999332427978515625e+00 2.828608512878417969e+01 -1.941949963569641113e+00 4.327661991119384766e+00 -2.521001994609832764e-01 1.922624856233596802e-01 2.061285591125488281e+01
3.958770036697387695e-01 1.410797357559204102e+00 3.403906631469726562e+01 3.733287429809570312e+01 7.596052646636962891e+00 1.687234497070312500e+01 4.992750167846679688e+00 2.864515686035156250e+01 -2.225618600845336914e+00 4.288702964782714844e+00 -2.915385663509368896e-01 2.319213747978210449e-01 2.061285591125488281e+01
4.021010994911193848e-01 1.409066557884216309e+00 3.412030792236328125e+01 3.743853378295898438e+01 8.492993354797363281e+00 1.631574058532714844e+01 4.968822956085205078e+00 2.843266677856445312e+01 -2.198581695556640625e+00 4.219918251037597656e+00 -2.820568978786468506e-01 2.203925698995590210e-01 2.061285591125488281e+01
