# k, P_{cc}, P_{hh,r}, P_{hh,0}, P_{hh,2}, P_{hh,4}, P_{hc,r}, P_{hc,0}, P_{hc,2}, P_{hc,4}, P_pSN
#  Realization 102
8.018244989216327667e-03 3.337221145629882812e+01 2.920335998535156250e+02 3.891997375488281250e+02 6.917609863281250000e+02 1.500170898437500000e+02 9.681855010986328125e+01 3.359783935546875000e+02 1.072997817993164062e+02 1.118039855957031250e+02 3.668603515625000000e+01 5.125869750976562500e+00 2.060148048400878906e+01
1.401655934751033783e-02 3.021697235107421875e+01 2.482233123779296875e+02 3.138280029296875000e+02 3.148337402343750000e+02 3.897779846191406250e+02 8.416113281250000000e+01 2.778460693359375000e+02 4.211711502075195312e+01 9.425540924072265625e+01 1.206250953674316406e+01 1.200524616241455078e+01 2.060148048400878906e+01
1.969251595437526703e-02 3.987028503417968750e+01 3.326069946289062500e+02 3.841221008300781250e+02 -1.287696228027343750e+02 -1.372149505615234375e+02 1.129740600585937500e+02 3.566446838378906250e+02 -3.243487167358398438e+01 1.213602981567382812e+02 -1.243620204925537109e+01 -5.747934818267822266e+00 2.060148048400878906e+01
2.551339380443096161e-02 2.956803703308105469e+01 2.498795928955078125e+02 2.989505920410156250e+02 8.414488983154296875e+01 2.780386924743652344e+01 8.362486267089843750e+01 2.723275756835937500e+02 5.542017936706542969e+00 9.136594390869140625e+01 8.873240947723388672e-01 8.098162412643432617e-01 2.060148048400878906e+01
3.202908113598823547e-02 2.469949722290039062e+01 2.086799316406250000e+02 2.525155487060546875e+02 1.213954162597656250e+02 5.376395416259765625e+01 6.928239440917968750e+01 2.286433258056640625e+02 1.353845882415771484e+01 7.616284179687500000e+01 3.522919416427612305e+00 1.826568603515625000e+00 2.060148048400878906e+01
3.846523538231849670e-02 2.172398376464843750e+01 1.860252685546875000e+02 2.228672943115234375e+02 8.037112426757812500e+01 4.919401168823242188e+01 6.112995910644531250e+01 2.027377319335937500e+02 7.138339042663574219e+00 6.703161621093750000e+01 2.533265113830566406e+00 1.738669633865356445e+00 2.060148048400878906e+01
4.443310573697090149e-02 2.086403656005859375e+01 1.806575164794921875e+02 2.139665832519531250e+02 3.259867858886718750e+01 -6.014146041870117188e+01 5.890562057495117188e+01 1.957251892089843750e+02 -4.717214703559875488e-01 6.431842041015625000e+01 3.939080834388732910e-01 -1.904457688331604004e+00 2.060148048400878906e+01
5.042308941483497620e-02 1.866442489624023438e+01 1.625402221679687500e+02 1.942868499755859375e+02 4.268756866455078125e+01 -4.588475418090820312e+01 5.260395050048828125e+01 1.768015441894531250e+02 1.796708106994628906e+00 5.763046264648437500e+01 9.758939146995544434e-01 -1.752586483955383301e+00 2.060148048400878906e+01
5.690929666161537170e-02 1.654275512695312500e+01 1.506059722900390625e+02 1.809732360839843750e+02 8.254303741455078125e+01 -2.176301717758178711e+00 4.721774291992187500e+01 1.641450500488281250e+02 9.154878616333007812e+00 5.181032180786132812e+01 2.913941144943237305e+00 -7.295355945825576782e-02 2.060148048400878906e+01
6.341847032308578491e-02 1.701365661621093750e+01 1.466276550292968750e+02 1.739357147216796875e+02 4.257539367675781250e+01 4.447086811065673828e+00 4.734066009521484375e+01 1.587113952636718750e+02 2.303821802139282227e+00 5.155813980102539062e+01 4.900749027729034424e-01 -1.344562470912933350e-01 2.060148048400878906e+01
6.949992477893829346e-02 1.498218250274658203e+01 1.311444091796875000e+02 1.555041656494140625e+02 3.433826065063476562e+01 1.636377143859863281e+01 4.169078826904296875e+01 1.417433319091796875e+02 1.039575815200805664e+00 4.538669204711914062e+01 3.749820888042449951e-01 7.260746955871582031e-01 2.060148048400878906e+01
7.558133453130722046e-02 1.330358409881591797e+01 1.260602798461914062e+02 1.498548126220703125e+02 5.935205078125000000e+01 -1.329546928405761719e+01 3.844340515136718750e+01 1.364448699951171875e+02 6.414118289947509766e+00 4.186597824096679688e+01 2.127629518508911133e+00 -2.840087413787841797e-01 2.060148048400878906e+01
8.196274191141128540e-02 1.164377498626708984e+01 1.135590209960937500e+02 1.346790008544921875e+02 5.273585510253906250e+01 1.576394653320312500e+01 3.373647308349609375e+01 1.224352722167968750e+02 5.291193962097167969e+00 3.667306137084960938e+01 1.646646976470947266e+00 3.008030354976654053e-01 2.060148048400878906e+01
8.830232173204421997e-02 1.010786437988281250e+01 1.013630905151367188e+02 1.205268402099609375e+02 5.250878524780273438e+01 2.547094535827636719e+01 2.951062011718750000e+01 1.092323989868164062e+02 5.273041248321533203e+00 3.193914031982421875e+01 1.352449655532836914e+00 4.789961576461791992e-01 2.060148048400878906e+01
9.435217082500457764e-02 9.414748191833496094e+00 9.289492797851562500e+01 1.113104095458984375e+02 4.407497406005859375e+01 -7.505342483520507812e+00 2.703486633300781250e+01 1.002571792602539062e+02 3.845632791519165039e+00 2.949226570129394531e+01 1.313797354698181152e+00 -2.601462006568908691e-01 2.060148048400878906e+01
1.005600690841674805e-01 8.744023323059082031e+00 9.057998657226562500e+01 1.061311645507812500e+02 2.005296516418457031e+01 -1.057096958160400391e+01 2.557237243652343750e+01 9.665903472900390625e+01 3.039443492889404297e-01 2.756829261779785156e+01 2.162112146615982056e-01 -3.260224759578704834e-01 2.060148048400878906e+01
1.070138886570930481e-01 7.380053997039794922e+00 7.907199859619140625e+01 9.361380767822265625e+01 3.130652046203613281e+01 -3.585186958312988281e+00 2.165797424316406250e+01 8.452574157714843750e+01 2.241653919219970703e+00 2.345368576049804688e+01 7.765826582908630371e-01 -1.380869448184967041e-01 2.060148048400878906e+01
1.134273484349250793e-01 7.073715209960937500e+00 7.472850036621093750e+01 8.810924530029296875e+01 2.432981872558593750e+01 -9.045376777648925781e-01 2.059996795654296875e+01 7.956555938720703125e+01 1.229861021041870117e+00 2.220421028137207031e+01 5.528573393821716309e-01 -1.117357239127159119e-01 2.060148048400878906e+01
1.196089535951614380e-01 6.937261581420898438e+00 7.714178466796875000e+01 8.973413085937500000e+01 2.625911140441894531e+01 2.442765426635742188e+01 2.066593933105468750e+01 8.159157562255859375e+01 1.598543882369995117e+00 2.200526809692382812e+01 4.784555435180664062e-01 6.101028919219970703e-01 2.060148048400878906e+01
1.257804334163665771e-01 6.517261505126953125e+00 7.300372314453125000e+01 8.449618530273437500e+01 1.985376358032226562e+01 4.216368198394775391e+00 1.944930076599121094e+01 7.688983154296875000e+01 7.418156862258911133e-01 2.069061279296875000e+01 3.528007566928863525e-01 -1.875201240181922913e-02 2.060148048400878906e+01
1.321490257978439331e-01 6.231657981872558594e+00 7.138515472412109375e+01 8.287255096435546875e+01 1.923550796508789062e+01 6.673807621002197266e+00 1.867695617675781250e+01 7.503166198730468750e+01 4.839288592338562012e-01 1.975600433349609375e+01 8.460681885480880737e-02 2.142993919551372528e-02 2.060148048400878906e+01
1.384563297033309937e-01 5.875302314758300781e+00 6.807900238037109375e+01 7.907978820800781250e+01 2.196224594116210938e+01 3.504097461700439453e+00 1.763671493530273438e+01 7.137892150878906250e+01 9.698185920715332031e-01 1.866563415527343750e+01 3.778406083583831787e-01 4.275907948613166809e-02 2.060148048400878906e+01
1.446497291326522827e-01 5.395524024963378906e+00 6.407327270507812500e+01 7.505175018310546875e+01 1.874442672729492188e+01 3.688839673995971680e+00 1.624622726440429688e+01 6.737000274658203125e+01 3.680611848831176758e-01 1.723319816589355469e+01 1.375979781150817871e-01 1.304202228784561157e-01 2.060148048400878906e+01
1.508535146713256836e-01 5.051973342895507812e+00 6.014888000488281250e+01 7.032086944580078125e+01 2.274188041687011719e+01 8.581115722656250000e+00 1.507684040069580078e+01 6.292757797241210938e+01 1.188518166542053223e+00 1.595820903778076172e+01 4.464673995971679688e-01 1.304997801780700684e-01 2.060148048400878906e+01
1.571729034185409546e-01 4.573269367218017578e+00 5.717438507080078125e+01 6.674234008789062500e+01 1.935083580017089844e+01 5.795941829681396484e+00 1.381961154937744141e+01 5.956507110595703125e+01 7.297610044479370117e-01 1.465028285980224609e+01 2.702697813510894775e-01 1.213128790259361267e-01 2.060148048400878906e+01
1.635417938232421875e-01 4.310693264007568359e+00 5.569515228271484375e+01 6.462514495849609375e+01 2.075109291076660156e+01 -1.506241798400878906e+00 1.320374011993408203e+01 5.765550613403320312e+01 1.182138085365295410e+00 1.384060859680175781e+01 3.215749263763427734e-01 -4.345306009054183960e-02 2.060148048400878906e+01
1.698256134986877441e-01 3.949750900268554688e+00 5.240980529785156250e+01 6.080118942260742188e+01 1.889922142028808594e+01 1.528652310371398926e+00 1.210060691833496094e+01 5.409563064575195312e+01 9.117198586463928223e-01 1.268389320373535156e+01 2.821423411369323730e-01 -9.341721888631582260e-04 2.060148048400878906e+01
1.761013567447662354e-01 3.780251502990722656e+00 5.246691131591796875e+01 6.081396865844726562e+01 1.793425941467285156e+01 1.606442570686340332e+00 1.183592224121093750e+01 5.389424514770507812e+01 5.310633778572082520e-01 1.238093948364257812e+01 2.247880995273590088e-01 -1.032950542867183685e-02 2.060148048400878906e+01
1.823998540639877319e-01 3.695102691650390625e+00 5.246829605102539062e+01 6.021902084350585938e+01 1.495875740051269531e+01 9.532328248023986816e-01 1.169283294677734375e+01 5.364552688598632812e+01 2.400092631578445435e-01 1.217059516906738281e+01 6.324002146720886230e-02 -2.831210382282733917e-02 2.060148048400878906e+01
1.886507123708724976e-01 3.460774898529052734e+00 4.913624572753906250e+01 5.700875854492187500e+01 2.068624496459960938e+01 7.345523357391357422e+00 1.084661197662353516e+01 5.027431488037109375e+01 1.134802699089050293e+00 1.125528526306152344e+01 3.018369972705841064e-01 1.329913288354873657e-01 2.060148048400878906e+01
1.949081569910049438e-01 3.347479343414306641e+00 4.754376983642578125e+01 5.502558135986328125e+01 1.605547332763671875e+01 3.724980115890502930e+00 1.042460918426513672e+01 4.839345550537109375e+01 3.298614025115966797e-01 1.077849578857421875e+01 1.334086954593658447e-01 3.119588457047939301e-02 2.060148048400878906e+01
2.011425346136093140e-01 3.235178947448730469e+00 4.748216247558593750e+01 5.481137084960937500e+01 1.586891746520996094e+01 4.454768180847167969e+00 1.027126312255859375e+01 4.814188385009765625e+01 2.675321698188781738e-01 1.054595088958740234e+01 9.076379984617233276e-02 8.962949365377426147e-02 2.060148048400878906e+01
2.073954045772552490e-01 3.047166824340820312e+00 4.550483703613281250e+01 5.221958160400390625e+01 1.780854988098144531e+01 1.358818531036376953e+00 9.609364509582519531e+00 4.575052261352539062e+01 6.610761880874633789e-01 9.811010360717773438e+00 2.319948077201843262e-01 -4.299661144614219666e-03 2.060148048400878906e+01
2.137389332056045532e-01 2.847483873367309570e+00 4.425547790527343750e+01 5.088071823120117188e+01 1.546692657470703125e+01 6.062169671058654785e-01 9.134160041809082031e+00 4.431563568115234375e+01 2.284368872642517090e-01 9.322559356689453125e+00 1.040166765451431274e-01 -4.114306066185235977e-03 2.060148048400878906e+01
2.200330942869186401e-01 2.699128389358520508e+00 4.352309036254882812e+01 4.947889328002929688e+01 1.242807006835937500e+01 3.744095802307128906e+00 8.746991157531738281e+00 4.327040481567382812e+01 -1.522599160671234131e-01 8.849874496459960938e+00 3.521613776683807373e-02 6.298011541366577148e-02 2.060148048400878906e+01
2.262930423021316528e-01 2.617277145385742188e+00 4.282463073730468750e+01 4.860968017578125000e+01 1.177255439758300781e+01 -1.371105670928955078e+00 8.495752334594726562e+00 4.231031417846679688e+01 -3.795131146907806396e-01 8.525417327880859375e+00 -1.713915914297103882e-02 -5.027876421809196472e-02 2.060148048400878906e+01
2.325985133647918701e-01 2.518442392349243164e+00 4.155635070800781250e+01 4.775326538085937500e+01 1.418679237365722656e+01 4.153800964355468750e+00 8.199464797973632812e+00 4.114308166503906250e+01 -8.472830057144165039e-02 8.265096664428710938e+00 3.320079296827316284e-02 5.203925073146820068e-02 2.060148048400878906e+01
2.388891130685806274e-01 2.379322290420532227e+00 4.059745025634765625e+01 4.698213958740234375e+01 1.070660686492919922e+01 1.530796289443969727e+00 7.811859607696533203e+00 4.015380096435546875e+01 -7.371399402618408203e-01 7.863391399383544922e+00 -7.498048245906829834e-02 4.231882467865943909e-02 2.060148048400878906e+01
2.451218813657760620e-01 2.304330825805664062e+00 3.994524002075195312e+01 4.552761459350585938e+01 1.483137989044189453e+01 3.951961994171142578e+00 7.620870113372802734e+00 3.898612213134765625e+01 6.248378381133079529e-02 7.550572395324707031e+00 4.584947973489761353e-02 3.468776866793632507e-02 2.060148048400878906e+01
2.513737380504608154e-01 2.247411251068115234e+00 3.943955993652343750e+01 4.503899383544921875e+01 1.163562583923339844e+01 2.895401954650878906e+00 7.451858043670654297e+00 3.844794082641601562e+01 -4.815770387649536133e-01 7.399805545806884766e+00 -2.265926636755466461e-02 4.772221669554710388e-02 2.060148048400878906e+01
2.577070593833923340e-01 2.165397882461547852e+00 3.879681015014648438e+01 4.397868347167968750e+01 1.224723625183105469e+01 1.945746541023254395e+00 7.196975708007812500e+00 3.741218185424804688e+01 -4.674183130264282227e-01 7.075612068176269531e+00 -2.807402424514293671e-02 2.431841939687728882e-02 2.060148048400878906e+01
2.640204429626464844e-01 2.085041761398315430e+00 3.776015853881835938e+01 4.320482635498046875e+01 1.179521751403808594e+01 4.365702152252197266e+00 6.940429210662841797e+00 3.640732955932617188e+01 -5.958803892135620117e-01 6.854765415191650391e+00 -3.594267740845680237e-02 6.922279298305511475e-02 2.060148048400878906e+01
2.702898085117340088e-01 2.016236066818237305e+00 3.752195739746093750e+01 4.231247329711914062e+01 1.015191555023193359e+01 3.008049488067626953e+00 6.748595237731933594e+00 3.585388946533203125e+01 -7.067774534225463867e-01 6.560922622680664062e+00 -4.812905937433242798e-02 5.872780457139015198e-02 2.060148048400878906e+01
2.765615284442901611e-01 1.954400897026062012e+00 3.736128234863281250e+01 4.247787094116210938e+01 1.082599449157714844e+01 3.692291736602783203e+00 6.637647628784179688e+00 3.567737960815429688e+01 -6.847660541534423828e-01 6.491190910339355469e+00 -6.217390671372413635e-02 6.510414183139801025e-02 2.060148048400878906e+01
2.828698754310607910e-01 1.891427516937255859e+00 3.634604644775390625e+01 4.095825958251953125e+01 9.177369117736816406e+00 1.173218369483947754e+00 6.399455547332763672e+00 3.430919265747070312e+01 -1.002021789550781250e+00 6.146927356719970703e+00 -1.157932430505752563e-01 1.717033982276916504e-02 2.060148048400878906e+01
2.891486585140228271e-01 1.838950276374816895e+00 3.555343627929687500e+01 4.033935928344726562e+01 1.221873950958251953e+01 4.938099861145019531e+00 6.200472354888916016e+00 3.338188171386718750e+01 -5.962473750114440918e-01 5.972819328308105469e+00 -5.337425321340560913e-02 8.724544942378997803e-02 2.060148048400878906e+01
2.953523397445678711e-01 1.775134801864624023e+00 3.545598220825195312e+01 3.969525146484375000e+01 1.004108715057373047e+01 4.440207004547119141e+00 6.059856891632080078e+00 3.297502517700195312e+01 -9.094663858413696289e-01 5.776880264282226562e+00 -1.082728132605552673e-01 7.069323211908340454e-02 2.060148048400878906e+01
3.016075491905212402e-01 1.712170720100402832e+00 3.478595733642578125e+01 3.906178283691406250e+01 8.836976051330566406e+00 2.947047233581542969e+00 5.899457454681396484e+00 3.220584487915039062e+01 -1.096803545951843262e+00 5.585748672485351562e+00 -1.497167050838470459e-01 5.179267749190330505e-02 2.060148048400878906e+01
3.079382479190826416e-01 1.678407788276672363e+00 3.419644165039062500e+01 3.864120864868164062e+01 1.019017314910888672e+01 2.897961616516113281e+00 5.742971420288085938e+00 3.156242370605468750e+01 -9.724210500717163086e-01 5.401666164398193359e+00 -1.137796342372894287e-01 2.260718122124671936e-02 2.060148048400878906e+01
3.142760396003723145e-01 1.625626802444458008e+00 3.390734481811523438e+01 3.802338790893554688e+01 9.027798652648925781e+00 2.942279577255249023e+00 5.564186096191406250e+00 3.089097785949707031e+01 -1.181448221206665039e+00 5.170885562896728516e+00 -1.497296988964080811e-01 5.320251733064651489e-02 2.060148048400878906e+01
3.205462992191314697e-01 1.605495691299438477e+00 3.370800399780273438e+01 3.785475921630859375e+01 9.164239883422851562e+00 2.595409870147705078e+00 5.542439937591552734e+00 3.069089889526367188e+01 -1.161768913269042969e+00 5.178927421569824219e+00 -1.355057954788208008e-01 5.583896115422248840e-02 2.060148048400878906e+01
3.268128037452697754e-01 1.557768464088439941e+00 3.345975112915039062e+01 3.738080596923828125e+01 8.394256591796875000e+00 4.234046459197998047e+00 5.395166873931884766e+00 3.032142066955566406e+01 -1.223793745040893555e+00 4.983176708221435547e+00 -1.589838862419128418e-01 7.741006463766098022e-02 2.060148048400878906e+01
3.331238031387329102e-01 1.533700346946716309e+00 3.302536010742187500e+01 3.675289916992187500e+01 8.237169265747070312e+00 5.117244243621826172e+00 5.308291435241699219e+00 2.962474250793457031e+01 -1.338032126426696777e+00 4.873445510864257812e+00 -1.787040978670120239e-01 9.614367038011550903e-02 2.060148048400878906e+01
3.394046723842620850e-01 1.505685925483703613e+00 3.254419326782226562e+01 3.647261810302734375e+01 8.365572929382324219e+00 4.902286529541015625e+00 5.209568977355957031e+00 2.901969337463378906e+01 -1.384347796440124512e+00 4.714666366577148438e+00 -2.047313749790191650e-01 7.384601980447769165e-02 2.060148048400878906e+01
3.456391692161560059e-01 1.478022575378417969e+00 3.254018402099609375e+01 3.624525070190429688e+01 7.934753894805908203e+00 4.213896274566650391e+00 5.140885353088378906e+00 2.882176971435546875e+01 -1.502980947494506836e+00 4.644785881042480469e+00 -2.178228944540023804e-01 7.417380809783935547e-02 2.060148048400878906e+01
3.518808186054229736e-01 1.450916290283203125e+00 3.273729324340820312e+01 3.606773376464843750e+01 7.481398582458496094e+00 4.678759098052978516e+00 5.088533401489257812e+00 2.865310859680175781e+01 -1.551980614662170410e+00 4.546807289123535156e+00 -2.191448062658309937e-01 8.604370057582855225e-02 2.060148048400878906e+01
3.582032322883605957e-01 1.441486358642578125e+00 3.227613067626953125e+01 3.563930130004882812e+01 8.343754768371582031e+00 5.566442489624023438e+00 5.015568733215332031e+00 2.802367019653320312e+01 -1.573792457580566406e+00 4.453220367431640625e+00 -2.157458066940307617e-01 9.876563400030136108e-02 2.060148048400878906e+01
3.645117878913879395e-01 1.417470693588256836e+00 3.184952926635742188e+01 3.505607604980468750e+01 7.280361652374267578e+00 6.342647552490234375e+00 4.880682945251464844e+00 2.739702415466308594e+01 -1.786002516746520996e+00 4.265193939208984375e+00 -2.685677707195281982e-01 9.862351417541503906e-02 2.060148048400878906e+01
3.707640767097473145e-01 1.405623793601989746e+00 3.221573257446289062e+01 3.522777938842773438e+01 7.018373012542724609e+00 8.009232521057128906e+00 4.902859210968017578e+00 2.745670890808105469e+01 -1.922208905220031738e+00 4.279754638671875000e+00 -2.642581164836883545e-01 1.113105937838554382e-01 2.060148048400878906e+01
3.770540952682495117e-01 1.399000525474548340e+00 3.249771499633789062e+01 3.592161941528320312e+01 7.857157230377197266e+00 9.786010742187500000e+00 4.892911911010742188e+00 2.778602600097656250e+01 -1.919407248497009277e+00 4.277737617492675781e+00 -2.698872983455657959e-01 1.417205333709716797e-01 2.060148048400878906e+01
3.833588361740112305e-01 1.374748587608337402e+00 3.258421325683593750e+01 3.603966903686523438e+01 7.511538505554199219e+00 1.063224506378173828e+01 4.816378116607666016e+00 2.759200859069824219e+01 -2.111484050750732422e+00 4.169918060302734375e+00 -2.901343107223510742e-01 1.338537633419036865e-01 2.060148048400878906e+01
3.896513879299163818e-01 1.388425350189208984e+00 3.280059432983398438e+01 3.594228744506835938e+01 7.657606601715087891e+00 1.243943023681640625e+01 4.840926170349121094e+00 2.750321197509765625e+01 -2.044375419616699219e+00 4.149334430694580078e+00 -2.720225155353546143e-01 1.763786971569061279e-01 2.060148048400878906e+01
3.958770036697387695e-01 1.410518050193786621e+00 3.381279373168945312e+01 3.707141876220703125e+01 8.054353713989257812e+00 1.636103630065917969e+01 4.949239730834960938e+00 2.810541725158691406e+01 -2.361999750137329102e+00 4.228518962860107422e+00 -3.144339323043823242e-01 1.965903341770172119e-01 2.060148048400878906e+01
4.021010994911193848e-01 1.415882706642150879e+00 3.428635787963867188e+01 3.762282943725585938e+01 7.727243900299072266e+00 1.684776306152343750e+01 4.981778144836425781e+00 2.844906616210937500e+01 -2.470273733139038086e+00 4.236212730407714844e+00 -3.249398469924926758e-01 2.329140752553939819e-01 2.060148048400878906e+01
