# k, P_{cc}, P_{hh,r}, P_{hh,0}, P_{hh,2}, P_{hh,4}, P_{hc,r}, P_{hc,0}, P_{hc,2}, P_{hc,4}, P_pSN
#  Realization 56
8.018244989216327667e-03 3.462249374389648438e+01 2.889929199218750000e+02 3.355119018554687500e+02 -1.078759155273437500e+02 -1.807139739990234375e+02 9.653809356689453125e+01 3.105659790039062500e+02 -2.813628387451171875e+01 1.042366027832031250e+02 -8.910841941833496094e+00 -4.888670921325683594e+00 2.065446472167968750e+01
1.401655934751033783e-02 4.144172668457031250e+01 3.533458251953125000e+02 4.209231567382812500e+02 3.272530364990234375e+01 6.827659606933593750e+01 1.185635757446289062e+02 3.843550720214843750e+02 -8.152098655700683594e+00 1.295375976562500000e+02 -1.333029508590698242e+00 1.211516380310058594e+00 2.065446472167968750e+01
1.969251595437526703e-02 2.860122299194335938e+01 2.186882934570312500e+02 2.677315673828125000e+02 1.053626251220703125e+02 -8.055009460449218750e+01 7.654695892333984375e+01 2.410757598876953125e+02 1.042511272430419922e+01 8.461692047119140625e+01 2.199847221374511719e+00 -2.901592493057250977e+00 2.065446472167968750e+01
2.551339380443096161e-02 3.307328796386718750e+01 2.590562438964843750e+02 3.144624938964843750e+02 9.993357086181640625e+01 7.137076568603515625e+01 8.988656616210937500e+01 2.843323059082031250e+02 7.074673652648925781e+00 9.914675903320312500e+01 2.822815895080566406e+00 2.065352916717529297e+00 2.065446472167968750e+01
3.202908113598823547e-02 2.940223121643066406e+01 2.565669860839843750e+02 3.086640014648437500e+02 1.062108840942382812e+02 2.715972328186035156e+01 8.436035156250000000e+01 2.802964782714843750e+02 8.777709960937500000e+00 9.252724456787109375e+01 2.147626161575317383e+00 5.700493454933166504e-01 2.065446472167968750e+01
3.846523538231849670e-02 2.476260375976562500e+01 2.045804138183593750e+02 2.481737976074218750e+02 1.156870956420898438e+02 2.963408470153808594e+01 6.840517425537109375e+01 2.243856353759765625e+02 1.245359230041503906e+01 7.547169494628906250e+01 4.513894557952880859e+00 9.103233218193054199e-01 2.065446472167968750e+01
4.443310573697090149e-02 2.073065757751464844e+01 1.801248474121093750e+02 2.156233367919921875e+02 5.892950439453125000e+01 -5.167853927612304688e+01 5.848774719238281250e+01 1.961995391845703125e+02 4.296791553497314453e+00 6.420796966552734375e+01 1.506054759025573730e+00 -1.930890917778015137e+00 2.065446472167968750e+01
5.042308941483497620e-02 2.028665733337402344e+01 1.763917236328125000e+02 2.087691345214843750e+02 2.679003143310546875e+01 1.491506767272949219e+01 5.732955932617187500e+01 1.909773406982421875e+02 -1.696269392967224121e+00 6.238585662841796875e+01 -7.743253707885742188e-01 4.483561813831329346e-01 2.065446472167968750e+01
5.690929666161537170e-02 1.774874877929687500e+01 1.548780670166015625e+02 1.834744873046875000e+02 2.633586883544921875e+01 -4.115845870971679688e+01 4.978562164306640625e+01 1.676494598388671875e+02 -8.128149509429931641e-01 5.426332855224609375e+01 1.907577514648437500e-01 -1.090492963790893555e+00 2.065446472167968750e+01
6.341847032308578491e-02 1.615596771240234375e+01 1.476398162841796875e+02 1.739927215576171875e+02 3.688280868530273438e+01 2.876327753067016602e+00 4.595125198364257812e+01 1.593235473632812500e+02 1.361545085906982422e+00 4.999368667602539062e+01 8.745010495185852051e-01 6.332635879516601562e-02 2.065446472167968750e+01
6.949992477893829346e-02 1.516491031646728516e+01 1.368905181884765625e+02 1.616410980224609375e+02 4.459665679931640625e+01 1.869431304931640625e+01 4.275658798217773438e+01 1.476667785644531250e+02 2.904415845870971680e+00 4.644638061523437500e+01 9.867876768112182617e-01 4.315768182277679443e-01 2.065446472167968750e+01
7.558133453130722046e-02 1.377218532562255859e+01 1.275977020263671875e+02 1.511622314453125000e+02 4.616865539550781250e+01 -1.817984962463378906e+01 3.923120880126953125e+01 1.378259582519531250e+02 3.738451004028320312e+00 4.268457031250000000e+01 1.352884173393249512e+00 -8.212674260139465332e-01 2.065446472167968750e+01
8.196274191141128540e-02 1.217823028564453125e+01 1.133879928588867188e+02 1.348638458251953125e+02 5.542238235473632812e+01 -8.110201835632324219e+00 3.462720108032226562e+01 1.224929428100585938e+02 5.739027500152587891e+00 3.761198806762695312e+01 1.888533353805541992e+00 -4.198125004768371582e-01 2.065446472167968750e+01
8.830232173204421997e-02 1.045584964752197266e+01 1.007929763793945312e+02 1.200096359252929688e+02 4.434538269042968750e+01 -5.271647930145263672e+00 2.978298187255859375e+01 1.087358093261718750e+02 4.064790725708007812e+00 3.235396957397460938e+01 1.121746778488159180e+00 -2.939662039279937744e-01 2.065446472167968750e+01
9.435217082500457764e-02 9.454257965087890625e+00 9.274566650390625000e+01 1.086943283081054688e+02 3.204821014404296875e+01 3.481997728347778320e+00 2.705724525451660156e+01 9.911113739013671875e+01 2.313627719879150391e+00 2.912546157836914062e+01 7.067595124244689941e-01 1.225567758083343506e-01 2.065446472167968750e+01
1.005600690841674805e-01 8.677417755126953125e+00 8.810525512695312500e+01 1.028973617553710938e+02 2.639926719665527344e+01 -5.702913284301757812e+00 2.500391578674316406e+01 9.388505554199218750e+01 1.549429774284362793e+00 2.690123939514160156e+01 5.529096126556396484e-01 -1.105819344520568848e-01 2.065446472167968750e+01
1.070138886570930481e-01 7.589910030364990234e+00 7.956174468994140625e+01 9.369900512695312500e+01 3.330958557128906250e+01 1.262387561798095703e+01 2.199231529235839844e+01 8.488144683837890625e+01 2.653019428253173828e+00 2.373821067810058594e+01 8.219147920608520508e-01 2.674265503883361816e-01 2.065446472167968750e+01
1.134273484349250793e-01 7.239554882049560547e+00 7.831964111328125000e+01 9.262534332275390625e+01 3.439664077758789062e+01 1.311011075973510742e+00 2.128852462768554688e+01 8.368838500976562500e+01 2.837185859680175781e+00 2.293296241760253906e+01 8.646656870841979980e-01 8.984535187482833862e-02 2.065446472167968750e+01
1.196089535951614380e-01 6.787790298461914062e+00 7.559499359130859375e+01 8.885463714599609375e+01 3.590989303588867188e+01 1.854991340637207031e+01 2.025710678100585938e+01 8.022705078125000000e+01 3.049073457717895508e+00 2.169241333007812500e+01 8.579233288764953613e-01 4.093386232852935791e-01 2.065446472167968750e+01
1.257804334163665771e-01 6.472212314605712891e+00 7.171363830566406250e+01 8.476901245117187500e+01 3.053380012512207031e+01 3.617772459983825684e-01 1.911301612854003906e+01 7.628110504150390625e+01 2.409389972686767578e+00 2.049986457824707031e+01 6.835516095161437988e-01 -8.039248734712600708e-02 2.065446472167968750e+01
1.321490257978439331e-01 6.244463443756103516e+00 7.041698455810546875e+01 8.279724884033203125e+01 2.846277618408203125e+01 2.614820241928100586e+00 1.854765319824218750e+01 7.455777740478515625e+01 2.119680643081665039e+00 1.981623077392578125e+01 6.917959451675415039e-01 5.960016697645187378e-02 2.065446472167968750e+01
1.384563297033309937e-01 5.893282413482666016e+00 6.935227966308593750e+01 8.034577178955078125e+01 2.524731826782226562e+01 7.276865959167480469e+00 1.774073028564453125e+01 7.284776306152343750e+01 1.845834016799926758e+00 1.883292579650878906e+01 5.568472743034362793e-01 1.449304223060607910e-01 2.065446472167968750e+01
1.446497291326522827e-01 5.327532291412353516e+00 6.346604537963867188e+01 7.392516326904296875e+01 2.383414077758789062e+01 -1.681814432144165039e+00 1.595944213867187500e+01 6.658367919921875000e+01 1.562900066375732422e+00 1.695677947998046875e+01 5.334290862083435059e-01 -2.672298625111579895e-02 2.065446472167968750e+01
1.508535146713256836e-01 5.064836978912353516e+00 6.071136093139648438e+01 7.094521331787109375e+01 2.724854087829589844e+01 4.023894309997558594e+00 1.522947025299072266e+01 6.361048126220703125e+01 2.202067375183105469e+00 1.612089729309082031e+01 5.791562199592590332e-01 1.260412931442260742e-01 2.065446472167968750e+01
1.571729034185409546e-01 4.717192173004150391e+00 5.841501998901367188e+01 6.796440887451171875e+01 2.088542366027832031e+01 2.463610649108886719e+00 1.423747253417968750e+01 6.088901519775390625e+01 1.201581478118896484e+00 1.499593067169189453e+01 2.842021882534027100e-01 -2.423675730824470520e-03 2.065446472167968750e+01
1.635417938232421875e-01 4.316674232482910156e+00 5.545015335083007812e+01 6.435340118408203125e+01 2.070204734802246094e+01 3.585328102111816406e+00 1.318405055999755859e+01 5.749877548217773438e+01 1.000720381736755371e+00 1.383406734466552734e+01 2.878193259239196777e-01 2.505428344011306763e-02 2.065446472167968750e+01
1.698256134986877441e-01 4.009198188781738281e+00 5.296529006958007812e+01 6.076972198486328125e+01 1.710270690917968750e+01 8.785022735595703125e+00 1.224393653869628906e+01 5.447101593017578125e+01 6.658640503883361816e-01 1.278173351287841797e+01 2.054836153984069824e-01 1.366476714611053467e-01 2.065446472167968750e+01
1.761013567447662354e-01 3.743724107742309570e+00 5.089433288574218750e+01 6.000746154785156250e+01 2.201023101806640625e+01 6.272145748138427734e+00 1.150169467926025391e+01 5.280478668212890625e+01 1.146742343902587891e+00 1.211772251129150391e+01 3.640838563442230225e-01 8.650372177362442017e-02 2.065446472167968750e+01
1.823998540639877319e-01 3.657558202743530273e+00 4.950316238403320312e+01 5.784003067016601562e+01 2.160451507568359375e+01 8.565999031066894531e+00 1.123444175720214844e+01 5.102902221679687500e+01 1.213818907737731934e+00 1.174523544311523438e+01 2.618323862552642822e-01 1.243396252393722534e-01 2.065446472167968750e+01
1.886507123708724976e-01 3.515703916549682617e+00 4.977207565307617188e+01 5.754354476928710938e+01 1.819379043579101562e+01 2.918373584747314453e+00 1.100638294219970703e+01 5.086244583129882812e+01 6.518018245697021484e-01 1.140279865264892578e+01 2.125791907310485840e-01 3.878816962242126465e-02 2.065446472167968750e+01
1.949081569910049438e-01 3.340080976486206055e+00 4.853419876098632812e+01 5.613384246826171875e+01 1.717625808715820312e+01 4.130589962005615234e+00 1.056013202667236328e+01 4.955983352661132812e+01 5.196123719215393066e-01 1.091112995147705078e+01 1.468172520399093628e-01 5.778624117374420166e-02 2.065446472167968750e+01
2.011425346136093140e-01 3.201734542846679688e+00 4.695293426513671875e+01 5.349362945556640625e+01 1.560760784149169922e+01 4.844583988189697266e+00 1.011271381378173828e+01 4.734699249267578125e+01 4.170786440372467041e-01 1.037251853942871094e+01 1.503654867410659790e-01 9.270235151052474976e-02 2.065446472167968750e+01
2.073954045772552490e-01 3.096569061279296875e+00 4.587416458129882812e+01 5.233702850341796875e+01 1.462797737121582031e+01 7.838255763053894043e-01 9.813828468322753906e+00 4.615372467041015625e+01 3.186284899711608887e-01 1.002524280548095703e+01 1.100508645176887512e-01 3.882595896720886230e-02 2.065446472167968750e+01
2.137389332056045532e-01 2.929251432418823242e+00 4.520601654052734375e+01 5.163217163085937500e+01 1.529564380645751953e+01 4.277881145477294922e+00 9.366754531860351562e+00 4.529768753051757812e+01 2.323603928089141846e-01 9.555527687072753906e+00 1.428506821393966675e-01 4.368305951356887817e-02 2.065446472167968750e+01
2.200330942869186401e-01 2.711438179016113281e+00 4.264351654052734375e+01 4.916415405273437500e+01 1.480966854095458984e+01 4.494774341583251953e+00 8.673066139221191406e+00 4.270384979248046875e+01 1.802845150232315063e-01 8.815271377563476562e+00 1.075174883008003235e-01 2.968998253345489502e-02 2.065446472167968750e+01
2.262930423021316528e-01 2.627568483352661133e+00 4.246634292602539062e+01 4.825759124755859375e+01 1.302857494354248047e+01 3.977985620498657227e+00 8.475069999694824219e+00 4.212012100219726562e+01 3.195004910230636597e-02 8.576827049255371094e+00 5.028734356164932251e-02 5.912443250417709351e-02 2.065446472167968750e+01
2.325985133647918701e-01 2.524541854858398438e+00 4.169213485717773438e+01 4.822976684570312500e+01 1.426634025573730469e+01 5.546151638031005859e+00 8.205173492431640625e+00 4.154425430297851562e+01 -6.675335019826889038e-02 8.327362060546875000e+00 3.607579320669174194e-02 7.775868475437164307e-02 2.065446472167968750e+01
2.388891130685806274e-01 2.454405069351196289e+00 4.135461044311523438e+01 4.729238128662109375e+01 1.085446262359619141e+01 -4.872556328773498535e-01 8.030621528625488281e+00 4.084105300903320312e+01 -6.213392019271850586e-01 8.072061538696289062e+00 -4.260780289769172668e-02 -4.249090328812599182e-02 2.065446472167968750e+01
2.451218813657760620e-01 2.343117237091064453e+00 3.990563583374023438e+01 4.562002944946289062e+01 1.294913482666015625e+01 2.923537015914916992e+00 7.672828197479248047e+00 3.932402801513671875e+01 -1.287206858396530151e-01 7.689630031585693359e+00 5.207522306591272354e-03 1.658171974122524261e-02 2.065446472167968750e+01
2.513737380504608154e-01 2.283396244049072266e+00 3.963117218017578125e+01 4.500319671630859375e+01 1.251553535461425781e+01 2.102264165878295898e+00 7.517191886901855469e+00 3.863361358642578125e+01 -3.312474489212036133e-01 7.491225719451904297e+00 1.290177647024393082e-02 1.395688205957412720e-02 2.065446472167968750e+01
2.577070593833923340e-01 2.217631101608276367e+00 3.940641403198242188e+01 4.492832565307617188e+01 1.340569496154785156e+01 2.538276910781860352e+00 7.393915176391601562e+00 3.838754272460937500e+01 -2.098601758480072021e-01 7.303665161132812500e+00 -6.885160692036151886e-03 2.814464271068572998e-02 2.065446472167968750e+01
2.640204429626464844e-01 2.104695320129394531e+00 3.765068054199218750e+01 4.277439498901367188e+01 1.187029361724853516e+01 5.050527572631835938e+00 6.966069221496582031e+00 3.633007812500000000e+01 -4.128475189208984375e-01 6.815790653228759766e+00 -1.215132977813482285e-02 8.400129526853561401e-02 2.065446472167968750e+01
2.702898085117340088e-01 2.016096591949462891e+00 3.695119857788085938e+01 4.167473220825195312e+01 1.059825515747070312e+01 2.264777421951293945e+00 6.713140010833740234e+00 3.540111923217773438e+01 -5.505822896957397461e-01 6.541450023651123047e+00 -3.268318623304367065e-02 4.699290543794631958e-02 2.065446472167968750e+01
2.765615284442901611e-01 1.964915037155151367e+00 3.719506072998046875e+01 4.200540924072265625e+01 1.099403953552246094e+01 5.106181621551513672e+00 6.598868846893310547e+00 3.541541671752929688e+01 -7.200596928596496582e-01 6.426557064056396484e+00 -7.607762515544891357e-02 5.699764192104339600e-02 2.065446472167968750e+01
2.828698754310607910e-01 1.866617679595947266e+00 3.571653747558593750e+01 4.052080535888671875e+01 1.067011642456054688e+01 3.655130624771118164e+00 6.278787136077880859e+00 3.386968612670898438e+01 -7.100839614868164062e-01 6.078321456909179688e+00 -8.428841829299926758e-02 4.578985273838043213e-02 2.065446472167968750e+01
2.891486585140228271e-01 1.831057786941528320e+00 3.582580184936523438e+01 4.074540328979492188e+01 1.029564666748046875e+01 2.210610628128051758e+00 6.204936504364013672e+00 3.394744491577148438e+01 -7.699735760688781738e-01 6.000597000122070312e+00 -8.108758181333541870e-02 1.766927912831306458e-02 2.065446472167968750e+01
2.953523397445678711e-01 1.777192711830139160e+00 3.529193496704101562e+01 3.989236450195312500e+01 9.810618400573730469e+00 3.685611963272094727e+00 6.028779983520507812e+00 3.312562561035156250e+01 -9.552565813064575195e-01 5.802750587463378906e+00 -1.127171367406845093e-01 6.217784434556961060e-02 2.065446472167968750e+01
3.016075491905212402e-01 1.724614977836608887e+00 3.455261230468750000e+01 3.900648498535156250e+01 8.489180564880371094e+00 2.168885707855224609e+00 5.857467651367187500e+00 3.228217315673828125e+01 -1.069920182228088379e+00 5.577653884887695312e+00 -1.604576855897903442e-01 4.666572809219360352e-02 2.065446472167968750e+01
3.079382479190826416e-01 1.682667851448059082e+00 3.399254989624023438e+01 3.803698348999023438e+01 1.047019481658935547e+01 4.714854240417480469e+00 5.735320568084716797e+00 3.142041206359863281e+01 -7.869211435317993164e-01 5.424835205078125000e+00 -8.416715264320373535e-02 5.474367365241050720e-02 2.065446472167968750e+01
3.142760396003723145e-01 1.657334923744201660e+00 3.432347488403320312e+01 3.858029174804687500e+01 8.989638328552246094e+00 3.760575771331787109e+00 5.699179649353027344e+00 3.172724342346191406e+01 -1.154519796371459961e+00 5.392533302307128906e+00 -1.538556367158889771e-01 2.293349243700504303e-02 2.065446472167968750e+01
3.205462992191314697e-01 1.605707406997680664e+00 3.321087646484375000e+01 3.701677703857421875e+01 7.342655181884765625e+00 8.958998918533325195e-01 5.487416267395019531e+00 3.021267318725585938e+01 -1.304309129714965820e+00 5.087092876434326172e+00 -1.918830126523971558e-01 4.192881658673286438e-02 2.065446472167968750e+01
3.268128037452697754e-01 1.584966063499450684e+00 3.367616271972656250e+01 3.692422866821289062e+01 8.044155120849609375e+00 3.739852905273437500e+00 5.459389686584472656e+00 3.034776878356933594e+01 -1.112552404403686523e+00 5.025613307952880859e+00 -1.304569393396377563e-01 6.605654209852218628e-02 2.065446472167968750e+01
3.331238031387329102e-01 1.537989735603332520e+00 3.261935806274414062e+01 3.700328826904296875e+01 9.918128967285156250e+00 5.175218105316162109e+00 5.252802371978759766e+00 2.970894622802734375e+01 -1.138968706130981445e+00 4.884025096893310547e+00 -1.518494486808776855e-01 7.353651523590087891e-02 2.065446472167968750e+01
3.394046723842620850e-01 1.518644809722900391e+00 3.275072097778320312e+01 3.633728408813476562e+01 9.196256637573242188e+00 3.394052028656005859e+00 5.235959529876708984e+00 2.930967140197753906e+01 -1.094757080078125000e+00 4.779235839843750000e+00 -1.415623277425765991e-01 6.704994291067123413e-02 2.065446472167968750e+01
3.456391692161560059e-01 1.484986424446105957e+00 3.273276901245117188e+01 3.604964065551757812e+01 7.156308174133300781e+00 4.296997070312500000e+00 5.132028579711914062e+00 2.900263786315917969e+01 -1.476367712020874023e+00 4.641738414764404297e+00 -2.210667133331298828e-01 6.895681470632553101e-02 2.065446472167968750e+01
3.518808186054229736e-01 1.467493176460266113e+00 3.253047180175781250e+01 3.612970733642578125e+01 7.903872966766357422e+00 5.788251399993896484e+00 5.085508346557617188e+00 2.883931541442871094e+01 -1.463168978691101074e+00 4.602733135223388672e+00 -1.993859857320785522e-01 1.022359728813171387e-01 2.065446472167968750e+01
3.582032322883605957e-01 1.458333373069763184e+00 3.246318054199218750e+01 3.564048385620117188e+01 8.287293434143066406e+00 5.006906032562255859e+00 5.067893028259277344e+00 2.841175651550292969e+01 -1.414373159408569336e+00 4.517523765563964844e+00 -1.816751062870025635e-01 8.229199796915054321e-02 2.065446472167968750e+01
3.645117878913879395e-01 1.423388481140136719e+00 3.223392486572265625e+01 3.545166778564453125e+01 7.257410049438476562e+00 6.906528949737548828e+00 4.952504634857177734e+00 2.808070755004882812e+01 -1.661187052726745605e+00 4.399971008300781250e+00 -2.206981182098388672e-01 1.000266969203948975e-01 2.065446472167968750e+01
3.707640767097473145e-01 1.413553357124328613e+00 3.205984878540039062e+01 3.524312591552734375e+01 7.133655548095703125e+00 7.115647315979003906e+00 4.885180950164794922e+00 2.773241424560546875e+01 -1.753370642662048340e+00 4.320090293884277344e+00 -2.260617315769195557e-01 9.318094700574874878e-02 2.065446472167968750e+01
3.770540952682495117e-01 1.425870418548583984e+00 3.282099151611328125e+01 3.596764373779296875e+01 7.415963172912597656e+00 8.521902084350585938e+00 4.976480960845947266e+00 2.822177314758300781e+01 -1.740848302841186523e+00 4.363035678863525391e+00 -2.331346124410629272e-01 1.363329142332077026e-01 2.065446472167968750e+01
3.833588361740112305e-01 1.411877870559692383e+00 3.247589111328125000e+01 3.568077468872070312e+01 7.258911132812500000e+00 1.007328224182128906e+01 4.884622573852539062e+00 2.762887954711914062e+01 -1.942931175231933594e+00 4.235204219818115234e+00 -2.558987438678741455e-01 1.533597409725189209e-01 2.065446472167968750e+01
3.896513879299163818e-01 1.404156923294067383e+00 3.300660705566406250e+01 3.631348419189453125e+01 7.978196620941162109e+00 1.169077014923095703e+01 4.897725105285644531e+00 2.799149894714355469e+01 -1.976645112037658691e+00 4.249398231506347656e+00 -2.457241714000701904e-01 1.696969121694564819e-01 2.065446472167968750e+01
3.958770036697387695e-01 1.406301975250244141e+00 3.363543319702148438e+01 3.734542465209960938e+01 8.200298309326171875e+00 1.619518280029296875e+01 4.940027236938476562e+00 2.840271186828613281e+01 -2.208816528320312500e+00 4.232461929321289062e+00 -3.109158277511596680e-01 2.176774889230728149e-01 2.065446472167968750e+01
4.021010994911193848e-01 1.431758165359497070e+00 3.466861724853515625e+01 3.766667175292968750e+01 7.032669544219970703e+00 1.685457229614257812e+01 5.083641529083251953e+00 2.899929046630859375e+01 -2.389372348785400391e+00 4.331012248992919922e+00 -3.064871430397033691e-01 2.346988767385482788e-01 2.065446472167968750e+01
