# k, P_{cc}, P_{hh,r}, P_{hh,0}, P_{hh,2}, P_{hh,4}, P_{cm}, P_{hc,r}, P_{hc,0}, P_{hc,2}, P_{hc,4}, P_pSN
#  Realization 113
8.018244989216327667e-03 5.190364456176757812e+01 3.316838378906250000e+02 4.162363891601562500e+02 4.440836486816406250e+02 1.090929321289062500e+03 5.166365051269531250e+01 1.273457641601562500e+02 3.695384216308593750e+02 5.605588531494140625e+01 1.403775939941406250e+02 1.073994922637939453e+01 3.843653869628906250e+01 1.981851005554199219e+01
1.401655934751033783e-02 3.515187072753906250e+01 2.715924072265625000e+02 3.228371887207031250e+02 -1.904412460327148438e+01 3.036465759277343750e+02 3.485864257812500000e+01 9.518537902832031250e+01 2.948786010742187500e+02 -1.656666183471679688e+01 1.040835952758789062e+02 -3.824619293212890625e+00 8.234025955200195312e+00 1.981851005554199219e+01
1.969251595437526703e-02 4.206236267089843750e+01 3.351286926269531250e+02 3.918977966308593750e+02 -2.111787796020507812e+01 5.854521484375000000e+02 4.158530044555664062e+01 1.162896194458007812e+02 3.609254455566406250e+02 -2.051483154296875000e+01 1.255581741333007812e+02 -7.732813835144042969e+00 2.078658485412597656e+01 1.981851005554199219e+01
2.551339380443096161e-02 4.229527664184570312e+01 3.049410400390625000e+02 3.715087890625000000e+02 1.391626586914062500e+02 4.674990463256835938e+01 4.172334289550781250e+01 1.109847793579101562e+02 3.353302307128906250e+02 1.248993110656738281e+01 1.223769607543945312e+02 3.881734371185302734e+00 1.783361792564392090e+00 1.981851005554199219e+01
3.202908113598823547e-02 3.249298858642578125e+01 2.459452514648437500e+02 2.972552185058593750e+02 9.150643920898437500e+01 6.694812297821044922e+00 3.198740196228027344e+01 8.689122772216796875e+01 2.693242187500000000e+02 6.641805648803710938e+00 9.545419311523437500e+01 1.798467755317687988e+00 3.213966786861419678e-01 1.981851005554199219e+01
3.846523538231849670e-02 2.460395431518554688e+01 1.895958404541015625e+02 2.292116851806640625e+02 1.067272567749023438e+02 8.425565338134765625e+01 2.417706108093261719e+01 6.565695953369140625e+01 2.075247344970703125e+02 1.120565032958984375e+01 7.245208740234375000e+01 4.653724193572998047e+00 2.624350547790527344e+00 1.981851005554199219e+01
4.443310573697090149e-02 2.290523338317871094e+01 1.779174041748046875e+02 2.147271270751953125e+02 6.454803466796875000e+01 -3.260507583618164062e+01 2.247942924499511719e+01 6.115583419799804688e+01 1.943878173828125000e+02 4.244387149810791016e+00 6.727421569824218750e+01 1.577334284782409668e+00 -1.149843454360961914e+00 1.981851005554199219e+01
5.042308941483497620e-02 1.947629928588867188e+01 1.623818969726562500e+02 1.933420104980468750e+02 4.495130538940429688e+01 1.317902946472167969e+01 1.909252738952636719e+01 5.358562850952148438e+01 1.762243652343750000e+02 1.958972454071044922e+00 5.845400238037109375e+01 3.074811995029449463e-01 1.957800090312957764e-01 1.981851005554199219e+01
5.690929666161537170e-02 1.927000617980957031e+01 1.600291595458984375e+02 1.934711456298828125e+02 7.336014556884765625e+01 -3.531822204589843750e+01 1.887084960937500000e+01 5.295503997802734375e+01 1.748679656982421875e+02 6.988145828247070312e+00 5.816239547729492188e+01 2.260090589523315430e+00 -1.481761932373046875e+00 1.981851005554199219e+01
6.341847032308578491e-02 1.789925384521484375e+01 1.507501678466796875e+02 1.815304870605468750e+02 7.687835693359375000e+01 3.081559944152832031e+01 1.751192092895507812e+01 4.937162780761718750e+01 1.642010803222656250e+02 7.358736515045166016e+00 5.408138656616210938e+01 2.330405235290527344e+00 1.018490672111511230e+00 1.981851005554199219e+01
6.949992477893829346e-02 1.601149940490722656e+01 1.350559997558593750e+02 1.604415740966796875e+02 3.089263916015625000e+01 -2.117869758605957031e+01 1.565542697906494141e+01 4.380874633789062500e+01 1.460300140380859375e+02 5.224157571792602539e-01 4.766875076293945312e+01 4.505269527435302734e-01 -7.311490178108215332e-01 1.981851005554199219e+01
7.558133453130722046e-02 1.538823986053466797e+01 1.332170867919921875e+02 1.579592742919921875e+02 5.257782363891601562e+01 -8.293165206909179688e+00 1.503583908081054688e+01 4.261534881591796875e+01 1.437319488525390625e+02 4.262670993804931641e+00 4.636325454711914062e+01 1.722585082054138184e+00 -5.893057584762573242e-01 1.981851005554199219e+01
8.196274191141128540e-02 1.294858932495117188e+01 1.167559738159179688e+02 1.370618438720703125e+02 3.158633422851562500e+01 1.406017494201660156e+01 1.264437103271484375e+01 3.622969055175781250e+01 1.251266326904296875e+02 1.257750988006591797e+00 3.917855834960937500e+01 4.475517272949218750e-01 1.448842883110046387e-01 1.981851005554199219e+01
8.830232173204421997e-02 1.177768516540527344e+01 1.031735000610351562e+02 1.234269790649414062e+02 4.617390060424804688e+01 3.038882255554199219e+00 1.149553489685058594e+01 3.223516082763671875e+01 1.114321441650390625e+02 3.907551288604736328e+00 3.517370223999023438e+01 1.464515447616577148e+00 -9.765112400054931641e-02 1.981851005554199219e+01
9.435217082500457764e-02 9.867917060852050781e+00 9.113535308837890625e+01 1.085673599243164062e+02 4.393746185302734375e+01 1.262722396850585938e+01 9.627892494201660156e+00 2.754291343688964844e+01 9.810072326660156250e+01 4.242575645446777344e+00 2.990864372253417969e+01 1.428569436073303223e+00 3.495286107063293457e-01 1.981851005554199219e+01
1.005600690841674805e-01 9.123951911926269531e+00 8.561743927001953125e+01 1.017695159912109375e+02 3.582324981689453125e+01 -1.726700592041015625e+01 8.897773742675781250e+00 2.541853332519531250e+01 9.191247558593750000e+01 3.032014846801757812e+00 2.755050849914550781e+01 9.346085786819458008e-01 -6.856667995452880859e-01 1.981851005554199219e+01
1.070138886570930481e-01 8.302633285522460938e+00 8.161264801025390625e+01 9.609078216552734375e+01 2.725848579406738281e+01 4.623338222503662109e+00 8.093779563903808594e+00 2.347157669067382812e+01 8.698897552490234375e+01 1.752089977264404297e+00 2.520363616943359375e+01 5.784782171249389648e-01 1.222221404314041138e-01 1.981851005554199219e+01
1.134273484349250793e-01 7.617372035980224609e+00 7.512937164306640625e+01 8.757726287841796875e+01 2.351146125793457031e+01 1.013883113861083984e+01 7.423702239990234375e+00 2.133615493774414062e+01 7.945701599121093750e+01 1.210732340812683105e+00 2.281736755371093750e+01 4.821856021881103516e-01 2.540102899074554443e-01 1.981851005554199219e+01
1.196089535951614380e-01 7.606320858001708984e+00 7.668500518798828125e+01 9.058297729492187500e+01 2.899963569641113281e+01 -1.702580928802490234e+00 7.410572528839111328e+00 2.171800994873046875e+01 8.162663269042968750e+01 1.906911611557006836e+00 2.333548545837402344e+01 6.401692032814025879e-01 1.519718114286661148e-02 1.981851005554199219e+01
1.257804334163665771e-01 7.102368354797363281e+00 7.169598388671875000e+01 8.440098571777343750e+01 3.139014816284179688e+01 -3.441906213760375977e+00 6.917752265930175781e+00 2.009913063049316406e+01 7.597827911376953125e+01 2.467175006866455078e+00 2.143096923828125000e+01 6.950253844261169434e-01 -2.751394808292388916e-01 1.981851005554199219e+01
1.321490257978439331e-01 6.553479671478271484e+00 6.855657196044921875e+01 7.992537689208984375e+01 1.991736030578613281e+01 1.101900935173034668e+00 6.381722927093505859e+00 1.880007743835449219e+01 7.202805328369140625e+01 5.154010653495788574e-01 1.993514823913574219e+01 3.471341431140899658e-01 -6.451188027858734131e-02 1.981851005554199219e+01
1.384563297033309937e-01 6.290421485900878906e+00 6.583995819091796875e+01 7.662050628662109375e+01 1.927956962585449219e+01 1.198226356506347656e+01 6.124128818511962891e+00 1.797642898559570312e+01 6.899451446533203125e+01 4.920182526111602783e-01 1.908014869689941406e+01 2.907414138317108154e-01 2.675030231475830078e-01 1.981851005554199219e+01
1.446497291326522827e-01 5.715279579162597656e+00 6.241021347045898438e+01 7.246041870117187500e+01 2.144723701477050781e+01 -1.935461878776550293e+00 5.563305854797363281e+00 1.653463745117187500e+01 6.512867736816406250e+01 1.154575586318969727e+00 1.748165702819824219e+01 4.005833864212036133e-01 -9.967610985040664673e-02 1.981851005554199219e+01
1.508535146713256836e-01 5.436244487762451172e+00 6.110839080810546875e+01 7.145411682128906250e+01 2.550173377990722656e+01 1.810253143310546875e+00 5.290594577789306641e+00 1.585441398620605469e+01 6.376915740966796875e+01 1.702351331710815430e+00 1.676174545288085938e+01 5.326436758041381836e-01 -5.892039462924003601e-02 1.981851005554199219e+01
1.571729034185409546e-01 4.907144546508789062e+00 5.759154891967773438e+01 6.727349853515625000e+01 1.878359603881835938e+01 -9.772431850433349609e-01 4.774748325347900391e+00 1.448488235473632812e+01 6.000168991088867188e+01 6.448968648910522461e-01 1.526756191253662109e+01 2.525179684162139893e-01 -1.043447554111480713e-01 1.981851005554199219e+01
1.635417938232421875e-01 4.615431785583496094e+00 5.545691299438476562e+01 6.444556427001953125e+01 2.007412719726562500e+01 2.048525571823120117e+00 4.490013599395751953e+00 1.369846916198730469e+01 5.742596817016601562e+01 1.064774394035339355e+00 1.438408184051513672e+01 3.492025732994079590e-01 3.640621155500411987e-02 1.981851005554199219e+01
1.698256134986877441e-01 4.345969200134277344e+00 5.178784179687500000e+01 6.050118255615234375e+01 2.172606277465820312e+01 2.460364580154418945e+00 4.227544784545898438e+00 1.275381088256835938e+01 5.336664581298828125e+01 1.145147800445556641e+00 1.331686115264892578e+01 3.345146179199218750e-01 5.804223567247390747e-02 1.981851005554199219e+01
1.761013567447662354e-01 4.178760528564453125e+00 5.277288818359375000e+01 6.129860687255859375e+01 1.675866889953613281e+01 -3.118188306689262390e-02 4.064195156097412109e+00 1.258381557464599609e+01 5.422479248046875000e+01 1.900150477886199951e-01 1.312803554534912109e+01 1.252757608890533447e-01 -5.228766798973083496e-02 1.981851005554199219e+01
1.823998540639877319e-01 3.950215101242065430e+00 5.065301513671875000e+01 5.912758636474609375e+01 1.723247909545898438e+01 4.366259098052978516e+00 3.841369867324829102e+00 1.191983890533447266e+01 5.202602767944335938e+01 3.347963094711303711e-01 1.243482017517089844e+01 1.823941916227340698e-01 5.880676582455635071e-02 1.981851005554199219e+01
1.886507123708724976e-01 3.820107460021972656e+00 4.849005889892578125e+01 5.629013061523437500e+01 2.063204383850097656e+01 9.180359840393066406e+00 3.714494466781616211e+00 1.140111351013183594e+01 4.943014526367187500e+01 9.584082365036010742e-01 1.182455825805664062e+01 3.609743118286132812e-01 2.031503319740295410e-01 1.981851005554199219e+01
1.949081569910049438e-01 3.691767692565917969e+00 4.919517517089843750e+01 5.701260757446289062e+01 1.622006988525390625e+01 2.002256155014038086e+00 3.589177131652832031e+00 1.125459671020507812e+01 4.998894119262695312e+01 1.517760008573532104e-01 1.158781623840332031e+01 1.228822097182273865e-01 -3.029988147318363190e-02 1.981851005554199219e+01
2.011425346136093140e-01 3.463973522186279297e+00 4.665541839599609375e+01 5.364417648315429688e+01 1.617461204528808594e+01 2.558120965957641602e+00 3.367390394210815430e+00 1.056407165527343750e+01 4.699921035766601562e+01 3.292595148086547852e-01 1.078988933563232422e+01 1.312398612499237061e-01 2.539504691958427429e-02 1.981851005554199219e+01
2.073954045772552490e-01 3.270766496658325195e+00 4.514026641845703125e+01 5.194850540161132812e+01 1.508073806762695312e+01 1.404648900032043457e+00 3.179383277893066406e+00 1.003887653350830078e+01 4.527709579467773438e+01 1.216063052415847778e-01 1.020862197875976562e+01 8.565547317266464233e-02 -5.576627328991889954e-03 1.981851005554199219e+01
2.137389332056045532e-01 3.091630458831787109e+00 4.362398910522460938e+01 5.045128250122070312e+01 1.330733013153076172e+01 2.925184726715087891e+00 3.005063056945800781e+00 9.534396171569824219e+00 4.359653091430664062e+01 -3.810340464115142822e-01 9.697010040283203125e+00 -8.491483330726623535e-02 -1.166720688343048096e-02 1.981851005554199219e+01
2.200330942869186401e-01 2.973764896392822266e+00 4.279698562622070312e+01 4.940687179565429688e+01 1.446012306213378906e+01 6.316440582275390625e+00 2.890252113342285156e+00 9.232520103454589844e+00 4.253236007690429688e+01 -1.874986439943313599e-01 9.299462318420410156e+00 1.487855333834886551e-03 7.412882149219512939e-02 1.981851005554199219e+01
2.262930423021316528e-01 2.809056520462036133e+00 4.171227264404296875e+01 4.794009017944335938e+01 1.557321929931640625e+01 2.430606365203857422e+00 2.729856014251708984e+00 8.784286499023437500e+00 4.130644989013671875e+01 1.821497976779937744e-01 8.843391418457031250e+00 9.159021079540252686e-02 -9.555395809002220631e-04 1.981851005554199219e+01
2.325985133647918701e-01 2.654657602310180664e+00 3.996688842773437500e+01 4.592633438110351562e+01 1.337656974792480469e+01 3.204169988632202148e+00 2.579678297042846680e+00 8.254295349121093750e+00 3.929107666015625000e+01 -1.880922764539718628e-01 8.250580787658691406e+00 3.411022946238517761e-02 1.041307393461465836e-02 1.981851005554199219e+01
2.388891130685806274e-01 2.541883945465087891e+00 3.918197631835937500e+01 4.481152725219726562e+01 1.251096057891845703e+01 1.098625659942626953e-01 2.469973564147949219e+00 7.972778320312500000e+00 3.823251342773437500e+01 -3.062294721603393555e-01 7.929594993591308594e+00 -1.258169487118721008e-02 -4.648847505450248718e-02 1.981851005554199219e+01
2.451218813657760620e-01 2.493091106414794922e+00 3.833498382568359375e+01 4.380784225463867188e+01 1.081763744354248047e+01 4.910063445568084717e-01 2.422322511672973633e+00 7.778387546539306641e+00 3.737021636962890625e+01 -5.517043471336364746e-01 7.679196357727050781e+00 -7.637023180723190308e-02 -2.631937153637409210e-02 1.981851005554199219e+01
2.513737380504608154e-01 2.425138950347900391e+00 3.900688171386718750e+01 4.452457427978515625e+01 1.235259056091308594e+01 2.985477924346923828e+00 2.356102943420410156e+00 7.738672256469726562e+00 3.778021240234375000e+01 -3.674791157245635986e-01 7.603627681732177734e+00 -3.264360874891281128e-02 3.469819575548171997e-02 1.981851005554199219e+01
2.577070593833923340e-01 2.329634666442871094e+00 3.744171905517578125e+01 4.247868728637695312e+01 1.108825492858886719e+01 3.488287925720214844e+00 2.263193607330322266e+00 7.370612144470214844e+00 3.589746475219726562e+01 -5.436906814575195312e-01 7.224721431732177734e+00 -5.722794309258460999e-02 6.946422159671783447e-02 1.981851005554199219e+01
2.640204429626464844e-01 2.220772743225097656e+00 3.711090087890625000e+01 4.223715209960937500e+01 1.041731166839599609e+01 4.630191326141357422e+00 2.157349824905395508e+00 7.150281906127929688e+00 3.548998641967773438e+01 -8.501663208007812500e-01 6.948725700378417969e+00 -1.309353113174438477e-01 4.964652284979820251e-02 1.981851005554199219e+01
2.702898085117340088e-01 2.209119319915771484e+00 3.721003723144531250e+01 4.226126480102539062e+01 1.032677459716796875e+01 1.158219575881958008e+00 2.145923137664794922e+00 7.171055793762207031e+00 3.538135528564453125e+01 -8.113548755645751953e-01 6.958055973052978516e+00 -1.079567149281501770e-01 1.161286979913711548e-02 1.981851005554199219e+01
2.765615284442901611e-01 2.080598115921020508e+00 3.613486480712890625e+01 4.094793319702148438e+01 1.247008991241455078e+01 4.548278331756591797e+00 2.021035194396972656e+00 6.763081550598144531e+00 3.408017730712890625e+01 -4.600389003753662109e-01 6.550965309143066406e+00 -4.867675714194774628e-03 7.450771331787109375e-02 1.981851005554199219e+01
2.828698754310607910e-01 2.029103040695190430e+00 3.562356185913085938e+01 4.044225692749023438e+01 1.070912933349609375e+01 1.388590455055236816e+00 1.970847368240356445e+00 6.607882976531982422e+00 3.350723266601562500e+01 -7.307459712028503418e-01 6.320756912231445312e+00 -1.247901469469070435e-01 2.306110598146915436e-02 1.981851005554199219e+01
2.891486585140228271e-01 1.983910202980041504e+00 3.503076934814453125e+01 3.982408523559570312e+01 1.053230476379394531e+01 2.578663587570190430e+00 1.926979422569274902e+00 6.477487087249755859e+00 3.270731353759765625e+01 -8.901798725128173828e-01 6.197851657867431641e+00 -1.356696784496307373e-01 1.838498935103416443e-02 1.981851005554199219e+01
2.953523397445678711e-01 1.884264111518859863e+00 3.434748458862304688e+01 3.863631057739257812e+01 8.531860351562500000e+00 1.934195041656494141e+00 1.830056071281433105e+00 6.139871597290039062e+00 3.176933097839355469e+01 -1.177904486656188965e+00 5.793767452239990234e+00 -1.570347398519515991e-01 3.187953308224678040e-02 1.981851005554199219e+01
3.016075491905212402e-01 1.843465209007263184e+00 3.366841506958007812e+01 3.822859191894531250e+01 1.133675003051757812e+01 4.052602291107177734e+00 1.790307164192199707e+00 6.025871276855468750e+00 3.113126182556152344e+01 -7.132235169410705566e-01 5.671331882476806641e+00 -1.025937497615814209e-01 7.347722351551055908e-02 1.981851005554199219e+01
3.079382479190826416e-01 1.806623935699462891e+00 3.340432739257812500e+01 3.779942321777343750e+01 1.025675582885742188e+01 2.909706592559814453e+00 1.754519343376159668e+00 5.881693363189697266e+00 3.052397727966308594e+01 -1.034131169319152832e+00 5.490499019622802734e+00 -1.169515922665596008e-01 5.943060293793678284e-02 1.981851005554199219e+01
3.142760396003723145e-01 1.811226963996887207e+00 3.337213516235351562e+01 3.743291473388671875e+01 8.323416709899902344e+00 5.226446628570556641e+00 1.758859992027282715e+00 5.916687488555908203e+00 3.032181358337402344e+01 -1.371028900146484375e+00 5.495136737823486328e+00 -2.030013650655746460e-01 8.949896693229675293e-02 1.981851005554199219e+01
3.205462992191314697e-01 1.736841082572937012e+00 3.295676803588867188e+01 3.663947296142578125e+01 8.176140785217285156e+00 2.822013854980468750e+00 1.686503648757934570e+00 5.724311351776123047e+00 2.973621940612792969e+01 -1.171916604042053223e+00 5.265833854675292969e+00 -1.766560077667236328e-01 6.504786014556884766e-02 1.981851005554199219e+01
3.268128037452697754e-01 1.670379996299743652e+00 3.241538619995117188e+01 3.625625228881835938e+01 8.082755088806152344e+00 3.936020851135253906e+00 1.621996641159057617e+00 5.541758060455322266e+00 2.898180580139160156e+01 -1.421610713005065918e+00 5.073469638824462891e+00 -2.011658400297164917e-01 6.735686957836151123e-02 1.981851005554199219e+01
3.331238031387329102e-01 1.656893610954284668e+00 3.215233993530273438e+01 3.612013244628906250e+01 8.826454162597656250e+00 3.087789535522460938e+00 1.608891248703002930e+00 5.447466850280761719e+00 2.871127319335937500e+01 -1.253570437431335449e+00 4.971087932586669922e+00 -1.873589158058166504e-01 5.061299353837966919e-02 1.981851005554199219e+01
3.394046723842620850e-01 1.601731181144714355e+00 3.174615287780761719e+01 3.521770477294921875e+01 8.452928543090820312e+00 3.926182746887207031e+00 1.555233836174011230e+00 5.326942920684814453e+00 2.793831634521484375e+01 -1.381905198097229004e+00 4.778627395629882812e+00 -2.037719488143920898e-01 5.615938454866409302e-02 1.981851005554199219e+01
3.456391692161560059e-01 1.580382227897644043e+00 3.178843879699707031e+01 3.560064697265625000e+01 8.305622100830078125e+00 2.913572072982788086e+00 1.534396648406982422e+00 5.250680923461914062e+00 2.790244674682617188e+01 -1.491279482841491699e+00 4.720592498779296875e+00 -1.980154514312744141e-01 6.364844739437103271e-02 1.981851005554199219e+01
3.518808186054229736e-01 1.562540650367736816e+00 3.106354331970214844e+01 3.468143463134765625e+01 8.770094871520996094e+00 4.007170200347900391e+00 1.517049789428710938e+00 5.132128238677978516e+00 2.703556823730468750e+01 -1.424438476562500000e+00 4.568358421325683594e+00 -2.110546976327896118e-01 7.734382152557373047e-02 1.981851005554199219e+01
3.582032322883605957e-01 1.537348151206970215e+00 3.120130348205566406e+01 3.449575042724609375e+01 7.997689723968505859e+00 5.441408634185791016e+00 1.492563843727111816e+00 5.093868255615234375e+00 2.686122703552246094e+01 -1.563344359397888184e+00 4.492145061492919922e+00 -2.201436161994934082e-01 8.775148540735244751e-02 1.981851005554199219e+01
3.645117878913879395e-01 1.532637953758239746e+00 3.134019660949707031e+01 3.484390258789062500e+01 8.648582458496093750e+00 5.770367622375488281e+00 1.487971186637878418e+00 5.081710338592529297e+00 2.685605812072753906e+01 -1.599559664726257324e+00 4.421268939971923828e+00 -2.472344487905502319e-01 9.457395225763320923e-02 1.981851005554199219e+01
3.707640767097473145e-01 1.519166111946105957e+00 3.133300399780273438e+01 3.460589981079101562e+01 7.764067173004150391e+00 8.817878723144531250e+00 1.474871993064880371e+00 5.068567276000976562e+00 2.657632827758789062e+01 -1.888507366180419922e+00 4.377184867858886719e+00 -2.903326153755187988e-01 1.391882002353668213e-01 1.981851005554199219e+01
3.770540952682495117e-01 1.499356389045715332e+00 3.105875587463378906e+01 3.395240783691406250e+01 6.734695434570312500e+00 7.679262161254882812e+00 1.455556511878967285e+00 4.963760852813720703e+00 2.605972862243652344e+01 -1.914715290069580078e+00 4.263041019439697266e+00 -2.664476335048675537e-01 1.278154850006103516e-01 1.981851005554199219e+01
3.833588361740112305e-01 1.518343925476074219e+00 3.164185142517089844e+01 3.495073699951171875e+01 6.700088977813720703e+00 1.002561759948730469e+01 1.473990678787231445e+00 5.025268077850341797e+00 2.645104408264160156e+01 -2.232378005981445312e+00 4.302493095397949219e+00 -3.204286992549896240e-01 1.706320494413375854e-01 1.981851005554199219e+01
3.896513879299163818e-01 1.488641619682312012e+00 3.229740524291992188e+01 3.568260955810546875e+01 7.657300472259521484e+00 1.016048336029052734e+01 1.445100307464599609e+00 5.010174274444580078e+00 2.692894935607910156e+01 -2.065302371978759766e+00 4.249658107757568359e+00 -3.055284023284912109e-01 1.584603637456893921e-01 1.981851005554199219e+01
3.958770036697387695e-01 1.517974495887756348e+00 3.281637191772460938e+01 3.576507949829101562e+01 7.408414363861083984e+00 1.583203697204589844e+01 1.473524928092956543e+00 5.109937667846679688e+00 2.686400985717773438e+01 -2.415343046188354492e+00 4.254675865173339844e+00 -3.620595932006835938e-01 2.149052768945693970e-01 1.981851005554199219e+01
4.021010994911193848e-01 1.529988527297973633e+00 3.347559356689453125e+01 3.694086074829101562e+01 6.615336894989013672e+00 1.525338363647460938e+01 1.485193490982055664e+00 5.152634143829345703e+00 2.752434730529785156e+01 -2.605922698974609375e+00 4.328497886657714844e+00 -3.670803308486938477e-01 2.433870732784271240e-01 1.981851005554199219e+01
