# k, P_{cc}, P_{hh,r}, P_{hh,0}, P_{hh,2}, P_{hh,4}, P_{cm}, P_{hc,r}, P_{hc,0}, P_{hc,2}, P_{hc,4}, P_pSN
#  Realization 24
8.018244989216327667e-03 3.442119216918945312e+01 2.405436859130859375e+02 2.705313415527343750e+02 -2.367780151367187500e+02 2.798984375000000000e+02 3.426786422729492188e+01 8.987020874023437500e+01 2.541673736572265625e+02 -5.357081604003906250e+01 9.520401000976562500e+01 -1.933826255798339844e+01 1.338217163085937500e+01 1.982162857055664062e+01
1.401655934751033783e-02 4.332449722290039062e+01 3.103781738281250000e+02 3.878531494140625000e+02 2.962603759765625000e+02 5.545263671875000000e+02 4.295328521728515625e+01 1.124347915649414062e+02 3.451508483886718750e+02 3.395576095581054688e+01 1.252974929809570312e+02 1.031873798370361328e+01 1.916950416564941406e+01 1.982162857055664062e+01
1.969251595437526703e-02 4.846117019653320312e+01 3.712591552734375000e+02 4.608488464355468750e+02 2.576683654785156250e+02 4.857287597656250000e+01 4.791447830200195312e+01 1.321960601806640625e+02 4.119685974121093750e+02 2.899772834777832031e+01 1.469945983886718750e+02 1.018191051483154297e+01 9.001347422599792480e-01 1.982162857055664062e+01
2.551339380443096161e-02 3.394726562500000000e+01 2.619664306640625000e+02 3.177265014648437500e+02 1.442528839111328125e+02 4.432605361938476562e+01 3.348883438110351562e+01 9.139800262451171875e+01 2.874791870117187500e+02 1.543417453765869141e+01 1.005464172363281250e+02 4.217949867248535156e+00 1.463571667671203613e+00 1.982162857055664062e+01
3.202908113598823547e-02 3.481064224243164062e+01 2.681911621093750000e+02 3.230456848144531250e+02 6.609593200683593750e+01 7.845024108886718750e+01 3.426713562011718750e+01 9.416509246826171875e+01 2.931127014160156250e+02 5.202180147171020508e-01 1.034198913574218750e+02 6.921710371971130371e-01 2.173261642456054688e+00 1.982162857055664062e+01
3.846523538231849670e-02 2.406587409973144531e+01 1.915980377197265625e+02 2.308319091796875000e+02 8.667431640625000000e+01 1.790878677368164062e+01 2.365164566040039062e+01 6.550143432617187500e+01 2.094188385009765625e+02 8.382821083068847656e+00 7.196035003662109375e+01 2.755509853363037109e+00 2.329329699277877808e-01 1.982162857055664062e+01
4.443310573697090149e-02 2.095634078979492188e+01 1.661189880371093750e+02 1.991073303222656250e+02 4.059165954589843750e+01 -1.289895629882812500e+01 2.056537628173828125e+01 5.642716217041015625e+01 1.809583892822265625e+02 8.609704971313476562e-01 6.184940719604492188e+01 1.304093599319458008e-01 -2.718287110328674316e-01 1.982162857055664062e+01
5.042308941483497620e-02 1.993583679199218750e+01 1.539089813232421875e+02 1.831923980712890625e+02 3.137004661560058594e+01 9.021143913269042969e+00 1.954342842102050781e+01 5.245211791992187500e+01 1.669528503417968750e+02 -2.992661297321319580e-01 5.738711547851562500e+01 -4.969722032546997070e-02 4.375005662441253662e-01 1.982162857055664062e+01
5.690929666161537170e-02 1.912549400329589844e+01 1.524855194091796875e+02 1.830834197998046875e+02 6.240798568725585938e+01 -2.961883544921875000e+01 1.872985267639160156e+01 5.139995574951171875e+01 1.660951843261718750e+02 5.595554828643798828e+00 5.630524444580078125e+01 1.948763132095336914e+00 -8.472266197204589844e-01 1.982162857055664062e+01
6.341847032308578491e-02 1.843095779418945312e+01 1.542652587890625000e+02 1.847416687011718750e+02 7.806171417236328125e+01 2.701013088226318359e+00 1.803255081176757812e+01 5.069410705566406250e+01 1.677143859863281250e+02 8.202627182006835938e+00 5.548618698120117188e+01 3.083286046981811523e+00 -1.379863824695348740e-02 1.982162857055664062e+01
6.949992477893829346e-02 1.587005138397216797e+01 1.372376861572265625e+02 1.615550537109375000e+02 2.764661979675292969e+01 1.448642158508300781e+01 1.551703453063964844e+01 4.413238143920898438e+01 1.478597259521484375e+02 1.624666601419448853e-01 4.784212493896484375e+01 4.475562870502471924e-01 4.621546864509582520e-01 1.982162857055664062e+01
7.558133453130722046e-02 1.474506092071533203e+01 1.270320816040039062e+02 1.515815277099609375e+02 5.709497070312500000e+01 -8.993988037109375000e+00 1.440703868865966797e+01 4.054619216918945312e+01 1.375936889648437500e+02 5.395112037658691406e+00 4.427369689941406250e+01 1.944570064544677734e+00 -2.792273163795471191e-01 1.982162857055664062e+01
8.196274191141128540e-02 1.367474079132080078e+01 1.195094375610351562e+02 1.415275268554687500e+02 5.330283355712890625e+01 2.020541381835937500e+01 1.335410118103027344e+01 3.779001617431640625e+01 1.287544555664062500e+02 4.838688850402832031e+00 4.098817825317382812e+01 1.518809318542480469e+00 6.218743324279785156e-01 1.982162857055664062e+01
8.830232173204421997e-02 1.161667060852050781e+01 1.070274963378906250e+02 1.278312149047851562e+02 5.003189468383789062e+01 2.760474014282226562e+01 1.133857059478759766e+01 3.271813201904296875e+01 1.155865478515625000e+02 4.340781688690185547e+00 3.558828735351562500e+01 1.446064233779907227e+00 7.262122631072998047e-01 1.982162857055664062e+01
9.435217082500457764e-02 9.452547073364257812e+00 8.806285858154296875e+01 1.046592559814453125e+02 2.573469161987304688e+01 -4.881176471710205078e+00 9.221545219421386719e+00 2.629455947875976562e+01 9.464826965332031250e+01 9.766654968261718750e-01 2.847402381896972656e+01 5.257272720336914062e-01 -2.791992425918579102e-01 1.982162857055664062e+01
1.005600690841674805e-01 8.951481819152832031e+00 8.380715179443359375e+01 9.969823455810546875e+01 3.105908012390136719e+01 5.715703010559082031e+00 8.729598045349121094e+00 2.488004493713378906e+01 8.996867370605468750e+01 1.992899179458618164e+00 2.700884628295898438e+01 8.053503036499023438e-01 1.777448356151580811e-01 1.982162857055664062e+01
1.070138886570930481e-01 8.043622016906738281e+00 7.763465118408203125e+01 9.112593841552734375e+01 2.255428314208984375e+01 1.128031635284423828e+01 7.841546535491943359e+00 2.244445228576660156e+01 8.269914245605468750e+01 9.310924410820007324e-01 2.417189407348632812e+01 4.921867847442626953e-01 3.337795436382293701e-01 1.982162857055664062e+01
1.134273484349250793e-01 7.564892768859863281e+00 7.508171844482421875e+01 8.874205017089843750e+01 3.031503486633300781e+01 -6.158868789672851562e+00 7.372367382049560547e+00 2.130499649047851562e+01 8.007340240478515625e+01 2.354994058609008789e+00 2.293643188476562500e+01 7.071005702018737793e-01 -1.019376963376998901e-01 1.982162857055664062e+01
1.196089535951614380e-01 7.374609947204589844e+00 7.441197204589843750e+01 8.804856872558593750e+01 2.919245910644531250e+01 2.635558366775512695e+00 7.185024738311767578e+00 2.100413894653320312e+01 7.920850372314453125e+01 1.989264726638793945e+00 2.258905220031738281e+01 6.235017776489257812e-01 8.079147338867187500e-02 1.982162857055664062e+01
1.257804334163665771e-01 7.102416038513183594e+00 7.409301757812500000e+01 8.615214538574218750e+01 1.937294197082519531e+01 -1.851209878921508789e+00 6.917803764343261719e+00 2.053703498840332031e+01 7.802949523925781250e+01 4.360577166080474854e-01 2.183020973205566406e+01 1.963873803615570068e-01 -8.818115293979644775e-02 1.982162857055664062e+01
1.321490257978439331e-01 6.632866859436035156e+00 6.954875946044921875e+01 8.162256622314453125e+01 2.713130378723144531e+01 -3.093517780303955078e+00 6.459153652191162109e+00 1.906129455566406250e+01 7.338818359375000000e+01 1.900194883346557617e+00 2.035172843933105469e+01 6.415178775787353516e-01 -1.940998435020446777e-01 1.982162857055664062e+01
1.384563297033309937e-01 6.188735008239746094e+00 6.715435028076171875e+01 7.878583526611328125e+01 2.209304428100585938e+01 6.327726840972900391e+00 6.025372982025146484e+00 1.793398857116699219e+01 7.075561523437500000e+01 1.058107614517211914e+00 1.910783767700195312e+01 4.197581410408020020e-01 3.434961661696434021e-02 1.982162857055664062e+01
1.446497291326522827e-01 5.864907264709472656e+00 6.431111145019531250e+01 7.504866790771484375e+01 2.353731346130371094e+01 9.738927841186523438e+00 5.708856105804443359e+00 1.706523704528808594e+01 6.744455718994140625e+01 1.210986256599426270e+00 1.804061317443847656e+01 3.753255605697631836e-01 1.914274841547012329e-01 1.982162857055664062e+01
1.508535146713256836e-01 5.359633922576904297e+00 6.101208496093750000e+01 7.182370758056640625e+01 2.372987556457519531e+01 5.097386360168457031e+00 5.216166496276855469e+00 1.566969871520996094e+01 6.397611999511718750e+01 1.299936652183532715e+00 1.664742088317871094e+01 4.438576996326446533e-01 1.475082933902740479e-01 1.982162857055664062e+01
1.571729034185409546e-01 4.948981285095214844e+00 5.782883834838867188e+01 6.771742248535156250e+01 2.003395462036132812e+01 8.940618515014648438e+00 4.815754890441894531e+00 1.459129333496093750e+01 6.032692337036132812e+01 8.126256465911865234e-01 1.542351531982421875e+01 2.924413084983825684e-01 1.364700645208358765e-01 1.982162857055664062e+01
1.635417938232421875e-01 4.529947280883789062e+00 5.476362609863281250e+01 6.401737213134765625e+01 1.822035408020019531e+01 -1.781934350728988647e-01 4.407294273376464844e+00 1.342045116424560547e+01 5.685812377929687500e+01 5.341403484344482422e-01 1.414816188812255859e+01 2.236451804637908936e-01 -8.639281243085861206e-02 1.982162857055664062e+01
1.698256134986877441e-01 4.353499412536621094e+00 5.285784149169921875e+01 6.204414749145507812e+01 2.142344093322753906e+01 6.928270339965820312e+00 4.234843730926513672e+00 1.293591022491455078e+01 5.481055450439453125e+01 1.084675788879394531e+00 1.360687541961669922e+01 3.927322030067443848e-01 7.399773597717285156e-02 1.982162857055664062e+01
1.761013567447662354e-01 3.991153717041015625e+00 4.924362564086914062e+01 5.723475265502929688e+01 1.691091728210449219e+01 2.220861427485942841e-02 3.881839036941528320e+00 1.177790355682373047e+01 5.058282089233398438e+01 5.739890933036804199e-01 1.227554130554199219e+01 1.428624838590621948e-01 -3.027109801769256592e-02 1.982162857055664062e+01
1.823998540639877319e-01 3.922831058502197266e+00 4.924400329589843750e+01 5.741859436035156250e+01 1.943998146057128906e+01 3.601788282394409180e+00 3.815027236938476562e+00 1.166425800323486328e+01 5.044193267822265625e+01 7.704352736473083496e-01 1.217650508880615234e+01 3.396054804325103760e-01 5.732677131891250610e-02 1.982162857055664062e+01
1.886507123708724976e-01 3.794415950775146484e+00 4.866265106201171875e+01 5.639049530029296875e+01 1.700680160522460938e+01 1.618318915367126465e+00 3.689613103866577148e+00 1.141470050811767578e+01 4.961062240600585938e+01 4.492623507976531982e-01 1.180151748657226562e+01 1.813273727893829346e-01 -1.194934081286191940e-02 1.982162857055664062e+01
1.949081569910049438e-01 3.515233516693115234e+00 4.717018127441406250e+01 5.437318420410156250e+01 1.516164016723632812e+01 2.571058273315429688e+00 3.417863130569458008e+00 1.068031024932861328e+01 4.780478286743164062e+01 6.465522199869155884e-02 1.096026325225830078e+01 4.214962944388389587e-02 3.015726059675216675e-02 1.982162857055664062e+01
2.011425346136093140e-01 3.419739484786987305e+00 4.582373809814453125e+01 5.323762130737304688e+01 1.705110549926757812e+01 1.483115196228027344e+00 3.324495553970336914e+00 1.037290191650390625e+01 4.638918304443359375e+01 4.130547642707824707e-01 1.062006759643554688e+01 1.230389475822448730e-01 1.494575664401054382e-02 1.982162857055664062e+01
2.073954045772552490e-01 3.266000509262084961e+00 4.509419631958007812e+01 5.158048629760742188e+01 1.484294223785400391e+01 7.365741133689880371e-01 3.174808263778686523e+00 1.005459690093994141e+01 4.524611663818359375e+01 2.632907927036285400e-01 1.021739578247070312e+01 9.792882204055786133e-02 4.746258258819580078e-03 1.982162857055664062e+01
2.137389332056045532e-01 3.077039003372192383e+00 4.327737045288085938e+01 5.073318481445312500e+01 1.481982612609863281e+01 4.169463634490966797e+00 2.990809679031372070e+00 9.412635803222656250e+00 4.377549362182617188e+01 2.599667944014072418e-02 9.651373863220214844e+00 6.044755503535270691e-02 6.922639161348342896e-02 1.982162857055664062e+01
2.200330942869186401e-01 2.908059597015380859e+00 4.258426284790039062e+01 4.905792617797851562e+01 1.436624526977539062e+01 5.220982551574707031e+00 2.826191186904907227e+00 9.088503837585449219e+00 4.247904968261718750e+01 -3.723751753568649292e-02 9.257578849792480469e+00 2.725088410079479218e-02 4.739187285304069519e-02 1.982162857055664062e+01
2.262930423021316528e-01 2.795142889022827148e+00 4.097813796997070312e+01 4.687909317016601562e+01 1.247503280639648438e+01 1.574227660894393921e-01 2.716295242309570312e+00 8.658806800842285156e+00 4.042015838623046875e+01 -3.083246350288391113e-01 8.709715843200683594e+00 -3.839276358485221863e-02 -4.647214338183403015e-02 1.982162857055664062e+01
2.325985133647918701e-01 2.716644287109375000e+00 4.105088043212890625e+01 4.741654586791992188e+01 1.435813426971435547e+01 4.040052413940429688e+00 2.639930725097656250e+00 8.536612510681152344e+00 4.072361755371093750e+01 -8.637075871229171753e-02 8.645497322082519531e+00 1.023369934409856796e-02 5.725358799099922180e-02 1.982162857055664062e+01
2.388891130685806274e-01 2.610241651535034180e+00 4.020060348510742188e+01 4.612811660766601562e+01 1.086305713653564453e+01 3.642289876937866211e+00 2.536437273025512695e+00 8.215778350830078125e+00 3.946463012695312500e+01 -6.633468866348266602e-01 8.249685287475585938e+00 -1.660133711993694305e-02 5.088955163955688477e-02 1.982162857055664062e+01
2.451218813657760620e-01 2.474104642868041992e+00 3.964457702636718750e+01 4.522393035888671875e+01 1.190740871429443359e+01 3.243786334991455078e+00 2.403839826583862305e+00 7.874678611755371094e+00 3.863141250610351562e+01 -4.288989305496215820e-01 7.837915420532226562e+00 -2.851465484127402306e-03 6.947690248489379883e-02 1.982162857055664062e+01
2.513737380504608154e-01 2.417799711227416992e+00 3.795442581176757812e+01 4.375544738769531250e+01 1.278211116790771484e+01 3.225898742675781250e-02 2.349067211151123047e+00 7.603827953338623047e+00 3.693724822998046875e+01 -2.656139731407165527e-01 7.545792579650878906e+00 8.639632724225521088e-03 1.740781590342521667e-02 1.982162857055664062e+01
2.577070593833923340e-01 2.319557905197143555e+00 3.773482131958007812e+01 4.323390579223632812e+01 9.228118896484375000e+00 3.921411275863647461e+00 2.253408908843994141e+00 7.470777988433837891e+00 3.663278198242187500e+01 -9.308831095695495605e-01 7.372232913970947266e+00 -1.149141117930412292e-01 7.451290637254714966e-02 1.982162857055664062e+01
2.640204429626464844e-01 2.233223915100097656e+00 3.742211532592773438e+01 4.249931335449218750e+01 1.072039985656738281e+01 5.215103149414062500e+00 2.169464826583862305e+00 7.200682640075683594e+00 3.586565780639648438e+01 -7.757900357246398926e-01 7.066218852996826172e+00 -5.514419451355934143e-02 9.896828234195709229e-02 1.982162857055664062e+01
2.702898085117340088e-01 2.152194976806640625e+00 3.582722091674804688e+01 4.131045150756835938e+01 1.181706619262695312e+01 1.697769165039062500e+00 2.090560674667358398e+00 6.893293380737304688e+00 3.440573883056640625e+01 -6.114458441734313965e-01 6.752888202667236328e+00 -7.105533778667449951e-02 1.897089742124080658e-02 1.982162857055664062e+01
2.765615284442901611e-01 2.120666027069091797e+00 3.658902740478515625e+01 4.180451583862304688e+01 1.149217319488525391e+01 5.011732101440429688e+00 2.059851169586181641e+00 6.923469543457031250e+00 3.483223724365234375e+01 -6.976578831672668457e-01 6.710414409637451172e+00 -7.638131082057952881e-02 8.617634326219558716e-02 1.982162857055664062e+01
2.828698754310607910e-01 2.046204090118408203e+00 3.565330505371093750e+01 4.020377349853515625e+01 1.084693431854248047e+01 3.363781213760375977e+00 1.987456560134887695e+00 6.640876770019531250e+00 3.358829498291015625e+01 -7.324943542480468750e-01 6.385990142822265625e+00 -1.093187928199768066e-01 5.156620219349861145e-02 1.982162857055664062e+01
2.891486585140228271e-01 1.949321389198303223e+00 3.451196289062500000e+01 3.914548492431640625e+01 9.961345672607421875e+00 4.775456428527832031e+00 1.893266320228576660e+00 6.323477745056152344e+00 3.234880447387695312e+01 -8.941906094551086426e-01 6.063227653503417969e+00 -1.157383173704147339e-01 9.047420322895050049e-02 1.982162857055664062e+01
2.953523397445678711e-01 1.889034628868103027e+00 3.406415176391601562e+01 3.849040222167968750e+01 9.657461166381835938e+00 3.670682907104492188e+00 1.834623098373413086e+00 6.139451026916503906e+00 3.168068885803222656e+01 -9.681356549263000488e-01 5.818363666534423828e+00 -1.447023153305053711e-01 5.264372006058692932e-02 1.982162857055664062e+01
3.016075491905212402e-01 1.855974912643432617e+00 3.405884933471679688e+01 3.856582641601562500e+01 8.943899154663085938e+00 2.946135997772216797e+00 1.802442073822021484e+00 6.111018180847167969e+00 3.150820159912109375e+01 -1.216463565826416016e+00 5.791896820068359375e+00 -1.629609763622283936e-01 6.135655939579010010e-02 1.982162857055664062e+01
3.079382479190826416e-01 1.813497424125671387e+00 3.367375564575195312e+01 3.803216934204101562e+01 9.153478622436523438e+00 3.491500854492187500e+00 1.761082172393798828e+00 5.991305828094482422e+00 3.101156806945800781e+01 -1.077178478240966797e+00 5.626057147979736328e+00 -1.459218710660934448e-01 6.723765283823013306e-02 1.982162857055664062e+01
3.142760396003723145e-01 1.734446048736572266e+00 3.295283126831054688e+01 3.666704940795898438e+01 8.248745918273925781e+00 3.975910663604736328e+00 1.684363842010498047e+00 5.736996173858642578e+00 2.987359237670898438e+01 -1.209267735481262207e+00 5.325195789337158203e+00 -1.668467968702316284e-01 7.747121155261993408e-02 1.982162857055664062e+01
3.205462992191314697e-01 1.687871694564819336e+00 3.208616256713867188e+01 3.587881851196289062e+01 8.598138809204101562e+00 3.606539487838745117e+00 1.639055848121643066e+00 5.543035507202148438e+00 2.886582183837890625e+01 -1.286884784698486328e+00 5.115107059478759766e+00 -1.840890944004058838e-01 5.667460337281227112e-02 1.982162857055664062e+01
3.268128037452697754e-01 1.683340787887573242e+00 3.237296295166015625e+01 3.609822463989257812e+01 8.256803512573242188e+00 3.363799333572387695e+00 1.634585499763488770e+00 5.558860301971435547e+00 2.899998092651367188e+01 -1.331847190856933594e+00 5.088502407073974609e+00 -1.850334107875823975e-01 6.163602694869041443e-02 1.982162857055664062e+01
3.331238031387329102e-01 1.656072974205017090e+00 3.219990158081054688e+01 3.570003890991210938e+01 7.220405101776123047e+00 2.406045675277709961e+00 1.608106255531311035e+00 5.475666522979736328e+00 2.860580825805664062e+01 -1.530232787132263184e+00 4.951908111572265625e+00 -2.419314384460449219e-01 4.333167523145675659e-02 1.982162857055664062e+01
3.394046723842620850e-01 1.599760413169860840e+00 3.148253059387207031e+01 3.497236251831054688e+01 7.415785789489746094e+00 3.862105369567871094e+00 1.553286194801330566e+00 5.265691757202148438e+00 2.766290855407714844e+01 -1.567664265632629395e+00 4.750378608703613281e+00 -2.238313555717468262e-01 8.719998598098754883e-02 1.982162857055664062e+01
3.456391692161560059e-01 1.590897321701049805e+00 3.142292404174804688e+01 3.512510681152343750e+01 8.639815330505371094e+00 3.995133876800537109e+00 1.544635415077209473e+00 5.269217014312744141e+00 2.760839843750000000e+01 -1.426213741302490234e+00 4.740890502929687500e+00 -1.906086206436157227e-01 6.448040902614593506e-02 1.982162857055664062e+01
3.518808186054229736e-01 1.564382195472717285e+00 3.148594474792480469e+01 3.483730697631835938e+01 8.614135742187500000e+00 5.381830215454101562e+00 1.518893241882324219e+00 5.204689025878906250e+00 2.730663871765136719e+01 -1.410615324974060059e+00 4.622123241424560547e+00 -1.983334571123123169e-01 1.021531894803047180e-01 1.982162857055664062e+01
3.582032322883605957e-01 1.530892968177795410e+00 3.158867835998535156e+01 3.492626190185546875e+01 8.419108390808105469e+00 5.218160629272460938e+00 1.486345529556274414e+00 5.118501663208007812e+00 2.737741279602050781e+01 -1.498211383819580078e+00 4.527650356292724609e+00 -2.114140242338180542e-01 9.744023531675338745e-02 1.982162857055664062e+01
3.645117878913879395e-01 1.522073984146118164e+00 3.132367134094238281e+01 3.458505249023437500e+01 7.555680274963378906e+00 5.910458087921142578e+00 1.477619051933288574e+00 5.098921775817871094e+00 2.688043022155761719e+01 -1.794760823249816895e+00 4.467421054840087891e+00 -2.816290855407714844e-01 8.725639432668685913e-02 1.982162857055664062e+01
3.707640767097473145e-01 1.507518291473388672e+00 3.165884399414062500e+01 3.499688339233398438e+01 7.793736934661865234e+00 7.996128082275390625e+00 1.463527679443359375e+00 5.067773818969726562e+00 2.713744163513183594e+01 -1.707349538803100586e+00 4.433813571929931641e+00 -2.397279888391494751e-01 1.546669900417327881e-01 1.982162857055664062e+01
3.770540952682495117e-01 1.503608107566833496e+00 3.128343772888183594e+01 3.439083099365234375e+01 7.737967014312744141e+00 8.825876235961914062e+00 1.459645986557006836e+00 4.987298011779785156e+00 2.648199462890625000e+01 -1.782568454742431641e+00 4.296393871307373047e+00 -2.503352761268615723e-01 1.517426222562789917e-01 1.982162857055664062e+01
3.833588361740112305e-01 1.498952388763427734e+00 3.147553825378417969e+01 3.478590393066406250e+01 8.325975418090820312e+00 1.024534130096435547e+01 1.455092191696166992e+00 5.013555049896240234e+00 2.641751670837402344e+01 -1.922002792358398438e+00 4.306337356567382812e+00 -2.486390471458435059e-01 1.503447443246841431e-01 1.982162857055664062e+01
3.896513879299163818e-01 1.493391633033752441e+00 3.186043739318847656e+01 3.499123764038085938e+01 7.805316925048828125e+00 1.226332950592041016e+01 1.449741840362548828e+00 4.982452869415283203e+00 2.643439292907714844e+01 -2.180809259414672852e+00 4.221602916717529297e+00 -2.949356436729431152e-01 1.688603311777114868e-01 1.982162857055664062e+01
3.958770036697387695e-01 1.515931010246276855e+00 3.250513839721679688e+01 3.615401077270507812e+01 8.744925498962402344e+00 1.688144111633300781e+01 1.471617817878723145e+00 5.074457168579101562e+00 2.695194625854492188e+01 -2.359311342239379883e+00 4.283820629119873047e+00 -3.435055017471313477e-01 2.250185757875442505e-01 1.982162857055664062e+01
4.021010994911193848e-01 1.527067065238952637e+00 3.348331832885742188e+01 3.643027877807617188e+01 8.015571594238281250e+00 1.865255737304687500e+01 1.482335329055786133e+00 5.165533542633056641e+00 2.734282112121582031e+01 -2.450702905654907227e+00 4.317824840545654297e+00 -3.424941301345825195e-01 2.504879236221313477e-01 1.982162857055664062e+01
