# k, P_{cc}, P_{hh,r}, P_{hh,0}, P_{hh,2}, P_{hh,4}, P_{cm}, P_{hc,r}, P_{hc,0}, P_{hc,2}, P_{hc,4}, P_pSN
#  Realization 5
8.018244989216327667e-03 3.127803421020507812e+01 2.383280944824218750e+02 3.039392700195312500e+02 2.861068420410156250e+02 -2.748688964843750000e+02 3.111800384521484375e+01 8.423995208740234375e+01 2.680690917968750000e+02 4.188732910156250000e+01 9.548796081542968750e+01 1.449301910400390625e+01 -7.382471561431884766e+00 1.973044013977050781e+01
1.401655934751033783e-02 5.732897949218750000e+01 4.109178161621093750e+02 5.082554321289062500e+02 2.393347473144531250e+02 -1.351261138916015625e+02 5.684347152709960938e+01 1.517839202880859375e+02 4.555583496093750000e+02 2.689720916748046875e+01 1.683623199462890625e+02 8.924879074096679688e+00 -7.086893558502197266e+00 1.973044013977050781e+01
1.969251595437526703e-02 3.554663848876953125e+01 2.735578308105468750e+02 3.430793762207031250e+02 2.506031951904296875e+02 -2.000997161865234375e+02 3.513838195800781250e+01 9.619808959960937500e+01 3.054219665527343750e+02 3.497494888305664062e+01 1.077301101684570312e+02 1.207748413085937500e+01 -7.422701358795166016e+00 1.973044013977050781e+01
2.551339380443096161e-02 4.308798599243164062e+01 3.172579956054687500e+02 3.764116516113281250e+02 -1.738795518875122070e+00 -2.478152465820312500e+01 4.250450134277343750e+01 1.139617767333984375e+02 3.444115295410156250e+02 -1.173525428771972656e+01 1.241387329101562500e+02 -4.725931644439697266e+00 -1.263904809951782227e+00 1.973044013977050781e+01
3.202908113598823547e-02 3.301906967163085938e+01 2.505294799804687500e+02 3.054734497070312500e+02 1.081365737915039062e+02 1.517762298583984375e+02 3.250699234008789062e+01 8.833391571044921875e+01 2.753068237304687500e+02 7.083166599273681641e+00 9.763827514648437500e+01 3.549334287643432617e+00 4.583126068115234375e+00 1.973044013977050781e+01
3.846523538231849670e-02 2.852391242980957031e+01 2.269090728759765625e+02 2.759503173828125000e+02 8.097599029541015625e+01 -6.441847991943359375e+01 2.803007125854492188e+01 7.779610443115234375e+01 2.490593109130859375e+02 5.301486968994140625e+00 8.594299316406250000e+01 2.974159240722656250e+00 -2.498155355453491211e+00 1.973044013977050781e+01
4.443310573697090149e-02 2.423961830139160156e+01 1.874928894042968750e+02 2.274320220947265625e+02 7.036317443847656250e+01 -7.014041423797607422e+00 2.378884887695312500e+01 6.495313262939453125e+01 2.054051055908203125e+02 4.815462589263916016e+00 7.155130004882812500e+01 1.618021607398986816e+00 -2.860594689846038818e-01 1.973044013977050781e+01
5.042308941483497620e-02 1.951362419128417969e+01 1.615192718505859375e+02 1.916909942626953125e+02 2.628348731994628906e+01 8.770288467407226562e+00 1.913085556030273438e+01 5.348225402832031250e+01 1.749487457275390625e+02 -1.598681807518005371e+00 5.832163619995117188e+01 -3.541518747806549072e-01 5.774269700050354004e-01 1.973044013977050781e+01
5.690929666161537170e-02 1.951438522338867188e+01 1.614474945068359375e+02 1.935443572998046875e+02 5.841453552246093750e+01 1.192119479179382324e+00 1.911007118225097656e+01 5.336608886718750000e+01 1.756368103027343750e+02 4.041184425354003906e+00 5.852413177490234375e+01 1.530350923538208008e+00 2.061234973371028900e-02 1.973044013977050781e+01
6.341847032308578491e-02 1.628659629821777344e+01 1.355860290527343750e+02 1.612584686279296875e+02 4.745289611816406250e+01 4.476416778564453125e+01 1.593434906005859375e+01 4.438191986083984375e+01 1.466787414550781250e+02 2.696626424789428711e+00 4.846598052978515625e+01 1.278672218322753906e+00 1.223268985748291016e+00 1.973044013977050781e+01
6.949992477893829346e-02 1.512289333343505859e+01 1.247950210571289062e+02 1.483750152587890625e+02 3.499843215942382812e+01 1.367362403869628906e+01 1.478530216217041016e+01 4.083709335327148438e+01 1.347789764404296875e+02 1.317455172538757324e+00 4.446916961669921875e+01 6.076000332832336426e-01 6.538938283920288086e-01 1.973044013977050781e+01
7.558133453130722046e-02 1.499156665802001953e+01 1.268421478271484375e+02 1.510045471191406250e+02 3.953977966308593750e+01 -2.383412361145019531e+01 1.464786052703857422e+01 4.106663513183593750e+01 1.370672149658203125e+02 2.201193571090698242e+00 4.466298675537109375e+01 1.094628334045410156e+00 -1.000525236129760742e+00 1.973044013977050781e+01
8.196274191141128540e-02 1.273249626159667969e+01 1.127188491821289062e+02 1.346817626953125000e+02 4.967117691040039062e+01 1.117052364349365234e+01 1.243381595611572266e+01 3.533811569213867188e+01 1.217925567626953125e+02 4.321922779083251953e+00 3.845930099487304688e+01 1.443954825401306152e+00 3.026767373085021973e-01 1.973044013977050781e+01
8.830232173204421997e-02 1.121548843383789062e+01 1.025630416870117188e+02 1.226012802124023438e+02 4.544948577880859375e+01 1.289846801757812500e+01 1.094728851318359375e+01 3.135258293151855469e+01 1.106166458129882812e+02 3.718164682388305664e+00 3.414673233032226562e+01 1.276672601699829102e+00 5.373095870018005371e-01 1.973044013977050781e+01
9.435217082500457764e-02 1.073808956146240234e+01 9.796231079101562500e+01 1.163227920532226562e+02 3.169021034240722656e+01 -1.440271759033203125e+01 1.047616195678710938e+01 2.996162033081054688e+01 1.051992568969726562e+02 1.836382746696472168e+00 3.241518020629882812e+01 5.678634047508239746e-01 -4.710327982902526855e-01 1.973044013977050781e+01
1.005600690841674805e-01 9.636226654052734375e+00 9.080465698242187500e+01 1.070811004638671875e+02 3.817174911499023438e+01 5.829792499542236328e+00 9.397589683532714844e+00 2.702761077880859375e+01 9.700371551513671875e+01 3.207751035690307617e+00 2.915448951721191406e+01 1.013640999794006348e+00 1.681666076183319092e-01 1.973044013977050781e+01
1.070138886570930481e-01 8.447123527526855469e+00 8.323714447021484375e+01 9.802662658691406250e+01 2.169354820251464844e+01 3.412715673446655273e+00 8.235355377197265625e+00 2.399515151977539062e+01 8.875604248046875000e+01 5.225215554237365723e-01 2.584479522705078125e+01 2.331823259592056274e-01 2.786401286721229553e-02 1.973044013977050781e+01
1.134273484349250793e-01 7.728733062744140625e+00 7.751316833496093750e+01 9.080383300781250000e+01 2.056422805786132812e+01 8.249077200889587402e-01 7.532329559326171875e+00 2.193295860290527344e+01 8.221410369873046875e+01 5.917544364929199219e-01 2.350900268554687500e+01 2.601765990257263184e-01 1.437416207045316696e-02 1.973044013977050781e+01
1.196089535951614380e-01 7.397407531738281250e+00 7.682524108886718750e+01 9.010305023193359375e+01 2.943421173095703125e+01 1.056973338127136230e+00 7.207241058349609375e+00 2.143795776367187500e+01 8.132379913330078125e+01 2.020703315734863281e+00 2.289979362487792969e+01 5.317802429199218750e-01 7.536068558692932129e-02 1.973044013977050781e+01
1.257804334163665771e-01 6.780838489532470703e+00 7.079866790771484375e+01 8.258267211914062500e+01 2.458493995666503906e+01 2.911389112472534180e+00 6.604796886444091797e+00 1.956795501708984375e+01 7.454792785644531250e+01 1.486265063285827637e+00 2.080891799926757812e+01 5.918449163436889648e-01 -3.412990644574165344e-02 1.973044013977050781e+01
1.321490257978439331e-01 6.765766143798828125e+00 7.066048431396484375e+01 8.270070648193359375e+01 2.149779129028320312e+01 -2.261114835739135742e+00 6.588434219360351562e+00 1.944823646545410156e+01 7.432506561279296875e+01 6.093537807464599609e-01 2.070145225524902344e+01 2.763533294200897217e-01 -3.846301115117967129e-04 1.973044013977050781e+01
1.384563297033309937e-01 6.303190708160400391e+00 6.627379608154296875e+01 7.776840972900390625e+01 1.956902885437011719e+01 5.996814727783203125e+00 6.136509418487548828e+00 1.805444335937500000e+01 6.949415588378906250e+01 2.132544517517089844e-01 1.914230346679687500e+01 1.865811198949813843e-01 1.435095816850662231e-01 1.973044013977050781e+01
1.446497291326522827e-01 5.895857810974121094e+00 6.379288482666015625e+01 7.474972534179687500e+01 1.864033889770507812e+01 3.445827484130859375e+00 5.739105224609375000e+00 1.706342887878417969e+01 6.678957366943359375e+01 2.400818318128585815e-01 1.809864234924316406e+01 8.728963136672973633e-02 5.372931063175201416e-02 1.973044013977050781e+01
1.508535146713256836e-01 5.201395511627197266e+00 5.951078796386718750e+01 6.939698028564453125e+01 2.236025238037109375e+01 5.680330991744995117e-01 5.062183856964111328e+00 1.529619407653808594e+01 6.197402572631835938e+01 1.394280672073364258e+00 1.607346725463867188e+01 4.749455153942108154e-01 3.172291070222854614e-02 1.973044013977050781e+01
1.571729034185409546e-01 4.813126087188720703e+00 5.600619888305664062e+01 6.680493164062500000e+01 1.951595497131347656e+01 3.264702320098876953e+00 4.683386325836181641e+00 1.411411190032958984e+01 5.875764465332031250e+01 5.075010657310485840e-01 1.498431968688964844e+01 1.779875755310058594e-01 9.517160803079605103e-02 1.973044013977050781e+01
1.635417938232421875e-01 4.563512325286865234e+00 5.481903076171875000e+01 6.429948425292968750e+01 2.215591812133789062e+01 -5.315097570419311523e-01 4.439616203308105469e+00 1.356801891326904297e+01 5.686566162109375000e+01 1.214875102043151855e+00 1.427365684509277344e+01 4.075026214122772217e-01 -2.876923978328704834e-02 1.973044013977050781e+01
1.698256134986877441e-01 4.389078140258789062e+00 5.350861740112304688e+01 6.246128082275390625e+01 1.898212432861328125e+01 6.873028278350830078e+00 4.269471645355224609e+00 1.309530639648437500e+01 5.513827896118164062e+01 5.553669929504394531e-01 1.366594982147216797e+01 2.179854214191436768e-01 6.751666963100433350e-02 1.973044013977050781e+01
1.761013567447662354e-01 4.151032447814941406e+00 5.211964797973632812e+01 6.122896194458007812e+01 2.142313766479492188e+01 3.149016857147216797e+00 4.037264347076416016e+00 1.244841957092285156e+01 5.366318893432617188e+01 9.986204504966735840e-01 1.303109455108642578e+01 3.098647892475128174e-01 4.386148601770401001e-02 1.973044013977050781e+01
1.823998540639877319e-01 4.047194957733154297e+00 4.990050888061523438e+01 5.786863708496093750e+01 1.501023483276367188e+01 7.973631381988525391e+00 3.935806035995483398e+00 1.202828407287597656e+01 5.086176300048828125e+01 -1.655174940824508667e-01 1.245339107513427734e+01 3.634563460946083069e-02 1.445553898811340332e-01 1.973044013977050781e+01
1.886507123708724976e-01 3.748421192169189453e+00 4.800556182861328125e+01 5.579253387451171875e+01 1.738489723205566406e+01 7.121428012847900391e+00 3.644752025604248047e+00 1.123356914520263672e+01 4.871153640747070312e+01 3.016596436500549316e-01 1.156005191802978516e+01 1.143568679690361023e-01 1.624100357294082642e-01 1.973044013977050781e+01
1.949081569910049438e-01 3.678453922271728516e+00 4.855451965332031250e+01 5.593772506713867188e+01 1.557556629180908203e+01 1.102851390838623047e+00 3.576413393020629883e+00 1.123519706726074219e+01 4.907836151123046875e+01 7.759247720241546631e-02 1.151190280914306641e+01 1.114160344004631042e-01 -1.408744603395462036e-02 1.973044013977050781e+01
2.011425346136093140e-01 3.407444953918457031e+00 4.578440093994140625e+01 5.351321029663085938e+01 1.482511425018310547e+01 4.464441299438476562e+00 3.312657594680786133e+00 1.040079212188720703e+01 4.624265670776367188e+01 -1.606862992048263550e-01 1.067098140716552734e+01 -9.806539863348007202e-03 9.293034672737121582e-02 1.973044013977050781e+01
2.073954045772552490e-01 3.173916339874267578e+00 4.464029312133789062e+01 5.109112167358398438e+01 1.574542999267578125e+01 3.361723661422729492e+00 3.085356712341308594e+00 9.809384346008300781e+00 4.440429687500000000e+01 2.225466221570968628e-01 9.897057533264160156e+00 8.761444687843322754e-02 5.321313068270683289e-02 1.973044013977050781e+01
2.137389332056045532e-01 3.130466222763061523e+00 4.367437744140625000e+01 5.020189666748046875e+01 1.380971145629882812e+01 2.236398935317993164e+00 3.042779445648193359e+00 9.653592109680175781e+00 4.332175445556640625e+01 -2.504119277000427246e-01 9.716973304748535156e+00 -3.202413022518157959e-02 -2.645541168749332428e-02 1.973044013977050781e+01
2.200330942869186401e-01 2.984142780303955078e+00 4.317050933837890625e+01 4.949359130859375000e+01 1.608407974243164062e+01 5.552891254425048828e+00 2.900191783905029297e+00 9.324694633483886719e+00 4.260311889648437500e+01 1.828044950962066650e-01 9.391349792480468750e+00 9.878493100404739380e-02 1.001945137977600098e-01 1.973044013977050781e+01
2.262930423021316528e-01 2.758046627044677734e+00 4.124962615966796875e+01 4.771036911010742188e+01 1.391758155822753906e+01 1.904905676841735840e+00 2.680354595184326172e+00 8.637752532958984375e+00 4.064191436767578125e+01 -3.256782293319702148e-01 8.692424774169921875e+00 2.545022289268672466e-04 5.297297984361648560e-02 1.973044013977050781e+01
2.325985133647918701e-01 2.760834455490112305e+00 4.162945556640625000e+01 4.777153015136718750e+01 1.254301261901855469e+01 4.274107456207275391e+00 2.682970046997070312e+00 8.700746536254882812e+00 4.087075424194335938e+01 -3.900256156921386719e-01 8.692390441894531250e+00 -1.458317227661609650e-02 8.691065758466720581e-02 1.973044013977050781e+01
2.388891130685806274e-01 2.570406913757324219e+00 3.973100662231445312e+01 4.583341598510742188e+01 1.457009410858154297e+01 4.297906398773193359e+00 2.497636556625366211e+00 8.126537322998046875e+00 3.891707611083984375e+01 -5.876678228378295898e-02 8.136161804199218750e+00 3.519148752093315125e-02 7.292045652866363525e-02 1.973044013977050781e+01
2.451218813657760620e-01 2.491544485092163086e+00 3.861888885498046875e+01 4.439647674560546875e+01 1.473508930206298828e+01 5.520197868347167969e+00 2.420898199081420898e+00 7.821777820587158203e+00 3.737111663818359375e+01 -2.990974485874176025e-01 7.736337661743164062e+00 3.654358536005020142e-02 8.784522861242294312e-02 1.973044013977050781e+01
2.513737380504608154e-01 2.425579786300659180e+00 3.842429351806640625e+01 4.383592224121093750e+01 9.871476173400878906e+00 2.466398000717163086e+00 2.356661081314086914e+00 7.711228370666503906e+00 3.692923355102539062e+01 -9.666299819946289062e-01 7.583199977874755859e+00 -1.122620180249214172e-01 2.685214951634407043e-02 1.973044013977050781e+01
2.577070593833923340e-01 2.297952890396118164e+00 3.724367904663085938e+01 4.279606246948242188e+01 1.245380020141601562e+01 2.269795179367065430e+00 2.232540607452392578e+00 7.323139190673828125e+00 3.577342224121093750e+01 -5.598902702331542969e-01 7.186790943145751953e+00 -2.041397057473659515e-02 -6.146321073174476624e-03 1.973044013977050781e+01
2.640204429626464844e-01 2.261503219604492188e+00 3.638837432861328125e+01 4.153211975097656250e+01 1.191278266906738281e+01 6.420262336730957031e+00 2.196966409683227539e+00 7.122184753417968750e+00 3.451292800903320312e+01 -6.598023772239685059e-01 6.902531147003173828e+00 -9.729824960231781006e-02 7.468433678150177002e-02 1.973044013977050781e+01
2.702898085117340088e-01 2.146011829376220703e+00 3.590092849731445312e+01 4.112364959716796875e+01 1.135765933990478516e+01 3.467184066772460938e+00 2.084636449813842773e+00 6.879553318023681641e+00 3.389521789550781250e+01 -9.075126647949218750e-01 6.592063903808593750e+00 -1.195666715502738953e-01 4.309795424342155457e-02 1.973044013977050781e+01
2.765615284442901611e-01 2.093581676483154297e+00 3.573532104492187500e+01 4.098707199096679688e+01 1.111863708496093750e+01 2.349652051925659180e+00 2.033701658248901367e+00 6.755965709686279297e+00 3.370756912231445312e+01 -8.990122079849243164e-01 6.516488075256347656e+00 -1.073011085391044617e-01 2.336657047271728516e-02 1.973044013977050781e+01
2.828698754310607910e-01 2.054379224777221680e+00 3.589463806152343750e+01 4.060229110717773438e+01 1.031547355651855469e+01 3.559090852737426758e+00 1.995402574539184570e+00 6.727230548858642578e+00 3.344939041137695312e+01 -9.673760533332824707e-01 6.383713245391845703e+00 -1.129346713423728943e-01 5.091229826211929321e-02 1.973044013977050781e+01
2.891486585140228271e-01 1.981442332267761230e+00 3.480448913574218750e+01 3.967212677001953125e+01 1.027144908905029297e+01 3.436464786529541016e+00 1.924561381340026855e+00 6.441008090972900391e+00 3.243328857421875000e+01 -1.019635200500488281e+00 6.108918190002441406e+00 -1.569167673587799072e-01 4.255230724811553955e-02 1.973044013977050781e+01
2.953523397445678711e-01 1.876317143440246582e+00 3.386427688598632812e+01 3.833881378173828125e+01 1.076056671142578125e+01 1.764280796051025391e+00 1.822246074676513672e+00 6.127731800079345703e+00 3.124208450317382812e+01 -7.886468172073364258e-01 5.770907402038574219e+00 -1.092485338449478149e-01 4.435465112328529358e-02 1.973044013977050781e+01
3.016075491905212402e-01 1.828713297843933105e+00 3.343821334838867188e+01 3.804078292846679688e+01 1.021939182281494141e+01 3.063945531845092773e+00 1.776039600372314453e+00 5.974941253662109375e+00 3.062500762939453125e+01 -1.083809971809387207e+00 5.609343528747558594e+00 -1.226531863212585449e-01 5.760290101170539856e-02 1.973044013977050781e+01
3.079382479190826416e-01 1.831273317337036133e+00 3.315369033813476562e+01 3.723569107055664062e+01 9.530182838439941406e+00 2.269596576690673828e+00 1.778418540954589844e+00 5.948013305664062500e+00 2.993491554260253906e+01 -1.096973299980163574e+00 5.469906330108642578e+00 -1.572034507989883423e-01 3.177138045430183411e-02 1.973044013977050781e+01
3.142760396003723145e-01 1.742617487907409668e+00 3.254288864135742188e+01 3.686053085327148438e+01 9.478379249572753906e+00 2.147065877914428711e+00 1.692237257957458496e+00 5.720278739929199219e+00 2.940859222412109375e+01 -1.167591094970703125e+00 5.295618057250976562e+00 -1.578436195850372314e-01 3.833889961242675781e-02 1.973044013977050781e+01
3.205462992191314697e-01 1.728902578353881836e+00 3.304809570312500000e+01 3.676124954223632812e+01 7.979660987854003906e+00 2.482500076293945312e+00 1.678850412368774414e+00 5.744812011718750000e+00 2.950657272338867188e+01 -1.379230499267578125e+00 5.264007568359375000e+00 -2.034747004508972168e-01 5.049857869744300842e-02 1.973044013977050781e+01
3.268128037452697754e-01 1.693024277687072754e+00 3.229201507568359375e+01 3.602996826171875000e+01 8.138914108276367188e+00 3.781061410903930664e+00 1.643958210945129395e+00 5.569294452667236328e+00 2.862245559692382812e+01 -1.481950879096984863e+00 5.024130344390869141e+00 -2.143261581659317017e-01 5.979131162166595459e-02 1.973044013977050781e+01
3.331238031387329102e-01 1.641789793968200684e+00 3.219508743286132812e+01 3.567293167114257812e+01 8.423761367797851562e+00 4.742222785949707031e+00 1.594200372695922852e+00 5.460096836090087891e+00 2.835473823547363281e+01 -1.372701764106750488e+00 4.886511325836181641e+00 -1.920318454504013062e-01 9.844897687435150146e-02 1.973044013977050781e+01
3.394046723842620850e-01 1.619918704032897949e+00 3.156090354919433594e+01 3.514805603027343750e+01 8.927479743957519531e+00 4.498465538024902344e+00 1.572872042655944824e+00 5.328757286071777344e+00 2.753095626831054688e+01 -1.385005712509155273e+00 4.756304740905761719e+00 -2.005996257066726685e-01 8.274778723716735840e-02 1.973044013977050781e+01
3.456391692161560059e-01 1.591365814208984375e+00 3.139222526550292969e+01 3.478088378906250000e+01 8.703355789184570312e+00 4.590223789215087891e+00 1.545095205307006836e+00 5.264851093292236328e+00 2.720218086242675781e+01 -1.395051956176757812e+00 4.649976253509521484e+00 -2.037308067083358765e-01 9.016299992799758911e-02 1.973044013977050781e+01
3.518808186054229736e-01 1.583545565605163574e+00 3.179030036926269531e+01 3.512618637084960938e+01 7.056480884552001953e+00 4.709916591644287109e+00 1.537469863891601562e+00 5.273721694946289062e+00 2.742094993591308594e+01 -1.783377289772033691e+00 4.636204242706298828e+00 -2.735189199447631836e-01 8.947303146123886108e-02 1.973044013977050781e+01
3.582032322883605957e-01 1.517517209053039551e+00 3.088121032714843750e+01 3.427288436889648438e+01 7.791513442993164062e+00 4.920533657073974609e+00 1.473296403884887695e+00 5.048661231994628906e+00 2.635218238830566406e+01 -1.704137444496154785e+00 4.390919685363769531e+00 -2.589847147464752197e-01 8.718745410442352295e-02 1.973044013977050781e+01
3.645117878913879395e-01 1.514753699302673340e+00 3.097493934631347656e+01 3.436166381835937500e+01 7.245306968688964844e+00 5.542373657226562500e+00 1.470608949661254883e+00 5.016215324401855469e+00 2.622691345214843750e+01 -1.988496065139770508e+00 4.361648082733154297e+00 -2.775158584117889404e-01 9.111277759075164795e-02 1.973044013977050781e+01
3.707640767097473145e-01 1.508947491645812988e+00 3.127519226074218750e+01 3.442490768432617188e+01 6.501046657562255859e+00 9.680968284606933594e+00 1.464902520179748535e+00 5.021532535552978516e+00 2.620321464538574219e+01 -2.175699234008789062e+00 4.292487621307373047e+00 -3.177025020122528076e-01 1.451067775487899780e-01 1.973044013977050781e+01
3.770540952682495117e-01 1.507863879203796387e+00 3.114860916137695312e+01 3.421671676635742188e+01 7.712691307067871094e+00 8.517910003662109375e+00 1.463772416114807129e+00 4.987016677856445312e+00 2.596929740905761719e+01 -1.876784086227416992e+00 4.251811981201171875e+00 -2.645656466484069824e-01 1.352956146001815796e-01 1.973044013977050781e+01
3.833588361740112305e-01 1.509778022766113281e+00 3.155632400512695312e+01 3.455773162841796875e+01 7.437174320220947266e+00 1.016197109222412109e+01 1.465672016143798828e+00 5.023818016052246094e+00 2.602614784240722656e+01 -2.076868057250976562e+00 4.214345455169677734e+00 -3.184494078159332275e-01 1.580056548118591309e-01 1.973044013977050781e+01
3.896513879299163818e-01 1.511467933654785156e+00 3.184126472473144531e+01 3.503895568847656250e+01 7.354592800140380859e+00 1.222034645080566406e+01 1.467271089553833008e+00 5.044407844543457031e+00 2.609190940856933594e+01 -2.395146846771240234e+00 4.208095550537109375e+00 -3.590866923332214355e-01 1.791158318519592285e-01 1.973044013977050781e+01
3.958770036697387695e-01 1.526400208473205566e+00 3.290053939819335938e+01 3.595000839233398438e+01 7.448422908782958984e+00 1.603346252441406250e+01 1.481739401817321777e+00 5.124521732330322266e+00 2.678964424133300781e+01 -2.488563060760498047e+00 4.261897087097167969e+00 -3.405408859252929688e-01 2.203086614608764648e-01 1.973044013977050781e+01
4.021010994911193848e-01 1.520467877388000488e+00 3.342377471923828125e+01 3.674972534179687500e+01 6.885213375091552734e+00 1.583899497985839844e+01 1.475884318351745605e+00 5.173900127410888672e+00 2.717783737182617188e+01 -2.730176448822021484e+00 4.301975727081298828e+00 -3.855311572551727295e-01 2.101588100194931030e-01 1.973044013977050781e+01
