# k, P_{cc}, P_{hh,r}, P_{hh,0}, P_{hh,2}, P_{hh,4}, P_{cm}, P_{hc,r}, P_{hc,0}, P_{hc,2}, P_{hc,4}, P_pSN
#  Realization 122
8.018244989216327667e-03 7.125448608398437500e+01 5.180954589843750000e+02 6.951225585937500000e+02 1.009722351074218750e+03 -7.696763305664062500e+02 7.088676452636718750e+01 1.901741943359375000e+02 5.988153076171875000e+02 1.599576873779296875e+02 2.197040557861328125e+02 5.657298660278320312e+01 -3.139086341857910156e+01 1.982036209106445312e+01
1.401655934751033783e-02 4.425293731689453125e+01 3.565201416015625000e+02 4.269506225585937500e+02 8.281807708740234375e+01 2.449584503173828125e+02 4.387275695800781250e+01 1.222430953979492188e+02 3.885466613769531250e+02 -1.470546364784240723e+00 1.338723754882812500e+02 -5.219761729240417480e-01 8.360587120056152344e+00 1.982036209106445312e+01
1.969251595437526703e-02 3.454447174072265625e+01 2.524111480712890625e+02 2.999755859375000000e+02 -9.104289412498474121e-01 3.023366699218750000e+02 3.415965270996093750e+01 9.140316009521484375e+01 2.739050292968750000e+02 -1.286912250518798828e+01 9.959658050537109375e+01 -4.422743320465087891e+00 1.025989437103271484e+01 1.982036209106445312e+01
2.551339380443096161e-02 4.715651321411132812e+01 3.666468505859375000e+02 4.514011840820312500e+02 2.362219543457031250e+02 -7.467605590820312500e+00 4.651636505126953125e+01 1.289061584472656250e+02 4.051984252929687500e+02 2.657287406921386719e+01 1.429141235351562500e+02 9.363941192626953125e+00 1.875912845134735107e-01 1.982036209106445312e+01
3.202908113598823547e-02 2.755451965332031250e+01 2.203216400146484375e+02 2.569302978515625000e+02 -2.877759552001953125e+01 1.190888748168945312e+02 2.712500572204589844e+01 7.527729034423828125e+01 2.370239868164062500e+02 -1.335797500610351562e+01 8.133813476562500000e+01 -5.156035900115966797e+00 3.757091760635375977e+00 1.982036209106445312e+01
3.846523538231849670e-02 2.554341506958007812e+01 2.000641326904296875e+02 2.402856292724609375e+02 6.333226776123046875e+01 -3.095843505859375000e+01 2.510209846496582031e+01 6.869674682617187500e+01 2.181799468994140625e+02 3.421412706375122070e+00 7.529247283935546875e+01 1.235744237899780273e+00 -8.011673688888549805e-01 1.982036209106445312e+01
4.443310573697090149e-02 2.476440429687500000e+01 1.948073883056640625e+02 2.331824493408203125e+02 5.657940292358398438e+01 -3.111474227905273438e+01 2.430387687683105469e+01 6.681212615966796875e+01 2.120784454345703125e+02 2.911763906478881836e+00 7.318035125732421875e+01 1.469570040702819824e+00 -1.097059130668640137e+00 1.982036209106445312e+01
5.042308941483497620e-02 2.081478118896484375e+01 1.719344787597656250e+02 2.066265258789062500e+02 6.961035156250000000e+01 1.932094573974609375e+01 2.040480995178222656e+01 5.717552185058593750e+01 1.873696594238281250e+02 5.504637718200683594e+00 6.265098190307617188e+01 1.723223209381103516e+00 1.474030911922454834e-01 1.982036209106445312e+01
5.690929666161537170e-02 1.911292076110839844e+01 1.564646759033203125e+02 1.880523834228515625e+02 3.447558593750000000e+01 -2.083499908447265625e+01 1.871817779541015625e+01 5.215888595581054688e+01 1.702741088867187500e+02 -4.589096605777740479e-01 5.711238479614257812e+01 -8.776512695476412773e-04 -8.891051411628723145e-01 1.982036209106445312e+01
6.341847032308578491e-02 1.724831581115722656e+01 1.466228637695312500e+02 1.756234283447265625e+02 7.267536926269531250e+01 3.707977294921875000e+01 1.687573051452636719e+01 4.743720245361328125e+01 1.591900939941406250e+02 7.008602142333984375e+00 5.183855056762695312e+01 2.654849529266357422e+00 8.590840101242065430e-01 1.982036209106445312e+01
6.949992477893829346e-02 1.568812751770019531e+01 1.327934112548828125e+02 1.589645538330078125e+02 6.773140716552734375e+01 -2.630363655090332031e+01 1.533937835693359375e+01 4.281166839599609375e+01 1.440144042968750000e+02 7.422379493713378906e+00 4.683569335937500000e+01 2.595338582992553711e+00 -9.476178884506225586e-01 1.982036209106445312e+01
7.558133453130722046e-02 1.444794178009033203e+01 1.196556091308593750e+02 1.431997833251953125e+02 4.426952362060546875e+01 3.958496093750000000e+00 1.411699867248535156e+01 3.900469970703125000e+01 1.295073242187500000e+02 2.988186120986938477e+00 4.247707748413085938e+01 1.147395253181457520e+00 -6.670117378234863281e-03 1.982036209106445312e+01
8.196274191141128540e-02 1.378827857971191406e+01 1.224899368286132812e+02 1.451600036621093750e+02 5.301211929321289062e+01 7.465509891510009766e+00 1.346489238739013672e+01 3.843013763427734375e+01 1.318519592285156250e+02 4.771320343017578125e+00 4.160997390747070312e+01 1.604554176330566406e+00 2.677485346794128418e-01 1.982036209106445312e+01
8.830232173204421997e-02 1.117245674133300781e+01 1.004918670654296875e+02 1.186479949951171875e+02 4.341915893554687500e+01 3.975827407836914062e+01 1.090532398223876953e+01 3.102204513549804688e+01 1.077529754638671875e+02 3.763749361038208008e+00 3.351336669921875000e+01 1.335526108741760254e+00 1.234915018081665039e+00 1.982036209106445312e+01
9.435217082500457764e-02 9.853587150573730469e+00 9.340218353271484375e+01 1.109347839355468750e+02 3.488650894165039062e+01 -2.670554876327514648e+00 9.613735198974609375e+00 2.781532096862792969e+01 1.002567596435546875e+02 2.531306028366088867e+00 3.011762619018554688e+01 8.558832406997680664e-01 -1.571657806634902954e-01 1.982036209106445312e+01
1.005600690841674805e-01 9.250852584838867188e+00 8.686926269531250000e+01 1.043361434936523438e+02 3.734802627563476562e+01 -9.248734474182128906e+00 9.022116661071777344e+00 2.586523437500000000e+01 9.342369079589843750e+01 2.735062599182128906e+00 2.813414764404296875e+01 1.075306415557861328e+00 -3.639181852340698242e-01 1.982036209106445312e+01
1.070138886570930481e-01 8.314493179321289062e+00 8.180149841308593750e+01 9.740292358398437500e+01 3.033854293823242188e+01 -1.713964104652404785e+00 8.104990959167480469e+00 2.350344276428222656e+01 8.751125335693359375e+01 1.818643450736999512e+00 2.542403984069824219e+01 5.940582752227783203e-01 -6.238568574190139771e-02 1.982036209106445312e+01
1.134273484349250793e-01 7.802814006805419922e+00 7.530042266845703125e+01 8.859481048583984375e+01 2.553854751586914062e+01 -1.745893120765686035e+00 7.604278564453125000e+00 2.174377441406250000e+01 7.979200744628906250e+01 1.341547131538391113e+00 2.333931922912597656e+01 5.459204912185668945e-01 -7.216139882802963257e-02 1.982036209106445312e+01
1.196089535951614380e-01 7.582628726959228516e+00 7.698423004150390625e+01 9.089076232910156250e+01 2.766208267211914062e+01 6.700368881225585938e+00 7.387401103973388672e+00 2.160333251953125000e+01 8.164125823974609375e+01 1.435110926628112793e+00 2.309024810791015625e+01 3.930368125438690186e-01 2.101825475692749023e-01 1.982036209106445312e+01
1.257804334163665771e-01 7.228264808654785156e+00 7.282202911376953125e+01 8.554656219482421875e+01 1.691123008728027344e+01 2.945770263671875000e+00 7.040553092956542969e+00 2.046894454956054688e+01 7.676283264160156250e+01 -4.197563230991363525e-01 2.180308151245117188e+01 -8.411557972431182861e-02 -2.464638650417327881e-02 1.982036209106445312e+01
1.321490257978439331e-01 7.045489788055419922e+00 7.328660583496093750e+01 8.520692443847656250e+01 2.643438339233398438e+01 -3.509177923202514648e+00 6.860650062561035156e+00 2.027909278869628906e+01 7.691390991210937500e+01 1.757107734680175781e+00 2.148987007141113281e+01 5.956183075904846191e-01 -1.484161615371704102e-01 1.982036209106445312e+01
1.384563297033309937e-01 6.358487606048583984e+00 6.803659057617187500e+01 7.968168640136718750e+01 2.671109580993652344e+01 4.783972263336181641e+00 6.190502166748046875e+00 1.840661048889160156e+01 7.126876068115234375e+01 1.757316470146179199e+00 1.946723365783691406e+01 5.309237241744995117e-01 3.729053586721420288e-02 1.982036209106445312e+01
1.446497291326522827e-01 5.839457035064697266e+00 6.338726806640625000e+01 7.407257080078125000e+01 2.225228500366210938e+01 8.057844638824462891e-01 5.683953762054443359e+00 1.687574386596679688e+01 6.627713775634765625e+01 1.090929627418518066e+00 1.785117149353027344e+01 3.227156400680541992e-01 4.628018359653651714e-04 1.982036209106445312e+01
1.508535146713256836e-01 5.352049827575683594e+00 6.047825622558593750e+01 7.163475799560546875e+01 2.305953979492187500e+01 4.289607048034667969e+00 5.208717346191406250e+00 1.564623832702636719e+01 6.327476119995117188e+01 9.289663434028625488e-01 1.660766792297363281e+01 3.785913288593292236e-01 1.015922948718070984e-01 1.982036209106445312e+01
1.571729034185409546e-01 4.827991008758544922e+00 5.632126235961914062e+01 6.632462310791015625e+01 2.379904747009277344e+01 6.129188060760498047e+00 4.697807788848876953e+00 1.413467884063720703e+01 5.844775772094726562e+01 1.267476558685302734e+00 1.484430599212646484e+01 3.814201951026916504e-01 1.502436995506286621e-01 1.982036209106445312e+01
1.635417938232421875e-01 4.610319614410400391e+00 5.531995010375976562e+01 6.412157440185546875e+01 1.772182655334472656e+01 3.249525070190429688e+00 4.485381126403808594e+00 1.364190483093261719e+01 5.686157608032226562e+01 3.709527552127838135e-01 1.418702030181884766e+01 1.320661753416061401e-01 1.027251034975051880e-01 1.982036209106445312e+01
1.698256134986877441e-01 4.382213592529296875e+00 5.341957092285156250e+01 6.244375228881835938e+01 1.886640548706054688e+01 2.430012941360473633e+00 4.262426376342773438e+00 1.302036571502685547e+01 5.502585601806640625e+01 5.620350241661071777e-01 1.361100769042968750e+01 1.721524298191070557e-01 -1.483902521431446075e-02 1.982036209106445312e+01
1.761013567447662354e-01 4.174403190612792969e+00 5.163542175292968750e+01 6.081297302246093750e+01 2.035317039489746094e+01 2.563596487045288086e+00 4.060094356536865234e+00 1.251937961578369141e+01 5.305872344970703125e+01 6.653733849525451660e-01 1.303337955474853516e+01 2.356564551591873169e-01 1.926384749822318554e-03 1.982036209106445312e+01
1.823998540639877319e-01 3.933475255966186523e+00 5.001718521118164062e+01 5.843408584594726562e+01 2.104342651367187500e+01 8.335556983947753906e+00 3.825323820114135742e+00 1.177979946136474609e+01 5.102928924560546875e+01 7.428758144378662109e-01 1.219404697418212891e+01 2.129781693220138550e-01 1.571125984191894531e-01 1.982036209106445312e+01
1.886507123708724976e-01 3.796431064605712891e+00 4.965649414062500000e+01 5.762531661987304688e+01 1.725366210937500000e+01 5.066660404205322266e+00 3.691495656967163086e+00 1.153541088104248047e+01 5.040503692626953125e+01 3.309342563152313232e-01 1.184211730957031250e+01 1.092568337917327881e-01 7.267318665981292725e-02 1.982036209106445312e+01
1.949081569910049438e-01 3.594862222671508789e+00 4.762783813476562500e+01 5.518718719482421875e+01 1.699855804443359375e+01 2.267290115356445312e+00 3.495168685913085938e+00 1.088863754272460938e+01 4.796668243408203125e+01 1.483467966318130493e-01 1.113072013854980469e+01 1.038173064589500427e-01 5.637860670685768127e-02 1.982036209106445312e+01
2.011425346136093140e-01 3.429880857467651367e+00 4.650638580322265625e+01 5.346116638183593750e+01 1.323168659210205078e+01 3.654364109039306641e+00 3.334555625915527344e+00 1.046530246734619141e+01 4.652863693237304688e+01 -3.953613638877868652e-01 1.061257362365722656e+01 -1.587248407304286957e-03 2.384786494076251984e-02 1.982036209106445312e+01
2.073954045772552490e-01 3.287515401840209961e+00 4.596519088745117188e+01 5.396228790283203125e+01 1.877290153503417969e+01 6.777156829833984375e+00 3.195795297622680664e+00 1.013757324218750000e+01 4.639351654052734375e+01 4.674817323684692383e-01 1.041143608093261719e+01 1.995269656181335449e-01 1.304249465465545654e-01 1.982036209106445312e+01
2.137389332056045532e-01 3.111691951751708984e+00 4.364812469482421875e+01 5.022901535034179688e+01 1.396964359283447266e+01 3.485445022583007812e+00 3.024505615234375000e+00 9.572007179260253906e+00 4.313655853271484375e+01 -4.272474348545074463e-01 9.646119117736816406e+00 -3.556722402572631836e-02 4.415560886263847351e-02 1.982036209106445312e+01
2.200330942869186401e-01 2.879621744155883789e+00 4.241939544677734375e+01 4.869528198242187500e+01 1.439344501495361328e+01 2.382886409759521484e+00 2.798722028732299805e+00 8.985793113708496094e+00 4.182553482055664062e+01 -1.183838620781898499e-01 9.003365516662597656e+00 1.202482357621192932e-02 1.388075482100248337e-02 1.982036209106445312e+01
2.262930423021316528e-01 2.792221069335937500e+00 4.114981079101562500e+01 4.784803390502929688e+01 1.387532234191894531e+01 -2.268644332885742188e+00 2.713575363159179688e+00 8.656873703002929688e+00 4.049740982055664062e+01 -3.755613565444946289e-01 8.691287040710449219e+00 1.771034672856330872e-02 -9.209320694208145142e-02 1.982036209106445312e+01
2.325985133647918701e-01 2.680626869201660156e+00 4.010460662841796875e+01 4.633586883544921875e+01 1.270527076721191406e+01 3.595039129257202148e+00 2.605020046234130859e+00 8.353766441345214844e+00 3.916815185546875000e+01 -5.535419583320617676e-01 8.319386482238769531e+00 -9.680667519569396973e-02 4.448837414383888245e-02 1.982036209106445312e+01
2.388891130685806274e-01 2.585219383239746094e+00 3.918696594238281250e+01 4.490934371948242188e+01 1.053841686248779297e+01 3.773166179656982422e+00 2.511970758438110352e+00 8.086472511291503906e+00 3.797503280639648438e+01 -7.797179222106933594e-01 7.984047412872314453e+00 -9.182120859622955322e-02 5.328239127993583679e-02 1.982036209106445312e+01
2.451218813657760620e-01 2.494983196258544922e+00 3.909980392456054688e+01 4.487372589111328125e+01 1.327998447418212891e+01 1.913839697837829590e+00 2.424151420593261719e+00 7.862881660461425781e+00 3.770283508300781250e+01 -3.759561777114868164e-01 7.737188816070556641e+00 -2.059779688715934753e-02 2.846846915781497955e-02 1.982036209106445312e+01
2.513737380504608154e-01 2.412348508834838867e+00 3.801483917236328125e+01 4.332870101928710938e+01 1.100289154052734375e+01 5.364238739013671875e+00 2.343862295150756836e+00 7.606442928314208984e+00 3.632330703735351562e+01 -7.746791243553161621e-01 7.412839412689208984e+00 -7.577528804540634155e-02 9.049707651138305664e-02 1.982036209106445312e+01
2.577070593833923340e-01 2.373922824859619141e+00 3.887480926513671875e+01 4.400826263427734375e+01 1.169876098632812500e+01 1.279016733169555664e+00 2.306360244750976562e+00 7.611007690429687500e+00 3.685712432861328125e+01 -6.377251148223876953e-01 7.362304687500000000e+00 -5.741317570209503174e-02 2.896173298358917236e-02 1.982036209106445312e+01
2.640204429626464844e-01 2.248698711395263672e+00 3.712193679809570312e+01 4.220297241210937500e+01 1.164572811126708984e+01 6.257374286651611328e+00 2.184531927108764648e+00 7.221207618713378906e+00 3.508869171142578125e+01 -7.390931248664855957e-01 6.970411300659179688e+00 -8.565737307071685791e-02 1.042694598436355591e-01 1.982036209106445312e+01
2.702898085117340088e-01 2.145357131958007812e+00 3.610057830810546875e+01 4.123405456542968750e+01 1.113493728637695312e+01 3.405214309692382812e+00 2.084006071090698242e+00 6.878508090972900391e+00 3.386841964721679688e+01 -9.439448714256286621e-01 6.601413249969482422e+00 -1.295956373214721680e-01 2.894024923443794250e-02 1.982036209106445312e+01
2.765615284442901611e-01 2.062976360321044922e+00 3.556302642822265625e+01 4.020719909667968750e+01 1.179798316955566406e+01 6.719602584838867188e+00 2.003832817077636719e+00 6.666419029235839844e+00 3.314783477783203125e+01 -6.890999674797058105e-01 6.294070243835449219e+00 -8.884403109550476074e-02 8.918209373950958252e-02 1.982036209106445312e+01
2.828698754310607910e-01 2.045606851577758789e+00 3.616022872924804688e+01 4.088016510009765625e+01 1.014374732971191406e+01 -7.027247548103332520e-02 1.986939787864685059e+00 6.734911918640136719e+00 3.355926513671875000e+01 -9.617532491683959961e-01 6.359806537628173828e+00 -1.355459541082382202e-01 -6.584670336451381445e-05 1.982036209106445312e+01
2.891486585140228271e-01 1.964808702468872070e+00 3.489447021484375000e+01 3.977688598632812500e+01 1.104420089721679688e+01 3.793473482131958008e+00 1.908393621444702148e+00 6.453474521636962891e+00 3.221873474121093750e+01 -1.021469950675964355e+00 6.080350399017333984e+00 -1.536505371332168579e-01 5.295315757393836975e-02 1.982036209106445312e+01
2.953523397445678711e-01 1.926488161087036133e+00 3.462157821655273438e+01 3.935280227661132812e+01 1.085499286651611328e+01 3.552347898483276367e+00 1.871048212051391602e+00 6.292441844940185547e+00 3.186865806579589844e+01 -9.552449584007263184e-01 5.928372859954833984e+00 -1.297625154256820679e-01 5.804078653454780579e-02 1.982036209106445312e+01
3.016075491905212402e-01 1.852157831192016602e+00 3.390065765380859375e+01 3.851918792724609375e+01 1.050553798675537109e+01 5.096158981323242188e+00 1.798722863197326660e+00 6.081792831420898438e+00 3.088424682617187500e+01 -1.056477069854736328e+00 5.666043758392333984e+00 -1.268446445465087891e-01 9.817264974117279053e-02 1.982036209106445312e+01
3.079382479190826416e-01 1.795777678489685059e+00 3.337689590454101562e+01 3.783690261840820312e+01 9.328387260437011719e+00 2.786429166793823242e+00 1.743894100189208984e+00 5.909924507141113281e+00 3.026572036743164062e+01 -1.231155037879943848e+00 5.472842216491699219e+00 -2.005620151758193970e-01 4.090489074587821960e-02 1.982036209106445312e+01
3.142760396003723145e-01 1.772083640098571777e+00 3.312105560302734375e+01 3.728057098388671875e+01 9.179507255554199219e+00 2.957212686538696289e+00 1.720852732658386230e+00 5.826331138610839844e+00 2.967178344726562500e+01 -1.315038681030273438e+00 5.337991237640380859e+00 -2.022866606712341309e-01 5.244376882910728455e-02 1.982036209106445312e+01
3.205462992191314697e-01 1.717107892036437988e+00 3.235725021362304688e+01 3.630463027954101562e+01 9.383153915405273438e+00 2.403989076614379883e+00 1.667407870292663574e+00 5.631974697113037109e+00 2.874307250976562500e+01 -1.240225315093994141e+00 5.100767135620117188e+00 -1.959000527858734131e-01 4.846106842160224915e-02 1.982036209106445312e+01
3.268128037452697754e-01 1.677523136138916016e+00 3.247463226318359375e+01 3.612460708618164062e+01 8.604583740234375000e+00 3.905354022979736328e+00 1.628927230834960938e+00 5.545117855072021484e+00 2.843696594238281250e+01 -1.481578230857849121e+00 4.959558963775634766e+00 -2.117247879505157471e-01 5.547563731670379639e-02 1.982036209106445312e+01
3.331238031387329102e-01 1.625785112380981445e+00 3.198085021972656250e+01 3.556558609008789062e+01 8.362036705017089844e+00 3.865793704986572266e+00 1.578642487525939941e+00 5.406707286834716797e+00 2.794886589050292969e+01 -1.446323037147521973e+00 4.828998565673828125e+00 -1.940671205520629883e-01 8.349774777889251709e-02 1.982036209106445312e+01
3.394046723842620850e-01 1.622500419616699219e+00 3.204737854003906250e+01 3.591245651245117188e+01 8.997137069702148438e+00 2.402524471282958984e+00 1.575384855270385742e+00 5.376033782958984375e+00 2.791459083557128906e+01 -1.551793336868286133e+00 4.784167289733886719e+00 -2.385770231485366821e-01 2.525210566818714142e-02 1.982036209106445312e+01
3.456391692161560059e-01 1.586699843406677246e+00 3.194351005554199219e+01 3.550906372070312500e+01 7.552747249603271484e+00 4.299733638763427734e+00 1.540522694587707520e+00 5.290837287902832031e+00 2.752163505554199219e+01 -1.757181048393249512e+00 4.662308692932128906e+00 -2.394064366817474365e-01 7.342715561389923096e-02 1.982036209106445312e+01
3.518808186054229736e-01 1.556051015853881836e+00 3.163172149658203125e+01 3.508666610717773438e+01 7.993670463562011719e+00 3.652597665786743164e+00 1.510802865028381348e+00 5.172143936157226562e+00 2.701631355285644531e+01 -1.702057003974914551e+00 4.505537033081054688e+00 -2.612573504447937012e-01 5.949097871780395508e-02 1.982036209106445312e+01
3.582032322883605957e-01 1.531823754310607910e+00 3.082102394104003906e+01 3.430559158325195312e+01 7.711712837219238281e+00 6.955562114715576172e+00 1.487187027931213379e+00 5.058523654937744141e+00 2.608855438232421875e+01 -1.907038807868957520e+00 4.407473564147949219e+00 -2.793273925781250000e-01 1.241271421313285828e-01 1.982036209106445312e+01
3.645117878913879395e-01 1.519572138786315918e+00 3.109062194824218750e+01 3.463423919677734375e+01 8.315764427185058594e+00 5.825294017791748047e+00 1.475252747535705566e+00 5.051223754882812500e+00 2.623465347290039062e+01 -1.787225484848022461e+00 4.381345748901367188e+00 -2.437178641557693481e-01 9.066389501094818115e-02 1.982036209106445312e+01
3.707640767097473145e-01 1.502560138702392578e+00 3.106055259704589844e+01 3.423024368286132812e+01 8.177115440368652344e+00 8.221387863159179688e+00 1.458712935447692871e+00 4.988007545471191406e+00 2.582875442504882812e+01 -1.881790280342102051e+00 4.268783092498779297e+00 -2.963524758815765381e-01 1.254484653472900391e-01 1.982036209106445312e+01
3.770540952682495117e-01 1.494037747383117676e+00 3.114589691162109375e+01 3.447831344604492188e+01 8.914637565612792969e+00 8.827426910400390625e+00 1.450390696525573730e+00 4.969717025756835938e+00 2.563418960571289062e+01 -2.024223089218139648e+00 4.156959533691406250e+00 -2.992098331451416016e-01 1.437818855047225952e-01 1.982036209106445312e+01
3.833588361740112305e-01 1.508437752723693848e+00 3.148152542114257812e+01 3.491196060180664062e+01 8.264780998229980469e+00 1.042845153808593750e+01 1.464392066001892090e+00 5.002703666687011719e+00 2.577036476135253906e+01 -2.230682849884033203e+00 4.179528713226318359e+00 -3.143055438995361328e-01 1.529276520013809204e-01 1.982036209106445312e+01
3.896513879299163818e-01 1.483954668045043945e+00 3.177891731262207031e+01 3.499309539794921875e+01 7.606388568878173828e+00 1.399967384338378906e+01 1.440599083900451660e+00 4.956008434295654297e+00 2.575972366333007812e+01 -2.465185880661010742e+00 4.120725631713867188e+00 -3.505962491035461426e-01 1.865253001451492310e-01 1.982036209106445312e+01
3.958770036697387695e-01 1.506917595863342285e+00 3.265458297729492188e+01 3.568048477172851562e+01 6.407032966613769531e+00 1.411688423156738281e+01 1.462786674499511719e+00 5.087835311889648438e+00 2.627516365051269531e+01 -2.740177154541015625e+00 4.183710098266601562e+00 -3.988408744335174561e-01 1.930770874023437500e-01 1.982036209106445312e+01
4.021010994911193848e-01 1.534173607826232910e+00 3.332672882080078125e+01 3.646496200561523438e+01 7.328601360321044922e+00 1.536206912994384766e+01 1.489304661750793457e+00 5.166839122772216797e+00 2.653406906127929688e+01 -2.825055360794067383e+00 4.205958366394042969e+00 -4.089924395084381104e-01 2.111661583185195923e-01 1.982036209106445312e+01
