# k, P_{cc}, P_{hh,r}, P_{hh,0}, P_{hh,2}, P_{hh,4}, P_{cm}, P_{hc,r}, P_{hc,0}, P_{hc,2}, P_{hc,4}, P_pSN
#  Realization 157
8.018244989216327667e-03 3.889124298095703125e+01 2.489770355224609375e+02 2.984821472167968750e+02 4.697880935668945312e+01 3.729463806152343750e+02 3.870502471923828125e+01 9.577159118652343750e+01 2.712703247070312500e+02 -5.202108383178710938e+00 1.042692413330078125e+02 -4.625458240509033203e+00 1.629216384887695312e+01 1.979515647888183594e+01
1.401655934751033783e-02 4.258106994628906250e+01 3.219843750000000000e+02 4.072962951660156250e+02 3.886352233886718750e+02 5.576451416015625000e+02 4.222400283813476562e+01 1.135829772949218750e+02 3.603457336425781250e+02 5.010352325439453125e+01 1.279117126464843750e+02 1.832892990112304688e+01 1.665073013305664062e+01 1.979515647888183594e+01
1.969251595437526703e-02 4.737808609008789062e+01 3.523863220214843750e+02 4.214401550292968750e+02 3.581542968750000000e+01 2.844029235839843750e+02 4.684375381469726562e+01 1.258951110839843750e+02 3.839541015625000000e+02 -8.915249824523925781e+00 1.374486083984375000e+02 -4.736015319824218750e+00 8.806114196777343750e+00 1.979515647888183594e+01
2.551339380443096161e-02 3.989863967895507812e+01 2.988692321777343750e+02 3.753180847167968750e+02 2.725249633789062500e+02 1.681885223388671875e+02 3.935531234741210938e+01 1.066429367065429688e+02 3.333580627441406250e+02 3.345301055908203125e+01 1.194423217773437500e+02 1.137083339691162109e+01 5.320180416107177734e+00 1.979515647888183594e+01
3.202908113598823547e-02 2.976535987854003906e+01 2.244337005615234375e+02 2.709564819335937500e+02 6.389319610595703125e+01 -2.481710612773895264e-01 2.929660034179687500e+01 7.919671630859375000e+01 2.455007476806640625e+02 2.066657304763793945e+00 8.702082061767578125e+01 6.633919477462768555e-01 -8.516950905323028564e-02 1.979515647888183594e+01
3.846523538231849670e-02 2.593019104003906250e+01 2.013480682373046875e+02 2.424710540771484375e+02 7.955203247070312500e+01 -1.069037551879882812e+02 2.548118591308593750e+01 6.970687103271484375e+01 2.200612640380859375e+02 7.572261810302734375e+00 7.660330963134765625e+01 2.241661787033081055e+00 -3.241184949874877930e+00 1.979515647888183594e+01
4.443310573697090149e-02 2.185435104370117188e+01 1.734467468261718750e+02 2.118401947021484375e+02 9.785756683349609375e+01 -1.503195381164550781e+01 2.144802856445312500e+01 5.904886627197265625e+01 1.907318572998046875e+02 1.068779659271240234e+01 6.523802185058593750e+01 3.169094800949096680e+00 -4.971262216567993164e-01 1.979515647888183594e+01
5.042308941483497620e-02 2.126831245422363281e+01 1.708314208984375000e+02 2.057781372070312500e+02 6.746630096435546875e+01 -4.449571228027343750e+01 2.084953689575195312e+01 5.746974945068359375e+01 1.864179992675781250e+02 5.486319065093994141e+00 6.316073226928710938e+01 1.954473972320556641e+00 -1.588557600975036621e+00 1.979515647888183594e+01
5.690929666161537170e-02 1.765202140808105469e+01 1.470269622802734375e+02 1.740361938476562500e+02 5.083824539184570312e+01 -6.348286151885986328e+00 1.728633880615234375e+01 4.804824447631835938e+01 1.589496459960937500e+02 3.792317390441894531e+00 5.229370498657226562e+01 1.318836092948913574e+00 -4.919482469558715820e-01 1.979515647888183594e+01
6.341847032308578491e-02 1.644388961791992188e+01 1.382326812744140625e+02 1.641171875000000000e+02 3.768946838378906250e+01 -3.435682296752929688e+00 1.608969688415527344e+01 4.502154922485351562e+01 1.495722045898437500e+02 1.659348726272583008e+00 4.914116668701171875e+01 8.571965098381042480e-01 -2.577066123485565186e-01 1.979515647888183594e+01
6.949992477893829346e-02 1.694131088256835938e+01 1.417959289550781250e+02 1.690141754150390625e+02 5.836475372314453125e+01 -4.668768882751464844e+00 1.656291770935058594e+01 4.645307159423828125e+01 1.535714416503906250e+02 5.114567756652832031e+00 5.067321777343750000e+01 1.964738249778747559e+00 -1.301721436902880669e-03 1.979515647888183594e+01
7.558133453130722046e-02 1.608298110961914062e+01 1.370449066162109375e+02 1.626544647216796875e+02 3.229663085937500000e+01 -1.082236576080322266e+01 1.571478176116943359e+01 4.419223785400390625e+01 1.479698944091796875e+02 4.376798272132873535e-01 4.805724716186523438e+01 4.075344800949096680e-01 -4.176978766918182373e-01 1.979515647888183594e+01
8.196274191141128540e-02 1.334446144104003906e+01 1.167108078002929688e+02 1.377440795898437500e+02 3.179975700378417969e+01 6.971396446228027344e+00 1.303150558471679688e+01 3.683877944946289062e+01 1.254832839965820312e+02 1.147971034049987793e+00 3.987954711914062500e+01 3.992141783237457275e-01 2.418871372938156128e-01 1.979515647888183594e+01
8.830232173204421997e-02 1.120523929595947266e+01 1.005279617309570312e+02 1.183712615966796875e+02 4.166472244262695312e+01 1.545695972442626953e+01 1.093687820434570312e+01 3.088656997680664062e+01 1.077371978759765625e+02 3.781945943832397461e+00 3.338728713989257812e+01 1.385723471641540527e+00 4.767175912857055664e-01 1.979515647888183594e+01
9.435217082500457764e-02 9.891387939453125000e+00 9.568020629882812500e+01 1.132154846191406250e+02 3.708166122436523438e+01 7.047489643096923828e+00 9.649901390075683594e+00 2.819706153869628906e+01 1.026039962768554688e+02 2.741280794143676758e+00 3.061213302612304688e+01 1.009326934814453125e+00 -2.983896993100643158e-02 1.979515647888183594e+01
1.005600690841674805e-01 8.916152954101562500e+00 8.579883575439453125e+01 1.016916656494140625e+02 2.967657279968261719e+01 1.582107692956924438e-02 8.695611953735351562e+00 2.518903160095214844e+01 9.192229461669921875e+01 1.921391844749450684e+00 2.724282836914062500e+01 5.774099230766296387e-01 7.667467929422855377e-03 1.979515647888183594e+01
1.070138886570930481e-01 8.072585105895996094e+00 7.848367309570312500e+01 9.454571533203125000e+01 3.691376113891601562e+01 1.474909591674804688e+01 7.869825839996337891e+00 2.263532257080078125e+01 8.445222473144531250e+01 2.730941534042358398e+00 2.463374710083007812e+01 1.055097222328186035e+00 4.149658977985382080e-01 1.979515647888183594e+01
1.134273484349250793e-01 7.809670448303222656e+00 7.772827148437500000e+01 9.288095855712890625e+01 3.571540451049804688e+01 9.795700073242187500e+00 7.610798835754394531e+00 2.203159332275390625e+01 8.321347045898437500e+01 2.623185634613037109e+00 2.382984542846679688e+01 8.394174575805664062e-01 9.248965233564376831e-02 1.979515647888183594e+01
1.196089535951614380e-01 7.434287548065185547e+00 7.527163696289062500e+01 8.808439636230468750e+01 2.501584625244140625e+01 6.302887439727783203e+00 7.243633747100830078e+00 2.115364456176757812e+01 7.959020233154296875e+01 1.460866928100585938e+00 2.260684967041015625e+01 3.876655399799346924e-01 2.010853290557861328e-01 1.979515647888183594e+01
1.257804334163665771e-01 6.970918655395507812e+00 7.240103149414062500e+01 8.433728790283203125e+01 2.059717369079589844e+01 -8.185559272766113281e+00 6.790058135986328125e+00 1.992148780822753906e+01 7.629106903076171875e+01 8.208745121955871582e-01 2.122219085693359375e+01 3.546631932258605957e-01 -3.082231581211090088e-01 1.979515647888183594e+01
1.321490257978439331e-01 6.668439388275146484e+00 6.971065521240234375e+01 8.171994018554687500e+01 3.168091011047363281e+01 6.326980113983154297e+00 6.493446826934814453e+00 1.919899940490722656e+01 7.343016815185546875e+01 2.486781358718872070e+00 2.040228080749511719e+01 8.015267252922058105e-01 1.421270370483398438e-01 1.979515647888183594e+01
1.384563297033309937e-01 6.285008430480957031e+00 6.672349548339843750e+01 7.748767852783203125e+01 2.697857856750488281e+01 -5.137249827384948730e-01 6.118997097015380859e+00 1.808440208435058594e+01 6.975356292724609375e+01 1.991523742675781250e+00 1.914795684814453125e+01 5.806838274002075195e-01 -1.055556610226631165e-01 1.979515647888183594e+01
1.446497291326522827e-01 5.893120288848876953e+00 6.426953125000000000e+01 7.503305053710937500e+01 2.656298446655273438e+01 -2.810238122940063477e+00 5.736124992370605469e+00 1.704882240295410156e+01 6.737487792968750000e+01 1.947601795196533203e+00 1.808257865905761719e+01 5.419571995735168457e-01 -1.916614919900894165e-01 1.979515647888183594e+01
1.508535146713256836e-01 5.256245136260986328e+00 5.961443710327148438e+01 6.933106994628906250e+01 2.068380165100097656e+01 3.139575242996215820e+00 5.115153789520263672e+00 1.537664508819580078e+01 6.191431045532226562e+01 8.250183463096618652e-01 1.618294143676757812e+01 3.598847091197967529e-01 1.947795040905475616e-02 1.979515647888183594e+01
1.571729034185409546e-01 4.892363071441650391e+00 5.775392532348632812e+01 6.779213714599609375e+01 2.410450363159179688e+01 8.832726478576660156e+00 4.760402202606201172e+00 1.449605369567871094e+01 6.018589401245117188e+01 1.325154900550842285e+00 1.525510787963867188e+01 4.298433661460876465e-01 2.333343774080276489e-01 1.979515647888183594e+01
1.635417938232421875e-01 4.668655872344970703e+00 5.638892745971679688e+01 6.648020935058593750e+01 2.495723342895507812e+01 5.429002285003662109e+00 4.541900634765625000e+00 1.390151119232177734e+01 5.886466979980468750e+01 1.606960654258728027e+00 1.471135807037353516e+01 4.685004949569702148e-01 5.050590634346008301e-02 1.979515647888183594e+01
1.698256134986877441e-01 4.265000820159912109e+00 5.191400146484375000e+01 6.027056503295898438e+01 1.998554039001464844e+01 7.106336355209350586e-01 4.148674964904785156e+00 1.259981536865234375e+01 5.334877014160156250e+01 1.042097210884094238e+00 1.307497310638427734e+01 2.214250415563583374e-01 -6.802853196859359741e-02 1.979515647888183594e+01
1.761013567447662354e-01 4.093508243560791016e+00 5.105183410644531250e+01 5.960699844360351562e+01 1.804903030395507812e+01 9.312781691551208496e-01 3.981326580047607422e+00 1.221539783477783203e+01 5.251553344726562500e+01 5.923851132392883301e-01 1.279240894317626953e+01 2.273940742015838623e-01 -2.738680876791477203e-02 1.979515647888183594e+01
1.823998540639877319e-01 3.843571662902832031e+00 5.014577484130859375e+01 5.840322113037109375e+01 1.992251205444335938e+01 4.453832626342773438e+00 3.737768888473510742e+00 1.169025039672851562e+01 5.131260299682617188e+01 8.362739086151123047e-01 1.212702560424804688e+01 2.474699467420578003e-01 4.824971780180931091e-02 1.979515647888183594e+01
1.886507123708724976e-01 3.916255950927734375e+00 5.054512405395507812e+01 5.881454849243164062e+01 1.916152954101562500e+01 2.280663251876831055e+00 3.808122396469116211e+00 1.182724189758300781e+01 5.166722488403320312e+01 6.609210371971130371e-01 1.225742816925048828e+01 2.268907129764556885e-01 -4.228831082582473755e-02 1.979515647888183594e+01
1.949081569910049438e-01 3.619975566864013672e+00 4.714888763427734375e+01 5.453842544555664062e+01 1.655514144897460938e+01 5.738753795623779297e+00 3.519710779190063477e+00 1.084942340850830078e+01 4.759051132202148438e+01 8.174353092908859253e-02 1.111801242828369141e+01 9.416718035936355591e-02 5.117940157651901245e-02 1.979515647888183594e+01
2.011425346136093140e-01 3.409779310226440430e+00 4.652034378051757812e+01 5.349580383300781250e+01 1.134976291656494141e+01 1.385121107101440430e+00 3.314880132675170898e+00 1.043085575103759766e+01 4.683785247802734375e+01 -5.295401215553283691e-01 1.067816066741943359e+01 -9.640006348490715027e-03 1.090922579169273376e-02 1.979515647888183594e+01
2.073954045772552490e-01 3.264133214950561523e+00 4.503923034667968750e+01 5.235255813598632812e+01 1.545135307312011719e+01 -3.096719980239868164e+00 3.172893285751342773e+00 1.000624084472656250e+01 4.533611679077148438e+01 1.560717523097991943e-01 1.022190856933593750e+01 3.150819987058639526e-02 -1.069264709949493408e-01 1.979515647888183594e+01
2.137389332056045532e-01 3.169721841812133789e+00 4.444242858886718750e+01 5.148177719116210938e+01 1.563543987274169922e+01 3.505269050598144531e+00 3.080982685089111328e+00 9.728985786437988281e+00 4.450963973999023438e+01 1.052130460739135742e-01 9.885359764099121094e+00 5.819746479392051697e-02 3.385248407721519470e-02 1.979515647888183594e+01
2.200330942869186401e-01 3.043802022933959961e+00 4.364997863769531250e+01 5.064019012451171875e+01 1.563794803619384766e+01 1.305586457252502441e+00 2.958213567733764648e+00 9.451283454895019531e+00 4.355776214599609375e+01 3.373854607343673706e-02 9.622677803039550781e+00 6.362604349851608276e-02 -2.467160858213901520e-02 1.979515647888183594e+01
2.262930423021316528e-01 2.831882476806640625e+00 4.176037597656250000e+01 4.845383071899414062e+01 1.523045158386230469e+01 8.263762593269348145e-01 2.752245187759399414e+00 8.830418586730957031e+00 4.144063949584960938e+01 -1.086221709847450256e-01 8.901201248168945312e+00 2.744392491877079010e-02 -1.777426339685916901e-02 1.979515647888183594e+01
2.325985133647918701e-01 2.653369665145874023e+00 4.007270050048828125e+01 4.595972824096679688e+01 1.132201480865478516e+01 3.286453247070312500e+00 2.578430891036987305e+00 8.281133651733398438e+00 3.924749374389648438e+01 -6.560798287391662598e-01 8.280760765075683594e+00 -8.689580857753753662e-02 5.426929891109466553e-02 1.979515647888183594e+01
2.388891130685806274e-01 2.655739784240722656e+00 4.107536697387695312e+01 4.705306243896484375e+01 1.221945571899414062e+01 2.332774162292480469e+00 2.580601692199707031e+00 8.419819831848144531e+00 4.008728027343750000e+01 -5.138548612594604492e-01 8.395566940307617188e+00 -3.825226798653602600e-02 3.629953041672706604e-02 1.979515647888183594e+01
2.451218813657760620e-01 2.502769231796264648e+00 3.887268447875976562e+01 4.496321105957031250e+01 1.470843696594238281e+01 4.220055103302001953e+00 2.431727886199951172e+00 7.861216068267822266e+00 3.795693206787109375e+01 -1.540095806121826172e-01 7.809160709381103516e+00 -1.222049724310636520e-02 7.206262648105621338e-02 1.979515647888183594e+01
2.513737380504608154e-01 2.409700632095336914e+00 3.842136383056640625e+01 4.426841735839843750e+01 1.191792488098144531e+01 7.065330505371093750e+00 2.341101408004760742e+00 7.658583164215087891e+00 3.723139572143554688e+01 -6.144872307777404785e-01 7.553136825561523438e+00 -8.130843937397003174e-02 1.648530215024948120e-01 1.979515647888183594e+01
2.577070593833923340e-01 2.302885770797729492e+00 3.746817398071289062e+01 4.228633880615234375e+01 9.750866889953613281e+00 2.405371189117431641e+00 2.237282514572143555e+00 7.350105285644531250e+00 3.574775314331054688e+01 -8.453039526939392090e-01 7.137276172637939453e+00 -1.103353425860404968e-01 3.266425058245658875e-02 1.979515647888183594e+01
2.640204429626464844e-01 2.229749917984008789e+00 3.705202102661132812e+01 4.191723632812500000e+01 1.173422145843505859e+01 1.746007084846496582e+00 2.166126012802124023e+00 7.192342281341552734e+00 3.522137069702148438e+01 -4.372254014015197754e-01 6.998965740203857422e+00 -5.132633075118064880e-02 -1.072184462100267410e-02 1.979515647888183594e+01
2.702898085117340088e-01 2.165839910507202148e+00 3.705229949951171875e+01 4.156482696533203125e+01 1.083900451660156250e+01 1.627046227455139160e+00 2.103982448577880859e+00 7.031780719757080078e+00 3.497634506225585938e+01 -5.601555109024047852e-01 6.791011333465576172e+00 -4.903208091855049133e-02 2.976703271269798279e-02 1.979515647888183594e+01
2.765615284442901611e-01 2.075383901596069336e+00 3.646846389770507812e+01 4.079423141479492188e+01 1.139545440673828125e+01 2.349692583084106445e+00 2.015902280807495117e+00 6.797366619110107422e+00 3.420642089843750000e+01 -5.093986392021179199e-01 6.483908176422119141e+00 -5.321707949042320251e-02 5.714505538344383240e-02 1.979515647888183594e+01
2.828698754310607910e-01 2.044619560241699219e+00 3.537611770629882812e+01 4.015396118164062500e+01 1.095172405242919922e+01 2.008476495742797852e+00 1.985961556434631348e+00 6.623149394989013672e+00 3.313216400146484375e+01 -7.655569911003112793e-01 6.328001022338867188e+00 -8.721221238374710083e-02 4.899005219340324402e-02 1.979515647888183594e+01
2.891486585140228271e-01 1.941661477088928223e+00 3.443973922729492188e+01 3.914041900634765625e+01 1.200878143310546875e+01 1.642567396163940430e+00 1.885836958885192871e+00 6.309140205383300781e+00 3.208663940429687500e+01 -6.517978906631469727e-01 5.976583480834960938e+00 -6.305410712957382202e-02 -2.754895947873592377e-03 1.979515647888183594e+01
2.953523397445678711e-01 1.906565070152282715e+00 3.406650543212890625e+01 3.851819610595703125e+01 1.002707862854003906e+01 1.272257089614868164e+00 1.851722717285156250e+00 6.199674606323242188e+00 3.150691986083984375e+01 -9.346579313278198242e-01 5.884923934936523438e+00 -1.044140383601188660e-01 1.476652547717094421e-02 1.979515647888183594e+01
3.016075491905212402e-01 1.865409851074218750e+00 3.453958511352539062e+01 3.881828689575195312e+01 8.734889030456542969e+00 2.372285366058349609e+00 1.811663389205932617e+00 6.165803909301757812e+00 3.171992683410644531e+01 -1.271889209747314453e+00 5.780660152435302734e+00 -1.692093908786773682e-01 3.403038159012794495e-02 1.979515647888183594e+01
3.079382479190826416e-01 1.799360156059265137e+00 3.309315490722656250e+01 3.709280395507812500e+01 9.055877685546875000e+00 3.302107572555541992e+00 1.747453212738037109e+00 5.860512733459472656e+00 2.998122024536132812e+01 -1.201904535293579102e+00 5.428637027740478516e+00 -1.701603829860687256e-01 7.273410260677337646e-02 1.979515647888183594e+01
3.142760396003723145e-01 1.752667188644409180e+00 3.285345840454101562e+01 3.724506759643554688e+01 9.685696601867675781e+00 3.001076221466064453e+00 1.701982855796813965e+00 5.723820686340332031e+00 2.980487060546875000e+01 -1.193657517433166504e+00 5.300516605377197266e+00 -1.665564328432083130e-01 5.672422051429748535e-02 1.979515647888183594e+01
3.205462992191314697e-01 1.738196492195129395e+00 3.290383148193359375e+01 3.678934860229492188e+01 7.881240844726562500e+00 2.179744243621826172e+00 1.687810540199279785e+00 5.749224662780761719e+00 2.958022117614746094e+01 -1.424696087837219238e+00 5.283040523529052734e+00 -1.937455385923385620e-01 4.633996263146400452e-02 1.979515647888183594e+01
3.268128037452697754e-01 1.688449740409851074e+00 3.269983673095703125e+01 3.631015396118164062e+01 8.114259719848632812e+00 3.808178424835205078e+00 1.639542698860168457e+00 5.598946094512939453e+00 2.908005905151367188e+01 -1.382032990455627441e+00 5.080642223358154297e+00 -1.830561757087707520e-01 5.154560878872871399e-02 1.979515647888183594e+01
3.331238031387329102e-01 1.640659213066101074e+00 3.229524612426757812e+01 3.595333480834960938e+01 7.833502769470214844e+00 4.395211696624755859e+00 1.593013644218444824e+00 5.455405712127685547e+00 2.854966735839843750e+01 -1.550494194030761719e+00 4.909036159515380859e+00 -2.459291666746139526e-01 6.675703078508377075e-02 1.979515647888183594e+01
3.394046723842620850e-01 1.605214238166809082e+00 3.154499244689941406e+01 3.525604629516601562e+01 8.556263923645019531e+00 3.453294515609741211e+00 1.558597803115844727e+00 5.287693023681640625e+00 2.764784622192382812e+01 -1.457928538322448730e+00 4.730693340301513672e+00 -2.171876877546310425e-01 5.208747833967208862e-02 1.979515647888183594e+01
3.456391692161560059e-01 1.568115234375000000e+00 3.158190345764160156e+01 3.536272048950195312e+01 9.631605148315429688e+00 4.191215038299560547e+00 1.522499442100524902e+00 5.221498966217041016e+00 2.768081092834472656e+01 -1.308176994323730469e+00 4.694471836090087891e+00 -1.908965110778808594e-01 7.931581884622573853e-02 1.979515647888183594e+01
3.518808186054229736e-01 1.568187832832336426e+00 3.156055831909179688e+01 3.486094665527343750e+01 8.705797195434570312e+00 4.657492160797119141e+00 1.522490262985229492e+00 5.199680328369140625e+00 2.722418594360351562e+01 -1.448294401168823242e+00 4.583737850189208984e+00 -2.193348854780197144e-01 7.853820174932479858e-02 1.979515647888183594e+01
3.582032322883605957e-01 1.559437036514282227e+00 3.146116638183593750e+01 3.479104614257812500e+01 7.271204948425292969e+00 3.615522861480712891e+00 1.514038443565368652e+00 5.157050132751464844e+00 2.697897720336914062e+01 -1.753564000129699707e+00 4.498767852783203125e+00 -2.614484727382659912e-01 6.730557978153228760e-02 1.979515647888183594e+01
3.645117878913879395e-01 1.551852464675903320e+00 3.184306335449218750e+01 3.496473693847656250e+01 7.503904819488525391e+00 6.608287334442138672e+00 1.506579756736755371e+00 5.181832313537597656e+00 2.698572349548339844e+01 -1.858090996742248535e+00 4.497849464416503906e+00 -2.632218003273010254e-01 1.052759811282157898e-01 1.979515647888183594e+01
3.707640767097473145e-01 1.526329398155212402e+00 3.162406921386718750e+01 3.465882110595703125e+01 8.262955665588378906e+00 6.610966682434082031e+00 1.481788039207458496e+00 5.099640846252441406e+00 2.665519142150878906e+01 -1.761765837669372559e+00 4.380796909332275391e+00 -2.634387910366058350e-01 8.438591659069061279e-02 1.979515647888183594e+01
3.770540952682495117e-01 1.510587453842163086e+00 3.123773384094238281e+01 3.494471359252929688e+01 7.981512069702148438e+00 8.607433319091796875e+00 1.466519713401794434e+00 5.022307395935058594e+00 2.635872840881347656e+01 -2.030522584915161133e+00 4.309533596038818359e+00 -2.916157543659210205e-01 1.243136823177337646e-01 1.979515647888183594e+01
3.833588361740112305e-01 1.506587147712707520e+00 3.212275314331054688e+01 3.517310333251953125e+01 7.831396102905273438e+00 9.790901184082031250e+00 1.462563991546630859e+00 5.066346645355224609e+00 2.664743804931640625e+01 -2.096626996994018555e+00 4.308273792266845703e+00 -2.831650674343109131e-01 1.551382392644882202e-01 1.979515647888183594e+01
3.896513879299163818e-01 1.506662130355834961e+00 3.198088455200195312e+01 3.546920013427734375e+01 8.264832496643066406e+00 1.435279655456542969e+01 1.462614178657531738e+00 5.031921863555908203e+00 2.646629714965820312e+01 -2.263401031494140625e+00 4.272340297698974609e+00 -3.060694336891174316e-01 1.721685379743576050e-01 1.979515647888183594e+01
3.958770036697387695e-01 1.517592668533325195e+00 3.258573532104492188e+01 3.574761199951171875e+01 7.684059143066406250e+00 1.652500152587890625e+01 1.473190307617187500e+00 5.071419715881347656e+00 2.665794181823730469e+01 -2.425285577774047852e+00 4.213013172149658203e+00 -3.627348244190216064e-01 2.387517094612121582e-01 1.979515647888183594e+01
4.021010994911193848e-01 1.520473599433898926e+00 3.329852676391601562e+01 3.629780197143554688e+01 6.498803138732910156e+00 1.486361885070800781e+01 1.475953936576843262e+00 5.121433258056640625e+00 2.710807228088378906e+01 -2.590452671051025391e+00 4.264107227325439453e+00 -3.609912991523742676e-01 2.065452933311462402e-01 1.979515647888183594e+01
