# k, P_{cc}, P_{hh,r}, P_{hh,0}, P_{hh,2}, P_{hh,4}, P_{cm}, P_{hc,r}, P_{hc,0}, P_{hc,2}, P_{hc,4}, P_pSN
#  Realization 7
8.018244989216327667e-03 2.627825736999511719e+01 2.281178894042968750e+02 2.754884948730468750e+02 1.378724670410156250e+02 1.450191345214843750e+02 2.615036773681640625e+01 7.544431304931640625e+01 2.498839263916015625e+02 1.532514095306396484e+01 8.262775421142578125e+01 3.766606330871582031e+00 3.635732889175415039e+00 1.974019813537597656e+01
1.401655934751033783e-02 3.864210510253906250e+01 2.857564086914062500e+02 3.441771545410156250e+02 1.798958587646484375e+01 -1.686596527099609375e+02 3.831132888793945312e+01 1.028502883911132812e+02 3.124532470703125000e+02 -7.426020145416259766e+00 1.131400756835937500e+02 -1.627368688583374023e+00 -5.133971214294433594e+00 1.974019813537597656e+01
1.969251595437526703e-02 4.472860717773437500e+01 3.449596557617187500e+02 4.339374084472656250e+02 3.362286682128906250e+02 3.371053771972656250e+02 4.422369766235351562e+01 1.223879241943359375e+02 3.851124572753906250e+02 4.101785659790039062e+01 1.373992004394531250e+02 1.752135276794433594e+01 1.150077533721923828e+01 1.974019813537597656e+01
2.551339380443096161e-02 4.352318191528320312e+01 3.228779907226562500e+02 3.974615478515625000e+02 1.777264099121093750e+02 -1.178708801269531250e+02 4.293653106689453125e+01 1.163089981079101562e+02 3.569267883300781250e+02 1.902159881591796875e+01 1.290700531005859375e+02 7.666061878204345703e+00 -3.657160282135009766e+00 1.974019813537597656e+01
3.202908113598823547e-02 2.864859962463378906e+01 2.213782196044921875e+02 2.633839721679687500e+02 4.941577148437500000e+01 4.237191677093505859e+00 2.820046234130859375e+01 7.701187896728515625e+01 2.406056365966796875e+02 8.529470562934875488e-01 8.391889190673828125e+01 -4.797109663486480713e-01 2.746183574199676514e-01 1.974019813537597656e+01
3.846523538231849670e-02 2.779394912719726562e+01 2.200858612060546875e+02 2.699063415527343750e+02 1.530031890869140625e+02 5.863581657409667969e+00 2.731319427490234375e+01 7.584472656250000000e+01 2.426464996337890625e+02 1.810880470275878906e+01 8.408837890625000000e+01 6.946904182434082031e+00 2.144628912210464478e-01 1.974019813537597656e+01
4.443310573697090149e-02 2.326498794555664062e+01 1.826450195312500000e+02 2.195736389160156250e+02 7.373824310302734375e+01 4.193368911743164062e+01 2.283273124694824219e+01 6.264063262939453125e+01 1.993735198974609375e+02 6.087455272674560547e+00 6.867571258544921875e+01 1.872297644615173340e+00 1.012984514236450195e+00 1.974019813537597656e+01
5.042308941483497620e-02 2.185470390319824219e+01 1.695323638916015625e+02 2.045759124755859375e+02 4.900519943237304688e+01 -1.524285697937011719e+01 2.142345428466796875e+01 5.835939407348632812e+01 1.851587982177734375e+02 1.628196597099304199e+00 6.402577972412109375e+01 9.755531549453735352e-01 -6.056118607521057129e-01 1.974019813537597656e+01
5.690929666161537170e-02 1.869406509399414062e+01 1.531424102783203125e+02 1.819566802978515625e+02 5.087368392944335938e+01 2.673185539245605469e+01 1.830708122253417969e+01 5.100119400024414062e+01 1.659438934326171875e+02 3.272047519683837891e+00 5.566149139404296875e+01 1.194207310676574707e+00 6.637504100799560547e-01 1.974019813537597656e+01
6.341847032308578491e-02 1.753206062316894531e+01 1.447095642089843750e+02 1.719976501464843750e+02 4.041814422607421875e+01 -1.761047959327697754e+00 1.715429878234863281e+01 4.788340377807617188e+01 1.566542663574218750e+02 1.781498312950134277e+00 5.218333053588867188e+01 6.177181005477905273e-01 -2.918815910816192627e-01 1.974019813537597656e+01
6.949992477893829346e-02 1.565393924713134766e+01 1.279232940673828125e+02 1.520843658447265625e+02 4.127069854736328125e+01 2.342086553573608398e+00 1.530459594726562500e+01 4.215388488769531250e+01 1.383708648681640625e+02 2.457660198211669922e+00 4.591926193237304688e+01 1.056910037994384766e+00 5.594763904809951782e-03 1.974019813537597656e+01
7.558133453130722046e-02 1.513096904754638672e+01 1.259591522216796875e+02 1.490147705078125000e+02 5.926501464843750000e+01 -2.207263946533203125e+01 1.478486442565917969e+01 4.095752716064453125e+01 1.358676910400390625e+02 6.473301887512207031e+00 4.445447158813476562e+01 2.109370231628417969e+00 -7.911372184753417969e-01 1.974019813537597656e+01
8.196274191141128540e-02 1.356241989135742188e+01 1.165447845458984375e+02 1.390647583007812500e+02 5.108484649658203125e+01 -5.244452476501464844e+00 1.324351310729980469e+01 3.731866073608398438e+01 1.260667190551757812e+02 4.626991748809814453e+00 4.060359191894531250e+01 1.528018951416015625e+00 -2.001238614320755005e-01 1.974019813537597656e+01
8.830232173204421997e-02 1.124124145507812500e+01 1.009957046508789062e+02 1.207470169067382812e+02 4.708673858642578125e+01 -2.272511959075927734e+00 1.097206211090087891e+01 3.120425796508789062e+01 1.090764389038085938e+02 4.345836162567138672e+00 3.392804718017578125e+01 1.405659914016723633e+00 -2.426297217607498169e-01 1.974019813537597656e+01
9.435217082500457764e-02 1.031133174896240234e+01 9.601563262939453125e+01 1.136600723266601562e+02 3.812319564819335938e+01 1.968690752983093262e-01 1.005965900421142578e+01 2.899373626708984375e+01 1.031247482299804688e+02 3.251065969467163086e+00 3.131084823608398438e+01 9.738531112670898438e-01 5.386848747730255127e-02 1.974019813537597656e+01
1.005600690841674805e-01 8.720668792724609375e+00 8.196052551269531250e+01 9.670075225830078125e+01 2.716452980041503906e+01 1.838637471199035645e+00 8.504630088806152344e+00 2.410803794860839844e+01 8.761616516113281250e+01 1.695968747138977051e+00 2.604989433288574219e+01 5.372436046600341797e-01 -3.190713375806808472e-02 1.974019813537597656e+01
1.070138886570930481e-01 8.221386909484863281e+00 7.983672332763671875e+01 9.518273925781250000e+01 3.643706512451171875e+01 6.496714353561401367e-01 8.014698028564453125e+00 2.317322158813476562e+01 8.560784149169921875e+01 3.030812740325927734e+00 2.509982681274414062e+01 1.008647203445434570e+00 1.463042199611663818e-02 1.974019813537597656e+01
1.134273484349250793e-01 8.055917739868164062e+00 7.888413238525390625e+01 9.435637664794921875e+01 3.987192535400390625e+01 8.995964050292968750e+00 7.850905895233154297e+00 2.269714927673339844e+01 8.463005828857421875e+01 3.505180120468139648e+00 2.458252525329589844e+01 1.069901108741760254e+00 1.601902246475219727e-01 1.974019813537597656e+01
1.196089535951614380e-01 7.345536708831787109e+00 7.271414947509765625e+01 8.596956634521484375e+01 2.842368507385253906e+01 -4.190875053405761719e+00 7.156458377838134766e+00 2.072735404968261719e+01 7.725244140625000000e+01 1.724609375000000000e+00 2.221031188964843750e+01 5.690184235572814941e-01 -1.956236064434051514e-01 1.974019813537597656e+01
1.257804334163665771e-01 6.744991779327392578e+00 7.011009216308593750e+01 8.269272613525390625e+01 2.706718254089355469e+01 2.198206901550292969e+00 6.569933414459228516e+00 1.943378829956054688e+01 7.434300994873046875e+01 1.692397952079772949e+00 2.080373382568359375e+01 5.499819517135620117e-01 -5.409923382103443146e-03 1.974019813537597656e+01
1.321490257978439331e-01 6.383432388305664062e+00 6.659172058105468750e+01 7.836936950683593750e+01 2.369010162353515625e+01 -5.350277900695800781e+00 6.216255664825439453e+00 1.825358963012695312e+01 7.037659454345703125e+01 1.484825491905212402e+00 1.944689559936523438e+01 4.932711422443389893e-01 -2.063961774110794067e-01 1.974019813537597656e+01
1.384563297033309937e-01 6.347395896911621094e+00 6.731643676757812500e+01 7.897782135009765625e+01 3.098039627075195312e+01 1.278127574920654297e+01 6.179832935333251953e+00 1.832262229919433594e+01 7.082029724121093750e+01 2.408262014389038086e+00 1.951655578613281250e+01 7.036782503128051758e-01 2.242549210786819458e-01 1.974019813537597656e+01
1.446497291326522827e-01 5.526356697082519531e+00 6.098628616333007812e+01 7.136210632324218750e+01 2.314437484741210938e+01 1.216832518577575684e+00 5.379262924194335938e+00 1.604922485351562500e+01 6.387533950805664062e+01 1.431746602058410645e+00 1.696823883056640625e+01 4.592986702919006348e-01 2.609315142035484314e-02 1.974019813537597656e+01
1.508535146713256836e-01 5.236777782440185547e+00 5.846269989013671875e+01 6.814872741699218750e+01 2.280208969116210938e+01 5.252620697021484375e+00 5.096587181091308594e+00 1.520412254333496094e+01 6.092273712158203125e+01 1.316417098045349121e+00 1.606045341491699219e+01 5.083398222923278809e-01 9.158333390951156616e-02 1.974019813537597656e+01
1.571729034185409546e-01 4.799379825592041016e+00 5.488016510009765625e+01 6.470644378662109375e+01 2.291580200195312500e+01 8.478631973266601562e+00 4.669829845428466797e+00 1.398807525634765625e+01 5.722186279296875000e+01 1.074554443359375000e+00 1.481546783447265625e+01 4.013181030750274658e-01 7.903754711151123047e-02 1.974019813537597656e+01
1.635417938232421875e-01 4.447000980377197266e+00 5.364614868164062500e+01 6.316492080688476562e+01 2.211764526367187500e+01 7.526685237884521484e+00 4.326307296752929688e+00 1.321020030975341797e+01 5.580266189575195312e+01 1.074265956878662109e+00 1.390701293945312500e+01 4.347147345542907715e-01 1.766721308231353760e-01 1.974019813537597656e+01
1.698256134986877441e-01 4.360657215118408203e+00 5.206001281738281250e+01 6.088027954101562500e+01 2.077608299255371094e+01 2.203209400177001953e+00 4.241844654083251953e+00 1.281037616729736328e+01 5.385863113403320312e+01 1.060994744300842285e+00 1.349841213226318359e+01 4.384490251541137695e-01 4.212209209799766541e-02 1.974019813537597656e+01
1.761013567447662354e-01 4.123955249786376953e+00 5.074803161621093750e+01 5.974677658081054688e+01 2.133702278137207031e+01 9.133897423744201660e-01 4.010917663574218750e+00 1.222926044464111328e+01 5.259026336669921875e+01 1.160412907600402832e+00 1.288651657104492188e+01 3.972614705562591553e-01 2.332105673849582672e-02 1.974019813537597656e+01
1.823998540639877319e-01 3.970243930816650391e+00 5.040338897705078125e+01 5.845708084106445312e+01 1.517681312561035156e+01 6.564083695411682129e-01 3.860974550247192383e+00 1.197745895385742188e+01 5.163091659545898438e+01 2.042894363403320312e-01 1.238837146759033203e+01 2.201484888792037964e-02 3.303751349449157715e-02 1.974019813537597656e+01
1.886507123708724976e-01 3.794392108917236328e+00 4.959276199340820312e+01 5.710272598266601562e+01 1.639474868774414062e+01 4.786490917205810547e+00 3.689679384231567383e+00 1.151330947875976562e+01 5.044458770751953125e+01 3.906104564666748047e-01 1.187498092651367188e+01 1.438561677932739258e-01 2.386356145143508911e-02 1.974019813537597656e+01
1.949081569910049438e-01 3.666193723678588867e+00 4.790056991577148438e+01 5.534977722167968750e+01 1.815271186828613281e+01 6.349192619323730469e+00 3.564626455307006836e+00 1.109403038024902344e+01 4.856528091430664062e+01 5.688959956169128418e-01 1.141310977935791016e+01 2.677697241306304932e-01 1.288724988698959351e-01 1.974019813537597656e+01
2.011425346136093140e-01 3.490460634231567383e+00 4.642832183837890625e+01 5.393495941162109375e+01 1.544321727752685547e+01 3.036047935485839844e+00 3.393292665481567383e+00 1.062885951995849609e+01 4.700639724731445312e+01 -3.272693604230880737e-02 1.093707561492919922e+01 4.208483546972274780e-02 -2.096478827297687531e-02 1.974019813537597656e+01
2.073954045772552490e-01 3.264245271682739258e+00 4.422834777832031250e+01 5.115633392333984375e+01 1.401506423950195312e+01 3.022178411483764648e+00 3.173191070556640625e+00 9.896015167236328125e+00 4.436775207519531250e+01 -2.569072544574737549e-01 1.008759212493896484e+01 1.258953567594289780e-02 4.060629010200500488e-02 1.974019813537597656e+01
2.137389332056045532e-01 3.047164678573608398e+00 4.284609222412109375e+01 4.966303253173828125e+01 1.613001823425292969e+01 6.109683513641357422e+00 2.961854696273803711e+00 9.398300170898437500e+00 4.294485092163085938e+01 2.007804214954376221e-01 9.581470489501953125e+00 7.069566100835800171e-02 1.183634996414184570e-01 1.974019813537597656e+01
2.200330942869186401e-01 2.999818325042724609e+00 4.328560638427734375e+01 4.961061859130859375e+01 1.569623756408691406e+01 6.079337120056152344e+00 2.915612697601318359e+00 9.298001289367675781e+00 4.310369873046875000e+01 2.959376871585845947e-01 9.408662796020507812e+00 1.425460577011108398e-01 1.717868894338607788e-01 1.974019813537597656e+01
2.262930423021316528e-01 2.852643489837646484e+00 4.188995361328125000e+01 4.859566116333007812e+01 1.532741928100585938e+01 -1.301751732826232910e+00 2.772266626358032227e+00 8.892971038818359375e+00 4.174752807617187500e+01 1.816147565841674805e-01 9.015446662902832031e+00 1.245624050498008728e-01 -4.746814072132110596e-02 1.974019813537597656e+01
2.325985133647918701e-01 2.706517457962036133e+00 4.039476776123046875e+01 4.639434051513671875e+01 1.366427898406982422e+01 8.046802520751953125e+00 2.630070924758911133e+00 8.463672637939453125e+00 3.989545059204101562e+01 -8.831080049276351929e-02 8.493124008178710938e+00 3.838899731636047363e-02 1.510325670242309570e-01 1.974019813537597656e+01
2.388891130685806274e-01 2.563523054122924805e+00 3.955079650878906250e+01 4.553733825683593750e+01 1.467119884490966797e+01 2.083628654479980469e+00 2.490970611572265625e+00 8.095385551452636719e+00 3.875017547607421875e+01 -4.267852008342742920e-02 8.078092575073242188e+00 3.828158229589462280e-02 -3.851621877402067184e-03 1.974019813537597656e+01
2.451218813657760620e-01 2.487917900085449219e+00 3.922546386718750000e+01 4.467763519287109375e+01 1.212994480133056641e+01 3.405774354934692383e+00 2.417382001876831055e+00 7.939725875854492188e+00 3.819101333618164062e+01 -4.123688638210296631e-01 7.871727943420410156e+00 -1.952529139816761017e-02 6.467305123805999756e-02 1.974019813537597656e+01
2.513737380504608154e-01 2.378456592559814453e+00 3.754482269287109375e+01 4.320509338378906250e+01 1.248750305175781250e+01 4.475605010986328125e+00 2.310776710510253906e+00 7.488143444061279297e+00 3.638980865478515625e+01 -4.582069516181945801e-01 7.404863357543945312e+00 -5.927034467458724976e-02 8.511199802160263062e-02 1.974019813537597656e+01
2.577070593833923340e-01 2.314389467239379883e+00 3.725100708007812500e+01 4.282754898071289062e+01 1.106995010375976562e+01 3.062498092651367188e+00 2.248361825942993164e+00 7.348970890045166016e+00 3.603812026977539062e+01 -7.099218964576721191e-01 7.255361080169677734e+00 -9.823399037122726440e-02 4.625546559691429138e-02 1.974019813537597656e+01
2.640204429626464844e-01 2.264644384384155273e+00 3.711439514160156250e+01 4.224127960205078125e+01 1.223935317993164062e+01 4.137373447418212891e+00 2.199954509735107422e+00 7.231039524078369141e+00 3.550265121459960938e+01 -4.800127148628234863e-01 7.089745521545410156e+00 8.600115776062011719e-03 5.206497758626937866e-02 1.974019813537597656e+01
2.702898085117340088e-01 2.158049583435058594e+00 3.657774353027343750e+01 4.155028152465820312e+01 1.149885749816894531e+01 3.720472574234008789e+00 2.096325159072875977e+00 6.988769054412841797e+00 3.486497879028320312e+01 -5.594168901443481445e-01 6.813526153564453125e+00 -2.251356141641736031e-03 5.813260003924369812e-02 1.974019813537597656e+01
2.765615284442901611e-01 2.103939533233642578e+00 3.604821014404296875e+01 4.057169342041015625e+01 9.240331649780273438e+00 3.712603807449340820e+00 2.043647766113281250e+00 6.834123611450195312e+00 3.390786743164062500e+01 -1.052781701087951660e+00 6.597901821136474609e+00 -1.460301876068115234e-01 6.561218947172164917e-02 1.974019813537597656e+01
2.828698754310607910e-01 1.986418843269348145e+00 3.422030639648437500e+01 3.927257919311523438e+01 1.062261199951171875e+01 1.854331135749816895e+00 1.929429411888122559e+00 6.379993438720703125e+00 3.215882492065429688e+01 -8.983547091484069824e-01 6.148998260498046875e+00 -1.125039979815483093e-01 1.526455115526914597e-02 1.974019813537597656e+01
2.891486585140228271e-01 1.927864551544189453e+00 3.421440124511718750e+01 3.913199996948242188e+01 1.112837409973144531e+01 3.157574892044067383e+00 1.872515082359313965e+00 6.257006168365478516e+00 3.204447937011718750e+01 -8.127451539039611816e-01 6.000817298889160156e+00 -1.013441011309623718e-01 5.544434115290641785e-02 1.974019813537597656e+01
2.953523397445678711e-01 1.883054852485656738e+00 3.334127044677734375e+01 3.809384155273437500e+01 1.006140232086181641e+01 2.659626483917236328e+00 1.828877091407775879e+00 6.083159923553466797e+00 3.102011680603027344e+01 -1.050601243972778320e+00 5.814164161682128906e+00 -1.292221844196319580e-01 3.429896384477615356e-02 1.974019813537597656e+01
3.016075491905212402e-01 1.821979641914367676e+00 3.350584793090820312e+01 3.783382034301757812e+01 1.017883014678955078e+01 3.728724956512451172e+00 1.769381761550903320e+00 5.978425502777099609e+00 3.090350723266601562e+01 -8.700828552246093750e-01 5.645009040832519531e+00 -9.051804244518280029e-02 6.311865150928497314e-02 1.974019813537597656e+01
3.079382479190826416e-01 1.791755914688110352e+00 3.322869491577148438e+01 3.747419738769531250e+01 1.029657173156738281e+01 3.358465671539306641e+00 1.740020871162414551e+00 5.880764961242675781e+00 3.047428894042968750e+01 -1.003956317901611328e+00 5.531141757965087891e+00 -1.040601655840873718e-01 3.478335589170455933e-02 1.974019813537597656e+01
3.142760396003723145e-01 1.736727356910705566e+00 3.293920135498046875e+01 3.698526763916015625e+01 9.264957427978515625e+00 3.293501138687133789e+00 1.686452507972717285e+00 5.739966392517089844e+00 3.000873374938964844e+01 -1.066084146499633789e+00 5.337718009948730469e+00 -1.579111516475677490e-01 5.735779553651809692e-02 1.974019813537597656e+01
3.205462992191314697e-01 1.714172244071960449e+00 3.258749389648437500e+01 3.645122146606445312e+01 8.294687271118164062e+00 3.355865001678466797e+00 1.664571762084960938e+00 5.635237693786621094e+00 2.938629913330078125e+01 -1.316411733627319336e+00 5.161915779113769531e+00 -1.982234716415405273e-01 6.258267909288406372e-02 1.974019813537597656e+01
3.268128037452697754e-01 1.680311918258666992e+00 3.216479492187500000e+01 3.573826599121093750e+01 8.702599525451660156e+00 4.167382717132568359e+00 1.631622433662414551e+00 5.544809818267822266e+00 2.861426162719726562e+01 -1.202383041381835938e+00 5.054489135742187500e+00 -1.648540198802947998e-01 1.068556681275367737e-01 1.974019813537597656e+01
3.331238031387329102e-01 1.640034914016723633e+00 3.204634094238281250e+01 3.605201339721679688e+01 8.997237205505371094e+00 2.881863594055175781e+00 1.592440605163574219e+00 5.432458877563476562e+00 2.857680702209472656e+01 -1.319112658500671387e+00 4.956482410430908203e+00 -1.807534843683242798e-01 6.107804179191589355e-02 1.974019813537597656e+01
3.394046723842620850e-01 1.613126516342163086e+00 3.157234764099121094e+01 3.516194152832031250e+01 7.734769344329833984e+00 4.015028476715087891e+00 1.566285967826843262e+00 5.346548557281494141e+00 2.781881332397460938e+01 -1.488752365112304688e+00 4.831136703491210938e+00 -2.163390219211578369e-01 6.138165295124053955e-02 1.974019813537597656e+01
3.456391692161560059e-01 1.578358530998229980e+00 3.151290321350097656e+01 3.489561843872070312e+01 8.527763366699218750e+00 5.321918964385986328e+00 1.532492995262145996e+00 5.254794120788574219e+00 2.757705688476562500e+01 -1.314512848854064941e+00 4.713332176208496094e+00 -1.720791757106781006e-01 9.514650702476501465e-02 1.974019813537597656e+01
3.518808186054229736e-01 1.563228607177734375e+00 3.120013046264648438e+01 3.496753692626953125e+01 8.131478309631347656e+00 5.160015583038330078e+00 1.517723679542541504e+00 5.162913799285888672e+00 2.727979660034179688e+01 -1.635285854339599609e+00 4.624619007110595703e+00 -2.363709360361099243e-01 9.029804170131683350e-02 1.974019813537597656e+01
3.582032322883605957e-01 1.520992875099182129e+00 3.081805419921875000e+01 3.421600723266601562e+01 7.615760803222656250e+00 4.846777439117431641e+00 1.476725697517395020e+00 5.050182819366455078e+00 2.651438331604003906e+01 -1.649332404136657715e+00 4.434525966644287109e+00 -2.454876005649566650e-01 1.047977432608604431e-01 1.974019813537597656e+01
3.645117878913879395e-01 1.516576290130615234e+00 3.086419677734375000e+01 3.443000793457031250e+01 8.472392082214355469e+00 5.263421058654785156e+00 1.472306847572326660e+00 5.020102024078369141e+00 2.648009872436523438e+01 -1.623031854629516602e+00 4.403270244598388672e+00 -2.293605506420135498e-01 9.243402630090713501e-02 1.974019813537597656e+01
3.707640767097473145e-01 1.508378624916076660e+00 3.102554893493652344e+01 3.455471420288085938e+01 7.446772575378417969e+00 7.629739284515380859e+00 1.464394211769104004e+00 5.008187770843505859e+00 2.650721931457519531e+01 -1.879348754882812500e+00 4.370259284973144531e+00 -2.594469785690307617e-01 1.529880315065383911e-01 1.974019813537597656e+01
3.770540952682495117e-01 1.488767981529235840e+00 3.110237884521484375e+01 3.454100036621093750e+01 8.403170585632324219e+00 9.272600173950195312e+00 1.445366740226745605e+00 4.950353622436523438e+00 2.612116432189941406e+01 -1.974435091018676758e+00 4.245899677276611328e+00 -2.729015350341796875e-01 1.299938112497329712e-01 1.974019813537597656e+01
3.833588361740112305e-01 1.483699321746826172e+00 3.151001930236816406e+01 3.453500366210937500e+01 7.175045967102050781e+00 1.011386299133300781e+01 1.440359950065612793e+00 4.974934101104736328e+00 2.627582550048828125e+01 -2.078798055648803711e+00 4.241050243377685547e+00 -3.143185377120971680e-01 1.537200212478637695e-01 1.974019813537597656e+01
3.896513879299163818e-01 1.499851226806640625e+00 3.175968170166015625e+01 3.517168807983398438e+01 8.395630836486816406e+00 1.400419139862060547e+01 1.456039071083068848e+00 5.010541915893554688e+00 2.626283073425292969e+01 -2.257484436035156250e+00 4.253802299499511719e+00 -3.243201076984405518e-01 1.751448065042495728e-01 1.974019813537597656e+01
3.958770036697387695e-01 1.514609098434448242e+00 3.248205184936523438e+01 3.535541534423828125e+01 7.238995075225830078e+00 1.490384387969970703e+01 1.470227599143981934e+00 5.064392089843750000e+00 2.678529930114746094e+01 -2.252962112426757812e+00 4.262434482574462891e+00 -3.102113604545593262e-01 2.291709631681442261e-01 1.974019813537597656e+01
4.021010994911193848e-01 1.541234850883483887e+00 3.346708679199218750e+01 3.673019027709960938e+01 7.106683731079101562e+00 1.661993026733398438e+01 1.496120214462280273e+00 5.233168125152587891e+00 2.746555900573730469e+01 -2.611669778823852539e+00 4.404621601104736328e+00 -3.611691594123840332e-01 2.274553179740905762e-01 1.974019813537597656e+01
