# k, P_{cc}, P_{hh,r}, P_{hh,0}, P_{hh,2}, P_{hh,4}, P_{cm}, P_{hc,r}, P_{hc,0}, P_{hc,2}, P_{hc,4}, P_pSN
#  Realization 37
8.018244989216327667e-03 4.799027633666992188e+01 3.696945800781250000e+02 4.511167602539062500e+02 2.024608917236328125e+02 5.840596923828125000e+02 4.774716567993164062e+01 1.303952941894531250e+02 4.064191284179687500e+02 1.519212722778320312e+01 1.434671783447265625e+02 4.756124496459960938e+00 2.170137214660644531e+01 1.981812095642089844e+01
1.401655934751033783e-02 4.093123626708984375e+01 3.275062866210937500e+02 3.993529357910156250e+02 1.751002502441406250e+02 -8.140109252929687500e+01 4.058155441284179688e+01 1.133957824707031250e+02 3.605114135742187500e+02 1.930786132812500000e+01 1.251809616088867188e+02 6.157710075378417969e+00 -3.398872137069702148e+00 1.981812095642089844e+01
1.969251595437526703e-02 4.378217697143554688e+01 2.992140197753906250e+02 3.396722106933593750e+02 -2.235313262939453125e+02 3.208917846679687500e+02 4.329591751098632812e+01 1.118073806762695312e+02 3.176718444824218750e+02 -5.320261764526367188e+01 1.190009765625000000e+02 -2.062007141113281250e+01 1.325137424468994141e+01 1.981812095642089844e+01
2.551339380443096161e-02 4.683412551879882812e+01 3.532508239746093750e+02 4.437090759277343750e+02 3.385855712890625000e+02 2.095439910888671875e+02 4.619646453857421875e+01 1.257187805175781250e+02 3.941307983398437500e+02 4.265428161621093750e+01 1.408348693847656250e+02 1.525196933746337891e+01 6.072708606719970703e+00 1.981812095642089844e+01
3.202908113598823547e-02 2.814617347717285156e+01 2.164514160156250000e+02 2.652486877441406250e+02 1.515676727294921875e+02 -1.107643172144889832e-01 2.770954895019531250e+01 7.574629974365234375e+01 2.386030273437500000e+02 1.810888862609863281e+01 8.370229339599609375e+01 5.618754863739013672e+00 -5.706440806388854980e-01 1.981812095642089844e+01
3.846523538231849670e-02 2.570652580261230469e+01 2.047503967285156250e+02 2.490816497802734375e+02 1.428563842773437500e+02 5.726436996459960938e+01 2.526191139221191406e+01 6.979418182373046875e+01 2.248096008300781250e+02 1.705016136169433594e+01 7.706302642822265625e+01 5.933032035827636719e+00 1.940681099891662598e+00 1.981812095642089844e+01
4.443310573697090149e-02 2.610507965087890625e+01 2.088569183349609375e+02 2.554767913818359375e+02 1.298885650634765625e+02 3.680817031860351562e+01 2.561810111999511719e+01 7.117027282714843750e+01 2.298537902832031250e+02 1.429815959930419922e+01 7.870661926269531250e+01 4.874480724334716797e+00 8.536691069602966309e-01 1.981812095642089844e+01
5.042308941483497620e-02 2.283011245727539062e+01 1.778304748535156250e+02 2.154596099853515625e+02 5.900868988037109375e+01 -1.826740646362304688e+01 2.238022232055664062e+01 6.112928771972656250e+01 1.945399322509765625e+02 3.171734571456909180e+00 6.726359558105468750e+01 1.511619091033935547e+00 -8.470094203948974609e-01 1.981812095642089844e+01
5.690929666161537170e-02 1.699741554260253906e+01 1.321708068847656250e+02 1.600889129638671875e+02 5.959148788452148438e+01 -1.161720752716064453e+01 1.664761543273925781e+01 4.480030441284179688e+01 1.444461975097656250e+02 5.254207134246826172e+00 4.933935165405273438e+01 1.917486190795898438e+00 2.674784325063228607e-02 1.981812095642089844e+01
6.341847032308578491e-02 1.761082077026367188e+01 1.451299591064453125e+02 1.752220764160156250e+02 7.007325744628906250e+01 -3.985570526123046875e+01 1.722989273071289062e+01 4.809960937500000000e+01 1.582613525390625000e+02 7.073878765106201172e+00 5.277746582031250000e+01 2.272543191909790039e+00 -1.623486876487731934e+00 1.981812095642089844e+01
6.949992477893829346e-02 1.672242927551269531e+01 1.378572998046875000e+02 1.657889709472656250e+02 6.827145385742187500e+01 4.163600540161132812e+01 1.635068702697753906e+01 4.556897735595703125e+01 1.497758941650390625e+02 5.973321914672851562e+00 4.974852371215820312e+01 1.764442920684814453e+00 9.341443181037902832e-01 1.981812095642089844e+01
7.558133453130722046e-02 1.460878849029541016e+01 1.247285919189453125e+02 1.491351165771484375e+02 5.115620040893554688e+01 7.022258758544921875e+00 1.427377033233642578e+01 4.003224563598632812e+01 1.351020050048828125e+02 4.193108081817626953e+00 4.370946502685546875e+01 1.504311084747314453e+00 1.648437082767486572e-01 1.981812095642089844e+01
8.196274191141128540e-02 1.268118572235107422e+01 1.108374023437500000e+02 1.295622253417968750e+02 2.962995719909667969e+01 -2.559446334838867188e+00 1.238317394256591797e+01 3.493298339843750000e+01 1.185736389160156250e+02 1.448845148086547852e+00 3.769517517089843750e+01 8.246457576751708984e-01 -7.113237679004669189e-02 1.981812095642089844e+01
8.830232173204421997e-02 1.154494667053222656e+01 1.012405776977539062e+02 1.197352294921875000e+02 3.243828964233398438e+01 1.058660316467285156e+01 1.126845455169677734e+01 3.150851631164550781e+01 1.086800155639648438e+02 1.651273369789123535e+00 3.408504486083984375e+01 8.098900318145751953e-01 2.873129844665527344e-01 1.981812095642089844e+01
9.435217082500457764e-02 1.032217597961425781e+01 9.595146179199218750e+01 1.138426666259765625e+02 4.257242584228515625e+01 1.655876922607421875e+01 1.007110786437988281e+01 2.891434288024902344e+01 1.030900039672851562e+02 3.809772968292236328e+00 3.124252319335937500e+01 1.006869316101074219e+00 4.040294289588928223e-01 1.981812095642089844e+01
1.005600690841674805e-01 8.858945846557617188e+00 8.412088775634765625e+01 9.974836730957031250e+01 2.540986824035644531e+01 -9.399563789367675781e+00 8.639325141906738281e+00 2.474842834472656250e+01 9.001357269287109375e+01 9.698572754859924316e-01 2.676622581481933594e+01 4.207521677017211914e-01 -4.156188666820526123e-01 1.981812095642089844e+01
1.070138886570930481e-01 8.572434425354003906e+00 8.152275848388671875e+01 9.734859466552734375e+01 3.401320266723632812e+01 1.760097312927246094e+01 8.356774330139160156e+00 2.394482040405273438e+01 8.740613555908203125e+01 2.412348270416259766e+00 2.595803260803222656e+01 7.544476389884948730e-01 5.014162063598632812e-01 1.981812095642089844e+01
1.134273484349250793e-01 7.930655002593994141e+00 7.836079406738281250e+01 9.219666290283203125e+01 2.922459411621093750e+01 6.027137279510498047e+00 7.728468418121337891e+00 2.235272026062011719e+01 8.326125335693359375e+01 1.966388344764709473e+00 2.399416542053222656e+01 5.199986696243286133e-01 1.044009476900100708e-01 1.981812095642089844e+01
1.196089535951614380e-01 7.437938213348388672e+00 7.553543853759765625e+01 8.994068908691406250e+01 2.571603202819824219e+01 -2.409173250198364258e+00 7.246312618255615234e+00 2.123050880432128906e+01 8.054534912109375000e+01 1.157981038093566895e+00 2.286891555786132812e+01 3.696559965610504150e-01 -2.530974745750427246e-01 1.981812095642089844e+01
1.257804334163665771e-01 7.050196647644042969e+00 7.037290191650390625e+01 8.295597839355468750e+01 3.091160392761230469e+01 1.629782295227050781e+01 6.867084980010986328e+00 1.981217384338378906e+01 7.443627166748046875e+01 2.166819572448730469e+00 2.125644683837890625e+01 7.920063734054565430e-01 4.171586930751800537e-01 1.981812095642089844e+01
1.321490257978439331e-01 6.773104190826416016e+00 7.086050415039062500e+01 8.240787506103515625e+01 2.379878807067871094e+01 6.749464511871337891e+00 6.595561027526855469e+00 1.939286613464355469e+01 7.433843994140625000e+01 1.157068848609924316e+00 2.051245307922363281e+01 3.039410114288330078e-01 1.391223222017288208e-01 1.981812095642089844e+01
1.384563297033309937e-01 6.184374809265136719e+00 6.714298248291015625e+01 7.795655059814453125e+01 2.074945449829101562e+01 9.394891738891601562e+00 6.020886421203613281e+00 1.793519783020019531e+01 7.016520690917968750e+01 5.870258212089538574e-01 1.889414215087890625e+01 1.307372003793716431e-01 2.339382469654083252e-01 1.981812095642089844e+01
1.446497291326522827e-01 5.840285301208496094e+00 6.274573135375976562e+01 7.351066589355468750e+01 2.383537673950195312e+01 5.495793819427490234e+00 5.684726715087890625e+00 1.679910659790039062e+01 6.573770904541015625e+01 1.366606950759887695e+00 1.778264045715332031e+01 4.107301533222198486e-01 1.212590113282203674e-01 1.981812095642089844e+01
1.508535146713256836e-01 5.180868625640869141e+00 5.838422775268554688e+01 6.845417022705078125e+01 2.491342544555664062e+01 9.729478955268859863e-01 5.042201042175292969e+00 1.506194686889648438e+01 6.095515441894531250e+01 1.802627205848693848e+00 1.589857387542724609e+01 4.646376669406890869e-01 -3.555269539356231689e-02 1.981812095642089844e+01
1.571729034185409546e-01 4.969805717468261719e+00 5.799528121948242188e+01 6.815216827392578125e+01 2.223345565795898438e+01 9.034293293952941895e-01 4.835793018341064453e+00 1.466209697723388672e+01 6.039141082763671875e+01 1.080056905746459961e+00 1.552612972259521484e+01 4.252838492393493652e-01 -2.682324498891830444e-02 1.981812095642089844e+01
1.635417938232421875e-01 4.588988304138183594e+00 5.539517211914062500e+01 6.396747207641601562e+01 1.661323547363281250e+01 4.024814128875732422e+00 4.464370727539062500e+00 1.364029407501220703e+01 5.705805969238281250e+01 2.128016203641891479e-01 1.423377704620361328e+01 1.298021525144577026e-01 9.084542840719223022e-02 1.981812095642089844e+01
1.698256134986877441e-01 4.393943786621093750e+00 5.208190536499023438e+01 6.133232116699218750e+01 1.870811462402343750e+01 4.806820452213287354e-01 4.274243831634521484e+00 1.280753898620605469e+01 5.391219711303710938e+01 6.998497843742370605e-01 1.342320060729980469e+01 2.511425018310546875e-01 1.548007782548666000e-02 1.981812095642089844e+01
1.761013567447662354e-01 4.022497177124023438e+00 5.072944259643554688e+01 5.940666198730468750e+01 2.108213233947753906e+01 3.787380695343017578e+00 3.912287712097167969e+00 1.203050231933593750e+01 5.217553329467773438e+01 9.585490226745605469e-01 1.255907154083251953e+01 3.495275974273681641e-01 5.623956769704818726e-02 1.981812095642089844e+01
1.823998540639877319e-01 3.908108472824096680e+00 4.907936477661132812e+01 5.688019180297851562e+01 1.926089096069335938e+01 6.901628494262695312e+00 3.800730943679809570e+00 1.163294792175292969e+01 5.003601074218750000e+01 8.180516362190246582e-01 1.202607250213623047e+01 3.318764865398406982e-01 1.372884809970855713e-01 1.981812095642089844e+01
1.886507123708724976e-01 3.800638198852539062e+00 4.933858108520507812e+01 5.650033569335937500e+01 1.754407119750976562e+01 6.893730163574218750e+00 3.695658683776855469e+00 1.141885948181152344e+01 4.987323379516601562e+01 4.752151072025299072e-01 1.171984291076660156e+01 1.538389772176742554e-01 1.619819998741149902e-01 1.981812095642089844e+01
1.949081569910049438e-01 3.689730405807495117e+00 4.787161254882812500e+01 5.538639068603515625e+01 1.613195228576660156e+01 4.729988098144531250e+00 3.587487459182739258e+00 1.114262866973876953e+01 4.850172805786132812e+01 2.537851929664611816e-01 1.144174575805664062e+01 8.496651053428649902e-02 1.277312934398651123e-01 1.981812095642089844e+01
2.011425346136093140e-01 3.498284816741943359e+00 4.628065872192382812e+01 5.289385223388671875e+01 1.377583980560302734e+01 4.466624259948730469e+00 3.401002645492553711e+00 1.055628681182861328e+01 4.632475280761718750e+01 -1.586174070835113525e-01 1.071905612945556641e+01 1.102978084236383438e-02 4.554901272058486938e-02 1.981812095642089844e+01
2.073954045772552490e-01 3.214273214340209961e+00 4.536796188354492188e+01 5.211798095703125000e+01 1.398301792144775391e+01 7.197523713111877441e-01 3.124526262283325195e+00 1.000189781188964844e+01 4.541134262084960938e+01 -4.370024800300598145e-02 1.018884944915771484e+01 4.186873883008956909e-02 -1.447347085922956467e-02 1.981812095642089844e+01
2.137389332056045532e-01 3.045195817947387695e+00 4.311915969848632812e+01 5.009314727783203125e+01 1.583319377899169922e+01 1.918453454971313477e+00 2.959877014160156250e+00 9.344881057739257812e+00 4.322369384765625000e+01 2.054927498102188110e-01 9.501201629638671875e+00 9.183140844106674194e-02 7.218671031296253204e-03 1.981812095642089844e+01
2.200330942869186401e-01 2.977663755416870117e+00 4.307746505737304688e+01 4.915548706054687500e+01 1.381253051757812500e+01 6.254154205322265625e+00 2.894024133682250977e+00 9.242639541625976562e+00 4.274914169311523438e+01 -4.149213433265686035e-02 9.312296867370605469e+00 3.480746224522590637e-02 1.171166226267814636e-01 1.981812095642089844e+01
2.262930423021316528e-01 2.823755025863647461e+00 4.094094467163085938e+01 4.723840332031250000e+01 1.282875537872314453e+01 5.777266994118690491e-02 2.744309186935424805e+00 8.666861534118652344e+00 4.041567230224609375e+01 -4.020029008388519287e-01 8.728731155395507812e+00 -2.612272091209888458e-02 -2.351359650492668152e-02 1.981812095642089844e+01
2.325985133647918701e-01 2.679228067398071289e+00 4.003585052490234375e+01 4.638621139526367188e+01 1.730458450317382812e+01 6.641551494598388672e+00 2.603722095489501953e+00 8.311721801757812500e+00 3.947788619995117188e+01 4.832670688629150391e-01 8.362907409667968750e+00 1.628823876380920410e-01 1.301238685846328735e-01 1.981812095642089844e+01
2.388891130685806274e-01 2.613364934921264648e+00 3.999448013305664062e+01 4.584426498413085938e+01 1.169939327239990234e+01 1.443158149719238281e+00 2.539412498474121094e+00 8.201481819152832031e+00 3.915993499755859375e+01 -4.588789939880371094e-01 8.132444381713867188e+00 -3.412214666604995728e-02 1.382965780794620514e-02 1.981812095642089844e+01
2.451218813657760620e-01 2.478729724884033203e+00 3.867988967895507812e+01 4.404366683959960938e+01 1.154435634613037109e+01 2.440056562423706055e+00 2.408434152603149414e+00 7.783229827880859375e+00 3.746112060546875000e+01 -5.144419074058532715e-01 7.678901672363281250e+00 -4.364418983459472656e-02 4.448959603905677795e-02 1.981812095642089844e+01
2.513737380504608154e-01 2.423255681991577148e+00 3.816487121582031250e+01 4.320312118530273438e+01 1.164147472381591797e+01 4.322405815124511719e+00 2.354400157928466797e+00 7.652653694152832031e+00 3.662656021118164062e+01 -5.712478756904602051e-01 7.481516361236572266e+00 -5.961685255169868469e-02 5.073239654302597046e-02 1.981812095642089844e+01
2.577070593833923340e-01 2.342077970504760742e+00 3.739163970947265625e+01 4.199635696411132812e+01 1.214653015136718750e+01 3.185620069503784180e+00 2.275326967239379883e+00 7.404888629913330078e+00 3.553539276123046875e+01 -4.615257680416107178e-01 7.167808055877685547e+00 -4.673773422837257385e-02 3.270629048347473145e-02 1.981812095642089844e+01
2.640204429626464844e-01 2.271735429763793945e+00 3.698788070678710938e+01 4.235497283935546875e+01 1.108275985717773438e+01 3.573544740676879883e+00 2.206895589828491211e+00 7.233445167541503906e+00 3.539453887939453125e+01 -7.951505184173583984e-01 7.055175781250000000e+00 -1.123479902744293213e-01 5.179309844970703125e-02 1.981812095642089844e+01
2.702898085117340088e-01 2.173893213272094727e+00 3.624602127075195312e+01 4.124282836914062500e+01 1.194262599945068359e+01 1.652352094650268555e+00 2.111716508865356445e+00 6.953961849212646484e+00 3.432179260253906250e+01 -5.480774044990539551e-01 6.713862895965576172e+00 -5.552707985043525696e-02 3.332357108592987061e-02 1.981812095642089844e+01
2.765615284442901611e-01 2.100359201431274414e+00 3.610071563720703125e+01 4.096970367431640625e+01 1.103045845031738281e+01 4.408748149871826172e+00 2.040212392807006836e+00 6.802894115447998047e+00 3.397246551513671875e+01 -7.256126999855041504e-01 6.541037082672119141e+00 -7.429021596908569336e-02 6.153945997357368469e-02 1.981812095642089844e+01
2.828698754310607910e-01 2.014569997787475586e+00 3.508639526367187500e+01 4.003933334350585938e+01 1.080577945709228516e+01 3.275141239166259766e+00 1.956765413284301758e+00 6.508920669555664062e+00 3.303810501098632812e+01 -8.199186921119689941e-01 6.254841327667236328e+00 -1.236589998006820679e-01 3.490281105041503906e-02 1.981812095642089844e+01
2.891486585140228271e-01 1.974974751472473145e+00 3.473291778564453125e+01 3.905960845947265625e+01 9.812175750732421875e+00 2.059320211410522461e+00 1.918239951133728027e+00 6.429476261138916016e+00 3.209296417236328125e+01 -9.734493494033813477e-01 6.077641963958740234e+00 -1.591147780418395996e-01 3.862475976347923279e-02 1.981812095642089844e+01
2.953523397445678711e-01 1.894588351249694824e+00 3.451679992675781250e+01 3.928545761108398438e+01 1.134095096588134766e+01 3.060676574707031250e+00 1.839997410774230957e+00 6.211863517761230469e+00 3.209202575683593750e+01 -7.199720740318298340e-01 5.890183925628662109e+00 -6.977483630180358887e-02 7.113640755414962769e-02 1.981812095642089844e+01
3.016075491905212402e-01 1.866122961044311523e+00 3.386552429199218750e+01 3.803201675415039062e+01 1.056221866607666016e+01 1.861619114875793457e+00 1.812318205833435059e+00 6.079204559326171875e+00 3.099937438964843750e+01 -8.445091843605041504e-01 5.673450469970703125e+00 -8.367449790239334106e-02 2.161607518792152405e-02 1.981812095642089844e+01
3.079382479190826416e-01 1.799765944480895996e+00 3.323300170898437500e+01 3.744809341430664062e+01 8.975651741027832031e+00 3.371574640274047852e+00 1.747808814048767090e+00 5.862243175506591797e+00 3.016446304321289062e+01 -1.247841358184814453e+00 5.432920455932617188e+00 -1.508170515298843384e-01 6.393136829137802124e-02 1.981812095642089844e+01
3.142760396003723145e-01 1.763625860214233398e+00 3.290257263183593750e+01 3.679896163940429688e+01 8.444376945495605469e+00 3.091650485992431641e+00 1.712689042091369629e+00 5.778876304626464844e+00 2.965114974975585938e+01 -1.229359865188598633e+00 5.314322948455810547e+00 -1.842286139726638794e-01 7.517633587121963501e-02 1.981812095642089844e+01
3.205462992191314697e-01 1.703127026557922363e+00 3.245181655883789062e+01 3.649813461303710938e+01 9.763619422912597656e+00 2.496891975402832031e+00 1.653842091560363770e+00 5.607014179229736328e+00 2.904184722900390625e+01 -1.191477656364440918e+00 5.132485866546630859e+00 -1.804443895816802979e-01 1.549607794731855392e-02 1.981812095642089844e+01
3.268128037452697754e-01 1.664488434791564941e+00 3.227369308471679688e+01 3.588689041137695312e+01 8.006567955017089844e+00 3.357162475585937500e+00 1.616223812103271484e+00 5.493877887725830078e+00 2.859733963012695312e+01 -1.443347334861755371e+00 4.964222431182861328e+00 -1.999190151691436768e-01 6.091209873557090759e-02 1.981812095642089844e+01
3.331238031387329102e-01 1.660801768302917480e+00 3.219766998291015625e+01 3.600400543212890625e+01 7.825536727905273438e+00 3.739919185638427734e+00 1.612598061561584473e+00 5.488944053649902344e+00 2.857125473022460938e+01 -1.438358306884765625e+00 4.963416576385498047e+00 -1.973519623279571533e-01 7.522062212228775024e-02 1.981812095642089844e+01
3.394046723842620850e-01 1.640367746353149414e+00 3.220670318603515625e+01 3.573034667968750000e+01 8.756248474121093750e+00 4.422112941741943359e+00 1.592743754386901855e+00 5.472645759582519531e+00 2.827537155151367188e+01 -1.400003671646118164e+00 4.903158187866210938e+00 -2.060440182685852051e-01 7.717107236385345459e-02 1.981812095642089844e+01
3.456391692161560059e-01 1.599100828170776367e+00 3.173495674133300781e+01 3.516275405883789062e+01 8.428920745849609375e+00 4.707044601440429688e+00 1.552658677101135254e+00 5.295264720916748047e+00 2.763660430908203125e+01 -1.452562093734741211e+00 4.696458339691162109e+00 -2.290539592504501343e-01 9.199471026659011841e-02 1.981812095642089844e+01
3.518808186054229736e-01 1.557882189750671387e+00 3.151489257812500000e+01 3.508230590820312500e+01 8.442804336547851562e+00 5.734211444854736328e+00 1.512547612190246582e+00 5.188199043273925781e+00 2.719435119628906250e+01 -1.598324656486511230e+00 4.581243038177490234e+00 -2.304689884185791016e-01 8.967251330614089966e-02 1.981812095642089844e+01
3.582032322883605957e-01 1.545329809188842773e+00 3.151038742065429688e+01 3.500337219238281250e+01 8.236339569091796875e+00 4.231201171875000000e+00 1.500311493873596191e+00 5.143889427185058594e+00 2.703371810913085938e+01 -1.671434283256530762e+00 4.512035846710205078e+00 -2.278727442026138306e-01 7.132665067911148071e-02 1.981812095642089844e+01
3.645117878913879395e-01 1.525388717651367188e+00 3.112934875488281250e+01 3.437907409667968750e+01 7.367148876190185547e+00 4.465041637420654297e+00 1.480949401855468750e+00 5.057363033294677734e+00 2.637109947204589844e+01 -1.838991641998291016e+00 4.389594078063964844e+00 -2.747381627559661865e-01 9.367495030164718628e-02 1.981812095642089844e+01
3.707640767097473145e-01 1.530976533889770508e+00 3.124024200439453125e+01 3.420739746093750000e+01 7.572811126708984375e+00 7.982481956481933594e+00 1.486353993415832520e+00 5.073373317718505859e+00 2.614543914794921875e+01 -1.920165061950683594e+00 4.316173553466796875e+00 -2.877747416496276855e-01 1.205732747912406921e-01 1.981812095642089844e+01
3.770540952682495117e-01 1.513312935829162598e+00 3.161552429199218750e+01 3.461156082153320312e+01 6.267620563507080078e+00 7.485295295715332031e+00 1.469111800193786621e+00 5.046113491058349609e+00 2.633472824096679688e+01 -2.140514850616455078e+00 4.321862697601318359e+00 -3.307589292526245117e-01 1.355758458375930786e-01 1.981812095642089844e+01
3.833588361740112305e-01 1.515510797500610352e+00 3.208762741088867188e+01 3.502811050415039062e+01 6.901358127593994141e+00 9.923575401306152344e+00 1.471248865127563477e+00 5.089145660400390625e+00 2.660032844543457031e+01 -2.178102016448974609e+00 4.295486927032470703e+00 -3.136529326438903809e-01 1.534365564584732056e-01 1.981812095642089844e+01
3.896513879299163818e-01 1.509706258773803711e+00 3.235273742675781250e+01 3.568277740478515625e+01 9.361323356628417969e+00 1.475097179412841797e+01 1.465513110160827637e+00 5.053300857543945312e+00 2.669123840332031250e+01 -2.084949970245361328e+00 4.231690883636474609e+00 -2.976109683513641357e-01 1.875078082084655762e-01 1.981812095642089844e+01
3.958770036697387695e-01 1.519500136375427246e+00 3.266695404052734375e+01 3.587285232543945312e+01 7.876587390899658203e+00 1.612298011779785156e+01 1.475094914436340332e+00 5.089437484741210938e+00 2.665811347961425781e+01 -2.402230739593505859e+00 4.251393795013427734e+00 -3.400704264640808105e-01 2.066628634929656982e-01 1.981812095642089844e+01
4.021010994911193848e-01 1.529071092605590820e+00 3.332541275024414062e+01 3.655382156372070312e+01 7.737218379974365234e+00 1.682433319091796875e+01 1.484303832054138184e+00 5.179903507232666016e+00 2.705530166625976562e+01 -2.579432010650634766e+00 4.318612575531005859e+00 -3.596988022327423096e-01 2.295718938112258911e-01 1.981812095642089844e+01
