# k, P_{cc}, P_{hh,r}, P_{hh,0}, P_{hh,2}, P_{hh,4}, P_{cm}, P_{hc,r}, P_{hc,0}, P_{hc,2}, P_{hc,4}, P_pSN
#  Realization 197
8.018244989216327667e-03 4.729896163940429688e+01 3.086338500976562500e+02 3.732814941406250000e+02 4.897246932983398438e+01 -3.719486236572265625e+01 4.706299591064453125e+01 1.197738571166992188e+02 3.382572631835937500e+02 -3.190782308578491211e+00 1.311113586425781250e+02 -3.894017934799194336e+00 -7.849000096321105957e-01 1.977466773986816406e+01
1.401655934751033783e-02 5.398043441772460938e+01 4.146144104003906250e+02 5.224068603515625000e+02 3.778492431640625000e+02 1.318454456329345703e+01 5.351866531372070312e+01 1.474762573242187500e+02 4.635429687500000000e+02 4.797214508056640625e+01 1.654754791259765625e+02 1.824135971069335938e+01 -8.961285948753356934e-01 1.977466773986816406e+01
1.969251595437526703e-02 5.781628417968750000e+01 4.283519897460937500e+02 5.116473083496093750e+02 1.717527389526367188e+01 3.934185409545898438e+01 5.717068481445312500e+01 1.542452545166015625e+02 4.664159851074218750e+02 -1.420336914062500000e+01 1.686554718017578125e+02 -4.635092258453369141e+00 2.446362257003784180e+00 1.977466773986816406e+01
2.551339380443096161e-02 3.794472122192382812e+01 2.926355590820312500e+02 3.593213195800781250e+02 1.697770996093750000e+02 5.243727493286132812e+01 3.742683792114257812e+01 1.031052169799804688e+02 3.228253173828125000e+02 1.693915176391601562e+01 1.142894210815429688e+02 6.770644664764404297e+00 1.871842622756958008e+00 1.977466773986816406e+01
3.202908113598823547e-02 3.141672515869140625e+01 2.396933135986328125e+02 2.850514831542968750e+02 8.176643848419189453e-01 3.048724365234375000e+01 3.092548561096191406e+01 8.431605529785156250e+01 2.602815551757812500e+02 -9.330935478210449219e+00 9.192279052734375000e+01 -3.442545413970947266e+00 1.214202761650085449e+00 1.977466773986816406e+01
3.846523538231849670e-02 2.916285896301269531e+01 2.304135131835937500e+02 2.762283630371093750e+02 5.259057617187500000e+01 3.972832489013671875e+01 2.865663337707519531e+01 7.929486083984375000e+01 2.510518646240234375e+02 -3.998071849346160889e-01 8.700740051269531250e+01 7.129703164100646973e-01 1.067674160003662109e+00 1.977466773986816406e+01
4.443310573697090149e-02 2.324680519104003906e+01 1.770800781250000000e+02 2.159319152832031250e+02 1.082234115600585938e+02 4.795910644531250000e+01 2.281558609008789062e+01 6.112354660034179688e+01 1.945789489746093750e+02 1.220738506317138672e+01 6.749791717529296875e+01 4.047325611114501953e+00 4.798603653907775879e-01 1.977466773986816406e+01
5.042308941483497620e-02 2.219179344177246094e+01 1.716905517578125000e+02 2.038691406250000000e+02 3.156647491455078125e+01 -3.906494617462158203e+00 2.175455665588378906e+01 5.921895217895507812e+01 1.860675964355468750e+02 -7.481962442398071289e-01 6.445107269287109375e+01 -5.395447015762329102e-01 -2.560146676842123270e-04 1.977466773986816406e+01
5.690929666161537170e-02 1.925910186767578125e+01 1.540022125244140625e+02 1.878932800292968750e+02 8.522810363769531250e+01 -6.853012847900390625e+01 1.886123847961425781e+01 5.171141052246093750e+01 1.690489654541015625e+02 9.537158966064453125e+00 5.719192504882812500e+01 3.221143245697021484e+00 -2.545102357864379883e+00 1.977466773986816406e+01
6.341847032308578491e-02 1.898758697509765625e+01 1.531268005371093750e+02 1.830039672851562500e+02 4.531494140625000000e+01 1.539921855926513672e+01 1.857792472839355469e+01 5.128543853759765625e+01 1.661492767333984375e+02 1.901112079620361328e+00 5.611062240600585938e+01 8.610159754753112793e-01 5.086071491241455078e-01 1.977466773986816406e+01
6.949992477893829346e-02 1.686565017700195312e+01 1.415614318847656250e+02 1.700548553466796875e+02 6.335152435302734375e+01 -2.214354705810546875e+01 1.649061012268066406e+01 4.625362396240234375e+01 1.539660186767578125e+02 6.002697467803955078e+00 5.058510971069335938e+01 1.958089470863342285e+00 -8.059039115905761719e-01 1.977466773986816406e+01
7.558133453130722046e-02 1.454434585571289062e+01 1.238541412353515625e+02 1.474618835449218750e+02 4.829521179199218750e+01 -4.341972351074218750e+00 1.421153545379638672e+01 3.983614730834960938e+01 1.338288879394531250e+02 3.682255983352661133e+00 4.330843734741210938e+01 1.087867140769958496e+00 -4.798563718795776367e-01 1.977466773986816406e+01
8.196274191141128540e-02 1.335772037506103516e+01 1.152293853759765625e+02 1.348654174804687500e+02 2.870010948181152344e+01 -7.902865409851074219e+00 1.304413032531738281e+01 3.656897354125976562e+01 1.233501434326171875e+02 1.205819964408874512e+00 3.945415496826171875e+01 5.324864387512207031e-01 -2.137085050344467163e-01 1.977466773986816406e+01
8.830232173204421997e-02 1.152289295196533203e+01 1.046822662353515625e+02 1.257519760131835938e+02 5.974262619018554688e+01 2.635870218276977539e+00 1.124723243713378906e+01 3.215637969970703125e+01 1.132499923706054688e+02 6.569025516510009766e+00 3.501066970825195312e+01 2.028584241867065430e+00 -1.709591001272201538e-01 1.977466773986816406e+01
9.435217082500457764e-02 1.020109272003173828e+01 9.594907379150390625e+01 1.141963348388671875e+02 4.783848571777343750e+01 8.973785400390625000e+00 9.952939033508300781e+00 2.868247032165527344e+01 1.030974578857421875e+02 4.348106861114501953e+00 3.113027000427246094e+01 1.498157024383544922e+00 1.166489720344543457e-01 1.977466773986816406e+01
1.005600690841674805e-01 9.343957901000976562e+00 8.769004058837890625e+01 1.034227218627929688e+02 2.687108421325683594e+01 -8.029318809509277344e+00 9.112378120422363281e+00 2.603659820556640625e+01 9.364031219482421875e+01 1.319065690040588379e+00 2.808769226074218750e+01 3.552550673484802246e-01 -2.619991600513458252e-01 1.977466773986816406e+01
1.070138886570930481e-01 8.448207855224609375e+00 7.919992065429687500e+01 9.512201690673828125e+01 4.040927505493164062e+01 -7.220003128051757812e+00 8.235923767089843750e+00 2.335391998291015625e+01 8.510808563232421875e+01 3.684692382812500000e+00 2.534700393676757812e+01 1.247563004493713379e+00 -2.924832403659820557e-01 1.977466773986816406e+01
1.134273484349250793e-01 8.090185165405273438e+00 7.942120361328125000e+01 9.374156188964843750e+01 3.008331489562988281e+01 -1.171383285522460938e+01 7.884825229644775391e+00 2.277013015747070312e+01 8.448846435546875000e+01 2.247506618499755859e+00 2.445240783691406250e+01 6.591832637786865234e-01 -3.683608770370483398e-01 1.977466773986816406e+01
1.196089535951614380e-01 7.380702018737792969e+00 7.369934082031250000e+01 8.740348815917968750e+01 3.302732086181640625e+01 4.851181983947753906e+00 7.190868377685546875e+00 2.085737609863281250e+01 7.832095336914062500e+01 2.526813268661499023e+00 2.230991172790527344e+01 7.083456516265869141e-01 6.705015152692794800e-02 1.977466773986816406e+01
1.257804334163665771e-01 6.877377033233642578e+00 7.182611846923828125e+01 8.338861846923828125e+01 2.690499687194824219e+01 3.329747915267944336e+00 6.698513031005859375e+00 1.977342987060546875e+01 7.533005523681640625e+01 1.803242683410644531e+00 2.089257431030273438e+01 5.304498076438903809e-01 1.585033535957336426e-02 1.977466773986816406e+01
1.321490257978439331e-01 6.860734462738037109e+00 7.246579742431640625e+01 8.520384979248046875e+01 2.678751945495605469e+01 4.051626205444335938e+00 6.681029796600341797e+00 1.982055854797363281e+01 7.643394470214843750e+01 1.420907735824584961e+00 2.106625938415527344e+01 4.712345898151397705e-01 4.525827243924140930e-02 1.977466773986816406e+01
1.384563297033309937e-01 6.324288368225097656e+00 6.739344024658203125e+01 7.882358551025390625e+01 2.520940399169921875e+01 6.687263488769531250e+00 6.157277584075927734e+00 1.822735023498535156e+01 7.064836120605468750e+01 1.332709670066833496e+00 1.929809379577636719e+01 5.136851072311401367e-01 1.366378962993621826e-01 1.977466773986816406e+01
1.446497291326522827e-01 5.783405780792236328e+00 6.281335449218750000e+01 7.268357849121093750e+01 1.559741497039794922e+01 -6.651535511016845703e+00 5.629518032073974609e+00 1.661812210083007812e+01 6.521968078613281250e+01 -1.841786131262779236e-02 1.749508285522460938e+01 1.734354905784130096e-02 -1.904326379299163818e-01 1.977466773986816406e+01
1.508535146713256836e-01 5.396924972534179688e+00 6.039575576782226562e+01 7.142514801025390625e+01 2.779389762878417969e+01 1.769527554512023926e+00 5.252408504486083984e+00 1.562999725341796875e+01 6.323296356201171875e+01 1.963994026184082031e+00 1.660810279846191406e+01 6.417900919914245605e-01 -1.713673956692218781e-02 1.977466773986816406e+01
1.571729034185409546e-01 4.912888050079345703e+00 5.664867019653320312e+01 6.701004028320312500e+01 2.369838905334472656e+01 5.990193367004394531e+00 4.780495643615722656e+00 1.437049674987792969e+01 5.908032608032226562e+01 1.086949586868286133e+00 1.517354011535644531e+01 3.113610148429870605e-01 3.454013168811798096e-02 1.977466773986816406e+01
1.635417938232421875e-01 4.595302581787109375e+00 5.457818603515625000e+01 6.477252960205078125e+01 2.330117607116699219e+01 8.458251953125000000e+00 4.470697879791259766e+00 1.356137847900390625e+01 5.678413391113281250e+01 1.003021955490112305e+00 1.431134223937988281e+01 3.199736177921295166e-01 1.528643369674682617e-01 1.977466773986816406e+01
1.698256134986877441e-01 4.366629600524902344e+00 5.472400283813476562e+01 6.306921386718750000e+01 1.625698661804199219e+01 3.764214992523193359e+00 4.247638702392578125e+00 1.314052391052246094e+01 5.599940490722656250e+01 2.386990189552307129e-01 1.364183139801025391e+01 8.604824542999267578e-02 2.289535105228424072e-02 1.977466773986816406e+01
1.761013567447662354e-01 4.063547134399414062e+00 5.072747802734375000e+01 5.978588867187500000e+01 1.599144649505615234e+01 -1.905764341354370117e+00 3.952190160751342773e+00 1.208004474639892578e+01 5.227904510498046875e+01 -2.607670845463871956e-03 1.262062263488769531e+01 1.032722964882850647e-01 -4.266913980245590210e-02 1.977466773986816406e+01
1.823998540639877319e-01 4.067026138305664062e+00 5.137380981445312500e+01 5.923959732055664062e+01 1.583871173858642578e+01 1.747891783714294434e+00 3.955108880996704102e+00 1.223870086669921875e+01 5.234207916259765625e+01 3.141850233078002930e-01 1.265981483459472656e+01 4.654594883322715759e-02 5.074862274341285229e-04 1.977466773986816406e+01
1.886507123708724976e-01 3.805928707122802734e+00 4.941355895996093750e+01 5.755803680419921875e+01 1.263465309143066406e+01 3.624730825424194336e+00 3.700731515884399414e+00 1.150039577484130859e+01 5.035292434692382812e+01 -6.549887657165527344e-01 1.185839462280273438e+01 -5.732425674796104431e-02 5.812587216496467590e-02 1.977466773986816406e+01
1.949081569910049438e-01 3.661931037902832031e+00 4.770206069946289062e+01 5.557782363891601562e+01 1.347658824920654297e+01 1.462798714637756348e+00 3.560494661331176758e+00 1.106509017944335938e+01 4.834753417968750000e+01 -3.069620728492736816e-01 1.137019538879394531e+01 -6.341286003589630127e-03 3.871282562613487244e-02 1.977466773986816406e+01
2.011425346136093140e-01 3.435410261154174805e+00 4.588664245605468750e+01 5.277136230468750000e+01 1.612451362609863281e+01 5.016387462615966797e+00 3.339901685714721680e+00 1.042380905151367188e+01 4.585105514526367188e+01 1.187112852931022644e-01 1.056632900238037109e+01 1.366470307111740112e-01 7.306493073701858521e-02 1.977466773986816406e+01
2.073954045772552490e-01 3.289185285568237305e+00 4.505020141601562500e+01 5.207137680053710938e+01 1.763339805603027344e+01 6.499127864837646484e+00 3.197391271591186523e+00 1.003975105285644531e+01 4.509969711303710938e+01 3.778268694877624512e-01 1.019659328460693359e+01 1.742990314960479736e-01 7.507001608610153198e-02 1.977466773986816406e+01
2.137389332056045532e-01 3.088798522949218750e+00 4.335802459716796875e+01 5.001633071899414062e+01 1.660586738586425781e+01 2.925363302230834961e+00 3.002337455749511719e+00 9.474293708801269531e+00 4.320029449462890625e+01 3.780083656311035156e-01 9.593205451965332031e+00 1.330719441175460815e-01 5.280460231006145477e-03 1.977466773986816406e+01
2.200330942869186401e-01 2.932893037796020508e+00 4.201966094970703125e+01 4.863851165771484375e+01 1.516053581237792969e+01 5.716773509979248047e+00 2.850581169128417969e+00 9.038671493530273438e+00 4.167616271972656250e+01 3.709422424435615540e-03 9.101059913635253906e+00 1.752059161663055420e-02 9.662852436304092407e-02 1.977466773986816406e+01
2.262930423021316528e-01 2.765869140625000000e+00 4.104392242431640625e+01 4.699094772338867188e+01 1.188486480712890625e+01 6.979026794433593750e-01 2.687921524047851562e+00 8.608016014099121094e+00 4.043330764770507812e+01 -3.430295586585998535e-01 8.630132675170898438e+00 -3.260541334748268127e-02 2.253519371151924133e-02 1.977466773986816406e+01
2.325985133647918701e-01 2.708330392837524414e+00 3.993773269653320312e+01 4.585874557495117188e+01 1.474192333221435547e+01 6.728543281555175781e+00 2.631805419921875000e+00 8.353255271911621094e+00 3.905950546264648438e+01 -1.305876523256301880e-01 8.333482742309570312e+00 6.530495826154947281e-03 1.267042011022567749e-01 1.977466773986816406e+01
2.388891130685806274e-01 2.606892585754394531e+00 3.949115753173828125e+01 4.553619766235351562e+01 1.268984699249267578e+01 1.752914309501647949e+00 2.533139228820800781e+00 8.112184524536132812e+00 3.860141372680664062e+01 -3.930497467517852783e-01 8.081892013549804688e+00 -4.832034930586814880e-02 2.096827328205108643e-02 1.977466773986816406e+01
2.451218813657760620e-01 2.493184804916381836e+00 3.925400161743164062e+01 4.426369476318359375e+01 1.145326709747314453e+01 3.305451869964599609e+00 2.422500133514404297e+00 7.905878067016601562e+00 3.766798400878906250e+01 -5.730970501899719238e-01 7.768965244293212891e+00 -5.767046660184860229e-02 1.857882365584373474e-02 1.977466773986816406e+01
2.513737380504608154e-01 2.448039054870605469e+00 3.870204925537109375e+01 4.378834152221679688e+01 1.154727268218994141e+01 2.748469829559326172e+00 2.378410339355468750e+00 7.784303665161132812e+00 3.715207672119140625e+01 -5.277106761932373047e-01 7.609665393829345703e+00 -6.098094210028648376e-02 3.830022737383842468e-02 1.977466773986816406e+01
2.577070593833923340e-01 2.352607011795043945e+00 3.782032775878906250e+01 4.318246841430664062e+01 1.365627574920654297e+01 2.194386720657348633e+00 2.285507917404174805e+00 7.492791652679443359e+00 3.613137435913085938e+01 -3.327803015708923340e-01 7.273807048797607422e+00 -1.138463616371154785e-02 1.576860435307025909e-02 1.977466773986816406e+01
2.640204429626464844e-01 2.286152839660644531e+00 3.735692214965820312e+01 4.259314346313476562e+01 1.217345237731933594e+01 3.587255775928497314e-01 2.220930814743041992e+00 7.274709224700927734e+00 3.561442184448242188e+01 -4.731110632419586182e-01 7.029333591461181641e+00 -5.751647427678108215e-02 -6.348634138703346252e-03 1.977466773986816406e+01
2.702898085117340088e-01 2.163710594177246094e+00 3.644912719726562500e+01 4.147823333740234375e+01 1.240356063842773438e+01 3.077730655670166016e+00 2.101837158203125000e+00 6.954331398010253906e+00 3.447597122192382812e+01 -4.556643664836883545e-01 6.708144187927246094e+00 -3.821044415235519409e-02 5.891578644514083862e-02 1.977466773986816406e+01
2.765615284442901611e-01 2.104799747467041016e+00 3.621305465698242188e+01 4.107838058471679688e+01 1.196422672271728516e+01 2.235541820526123047e+00 2.044463634490966797e+00 6.823259353637695312e+00 3.395043182373046875e+01 -6.528295874595642090e-01 6.500067710876464844e+00 -6.247546523809432983e-02 2.781138941645622253e-02 1.977466773986816406e+01
2.828698754310607910e-01 2.033167600631713867e+00 3.572505569458007812e+01 4.048528289794921875e+01 1.121761226654052734e+01 2.879280567169189453e+00 1.974887847900390625e+00 6.632826805114746094e+00 3.339123916625976562e+01 -7.574672102928161621e-01 6.309659004211425781e+00 -8.276797086000442505e-02 2.821932360529899597e-02 1.977466773986816406e+01
2.891486585140228271e-01 1.971697449684143066e+00 3.438205718994140625e+01 3.904489898681640625e+01 1.087660408020019531e+01 3.819048643112182617e+00 1.915013313293457031e+00 6.312676906585693359e+00 3.187725448608398438e+01 -8.588111400604248047e-01 5.974367141723632812e+00 -8.470489084720611572e-02 6.311360746622085571e-02 1.977466773986816406e+01
2.953523397445678711e-01 1.915334463119506836e+00 3.423301696777343750e+01 3.846418762207031250e+01 1.013578128814697266e+01 1.868039369583129883e+00 1.860206007957458496e+00 6.213080883026123047e+00 3.141159057617187500e+01 -9.554606080055236816e-01 5.815050125122070312e+00 -1.140840351581573486e-01 2.525478042662143707e-02 1.977466773986816406e+01
3.016075491905212402e-01 1.897012948989868164e+00 3.428472900390625000e+01 3.860087585449218750e+01 9.717969894409179688e+00 3.378700017929077148e+00 1.842270851135253906e+00 6.189160346984863281e+00 3.135651397705078125e+01 -1.101997256278991699e+00 5.795294284820556641e+00 -1.581770628690719604e-01 7.252693921327590942e-02 1.977466773986816406e+01
3.079382479190826416e-01 1.806604504585266113e+00 3.354640197753906250e+01 3.748408126831054688e+01 9.389887809753417969e+00 4.720986843109130859e+00 1.754419088363647461e+00 5.931110382080078125e+00 3.034276580810546875e+01 -1.226151704788208008e+00 5.483749389648437500e+00 -1.608404368162155151e-01 5.917951837182044983e-02 1.977466773986816406e+01
3.142760396003723145e-01 1.754922270774841309e+00 3.259713363647460938e+01 3.677186965942382812e+01 8.761137008666992188e+00 2.455932617187500000e+00 1.704206943511962891e+00 5.724406242370605469e+00 2.944405555725097656e+01 -1.236831188201904297e+00 5.274389266967773438e+00 -1.837369054555892944e-01 4.547068849205970764e-02 1.977466773986816406e+01
3.205462992191314697e-01 1.714297056198120117e+00 3.244651031494140625e+01 3.665778732299804688e+01 9.609766006469726562e+00 3.237936019897460938e+00 1.664678931236267090e+00 5.621754169464111328e+00 2.905463027954101562e+01 -1.215951681137084961e+00 5.127147197723388672e+00 -1.772114485502243042e-01 5.943682789802551270e-02 1.977466773986816406e+01
3.268128037452697754e-01 1.694216728210449219e+00 3.251786422729492188e+01 3.656088256835937500e+01 8.376394271850585938e+00 3.103780031204223633e+00 1.645160913467407227e+00 5.583297252655029297e+00 2.900467491149902344e+01 -1.478884458541870117e+00 5.089794635772705078e+00 -2.272336333990097046e-01 5.793020874261856079e-02 1.977466773986816406e+01
3.331238031387329102e-01 1.647652626037597656e+00 3.188892364501953125e+01 3.542877197265625000e+01 8.178258895874023438e+00 4.799650192260742188e+00 1.599877834320068359e+00 5.439368724822998047e+00 2.801913642883300781e+01 -1.505959391593933105e+00 4.854151725769042969e+00 -2.464243769645690918e-01 7.470209896564483643e-02 1.977466773986816406e+01
3.394046723842620850e-01 1.627768635749816895e+00 3.186609840393066406e+01 3.531953048706054688e+01 7.490789890289306641e+00 2.885559558868408203e+00 1.580499053001403809e+00 5.386672496795654297e+00 2.778643798828125000e+01 -1.564994692802429199e+00 4.784093856811523438e+00 -2.523221075534820557e-01 6.470345705747604370e-02 1.977466773986816406e+01
3.456391692161560059e-01 1.594922184944152832e+00 3.165490531921386719e+01 3.562836837768554688e+01 8.721912384033203125e+00 4.853744983673095703e+00 1.548573017120361328e+00 5.285281658172607422e+00 2.758711814880371094e+01 -1.606642484664916992e+00 4.720788002014160156e+00 -2.278056591749191284e-01 7.410848140716552734e-02 1.977466773986816406e+01
3.518808186054229736e-01 1.588126420974731445e+00 3.145356941223144531e+01 3.489952087402343750e+01 7.233463764190673828e+00 4.649843692779541016e+00 1.541917204856872559e+00 5.267986297607421875e+00 2.705211257934570312e+01 -1.828072071075439453e+00 4.631096839904785156e+00 -2.815988659858703613e-01 8.016303181648254395e-02 1.977466773986816406e+01
3.582032322883605957e-01 1.561735391616821289e+00 3.166193962097167969e+01 3.524752044677734375e+01 7.533702850341796875e+00 5.779455661773681641e+00 1.516244649887084961e+00 5.190857410430908203e+00 2.715108871459960938e+01 -1.807861328125000000e+00 4.543508529663085938e+00 -2.632408142089843750e-01 1.020978316664695740e-01 1.977466773986816406e+01
3.645117878913879395e-01 1.530688405036926270e+00 3.113183975219726562e+01 3.471332550048828125e+01 8.440023422241210938e+00 5.962004184722900391e+00 1.486083149909973145e+00 5.059124469757080078e+00 2.636527252197265625e+01 -1.808573484420776367e+00 4.378383159637451172e+00 -2.575273811817169189e-01 9.052499383687973022e-02 1.977466773986816406e+01
3.707640767097473145e-01 1.515200853347778320e+00 3.131394958496093750e+01 3.469884872436523438e+01 8.120802879333496094e+00 8.247515678405761719e+00 1.470995545387268066e+00 5.038240909576416016e+00 2.622749519348144531e+01 -1.949241876602172852e+00 4.276478767395019531e+00 -2.991864979267120361e-01 1.285172104835510254e-01 1.977466773986816406e+01
3.770540952682495117e-01 1.517061591148376465e+00 3.147006225585937500e+01 3.479957962036132812e+01 7.405797004699707031e+00 9.429406166076660156e+00 1.472841858863830566e+00 5.036630630493164062e+00 2.615939712524414062e+01 -2.176968574523925781e+00 4.239492893218994141e+00 -3.212355971336364746e-01 1.425592601299285889e-01 1.977466773986816406e+01
3.833588361740112305e-01 1.529859304428100586e+00 3.193824577331542969e+01 3.506200790405273438e+01 7.895440578460693359e+00 1.057800197601318359e+01 1.485187649726867676e+00 5.105866909027099609e+00 2.630783462524414062e+01 -2.137364387512207031e+00 4.308008193969726562e+00 -2.933023571968078613e-01 1.496664732694625854e-01 1.977466773986816406e+01
3.896513879299163818e-01 1.514755368232727051e+00 3.204645919799804688e+01 3.504692459106445312e+01 8.345598220825195312e+00 1.361454296112060547e+01 1.470458984375000000e+00 5.040347576141357422e+00 2.599502754211425781e+01 -2.226876974105834961e+00 4.182040691375732422e+00 -3.110473453998565674e-01 2.023437172174453735e-01 1.977466773986816406e+01
3.958770036697387695e-01 1.525187134742736816e+00 3.258049011230468750e+01 3.575222015380859375e+01 7.213900089263916016e+00 1.370987224578857422e+01 1.480549693107604980e+00 5.102944374084472656e+00 2.642499923706054688e+01 -2.614371538162231445e+00 4.212421894073486328e+00 -3.976466953754425049e-01 1.767584979534149170e-01 1.977466773986816406e+01
4.021010994911193848e-01 1.533671975135803223e+00 3.348794174194335938e+01 3.663026428222656250e+01 7.884095191955566406e+00 1.581404209136962891e+01 1.488774776458740234e+00 5.189791679382324219e+00 2.695522308349609375e+01 -2.675764799118041992e+00 4.245095729827880859e+00 -3.916213512420654297e-01 1.973457336425781250e-01 1.977466773986816406e+01
