# k, P_{cc}, P_{hh,r}, P_{hh,0}, P_{hh,2}, P_{hh,4}, P_{cm}, P_{hc,r}, P_{hc,0}, P_{hc,2}, P_{hc,4}, P_pSN
#  Realization 55
8.018244989216327667e-03 1.658332633972167969e+01 1.284972229003906250e+02 1.575741119384765625e+02 6.417204284667968750e+01 -1.540645956993103027e+00 1.650340843200683594e+01 4.512488937377929688e+01 1.416898498535156250e+02 5.639930248260498047e+00 4.996071243286132812e+01 2.218533992767333984e+00 1.056429862976074219e+00 1.971693038940429688e+01
1.401655934751033783e-02 5.618555450439453125e+01 4.070424194335937500e+02 5.091122131347656250e+02 3.541139831542968750e+02 3.731293334960937500e+02 5.570997238159179688e+01 1.483775177001953125e+02 4.530523376464843750e+02 4.126248168945312500e+01 1.657739562988281250e+02 1.465412998199462891e+01 1.279106044769287109e+01 1.971693038940429688e+01
1.969251595437526703e-02 3.966861343383789062e+01 2.879326171875000000e+02 3.451403503417968750e+02 3.439791870117187500e+01 8.802257537841796875e+01 3.922924804687500000e+01 1.048579711914062500e+02 3.140300292968750000e+02 -6.024536609649658203e+00 1.147143478393554688e+02 -2.266285896301269531e+00 3.017874479293823242e+00 1.971693038940429688e+01
2.551339380443096161e-02 3.478418731689453125e+01 2.608479309082031250e+02 3.326994628906250000e+02 3.118412170410156250e+02 3.333050918579101562e+01 3.431464767456054688e+01 9.286019897460937500e+01 2.933038330078125000e+02 4.280736541748046875e+01 1.048185348510742188e+02 1.553338146209716797e+01 -3.014413416385650635e-01 1.971693038940429688e+01
3.202908113598823547e-02 3.095618438720703125e+01 2.234617767333984375e+02 2.742048034667968750e+02 1.117066802978515625e+02 2.555213165283203125e+01 3.047519874572753906e+01 8.076265716552734375e+01 2.464554901123046875e+02 1.028419399261474609e+01 8.957213592529296875e+01 4.110874176025390625e+00 7.083746790885925293e-01 1.971693038940429688e+01
3.846523538231849670e-02 2.556640625000000000e+01 1.977681732177734375e+02 2.429146881103515625e+02 1.302137298583984375e+02 3.419028091430664062e+01 2.512231254577636719e+01 6.856494903564453125e+01 2.180687713623046875e+02 1.465397548675537109e+01 7.615399932861328125e+01 5.720876693725585938e+00 1.762738466262817383e+00 1.971693038940429688e+01
4.443310573697090149e-02 2.565481376647949219e+01 1.973965759277343750e+02 2.372159271240234375e+02 9.128643798828125000e+01 6.828483581542968750e+01 2.517756652832031250e+01 6.857477569580078125e+01 2.153916168212890625e+02 8.640934944152832031e+00 7.521807861328125000e+01 2.929767608642578125e+00 1.959717988967895508e+00 1.971693038940429688e+01
5.042308941483497620e-02 2.315340042114257812e+01 1.874090576171875000e+02 2.286187591552734375e+02 1.320648651123046875e+02 2.706622505187988281e+01 2.269592857360839844e+01 6.316535568237304688e+01 2.058506317138671875e+02 1.590069007873535156e+01 6.989318084716796875e+01 6.161471843719482422e+00 5.451032519340515137e-01 1.971693038940429688e+01
5.690929666161537170e-02 1.927579689025878906e+01 1.556171264648437500e+02 1.855492706298828125e+02 3.695652008056640625e+01 -4.261616897583007812e+01 1.887681961059570312e+01 5.222852325439453125e+01 1.689207153320312500e+02 1.112983703613281250e+00 5.708732223510742188e+01 5.619342327117919922e-01 -1.748787760734558105e+00 1.971693038940429688e+01
6.341847032308578491e-02 1.755647087097167969e+01 1.460313568115234375e+02 1.753610992431640625e+02 5.439560317993164062e+01 7.233332061767578125e+01 1.717865753173828125e+01 4.798417282104492188e+01 1.587291259765625000e+02 3.060517072677612305e+00 5.265600967407226562e+01 1.402752518653869629e+00 2.441848278045654297e+00 1.971693038940429688e+01
6.949992477893829346e-02 1.658169555664062500e+01 1.392913360595703125e+02 1.651345520019531250e+02 5.498026275634765625e+01 -9.441089630126953125e+00 1.621157264709472656e+01 4.536964416503906250e+01 1.504898834228515625e+02 4.565044879913330078e+00 4.933574295043945312e+01 1.437973260879516602e+00 -4.453568458557128906e-01 1.971693038940429688e+01
7.558133453130722046e-02 1.409694194793701172e+01 1.252738037109375000e+02 1.480511169433593750e+02 4.198157501220703125e+01 -1.393656921386718750e+01 1.377407073974609375e+01 3.961256027221679688e+01 1.349213562011718750e+02 2.987154722213745117e+00 4.296657562255859375e+01 9.389841556549072266e-01 -4.838256835937500000e-01 1.971693038940429688e+01
8.196274191141128540e-02 1.392972850799560547e+01 1.210959854125976562e+02 1.467521972656250000e+02 6.882997894287109375e+01 -4.459212303161621094e+00 1.360266780853271484e+01 3.850522613525390625e+01 1.318234100341796875e+02 7.065340995788574219e+00 4.220307922363281250e+01 2.438639879226684570e+00 -3.717780411243438721e-01 1.971693038940429688e+01
8.830232173204421997e-02 1.167869758605957031e+01 1.040394744873046875e+02 1.229538879394531250e+02 3.933313751220703125e+01 -1.817645454406738281e+01 1.139906406402587891e+01 3.240118026733398438e+01 1.117629165649414062e+02 3.198328971862792969e+00 3.511373901367187500e+01 1.161907196044921875e+00 -3.437313139438629150e-01 1.971693038940429688e+01
9.435217082500457764e-02 1.034640598297119141e+01 9.466210174560546875e+01 1.126879653930664062e+02 3.657893371582031250e+01 -2.908876180648803711e+00 1.009449768066406250e+01 2.872310066223144531e+01 1.016650085449218750e+02 2.414346694946289062e+00 3.110280036926269531e+01 9.427683949470520020e-01 -2.359627485275268555e-01 1.971693038940429688e+01
1.005600690841674805e-01 9.077936172485351562e+00 8.418258666992187500e+01 1.021210098266601562e+02 3.902526092529296875e+01 -4.836239337921142578e+00 8.853109359741210938e+00 2.501266860961914062e+01 9.107807922363281250e+01 2.930400371551513672e+00 2.731077957153320312e+01 8.856307864189147949e-01 -1.769147515296936035e-01 1.971693038940429688e+01
1.070138886570930481e-01 8.719102859497070312e+00 8.595166778564453125e+01 1.017409973144531250e+02 3.784813690185546875e+01 -1.483400225639343262e+00 8.500215530395507812e+00 2.484341430664062500e+01 9.184949493408203125e+01 3.281460762023925781e+00 2.677572250366210938e+01 1.001968264579772949e+00 -6.140271201729774475e-02 1.971693038940429688e+01
1.134273484349250793e-01 7.666924953460693359e+00 7.641139984130859375e+01 8.977685546875000000e+01 3.471908950805664062e+01 2.928532361984252930e+00 7.471985340118408203e+00 2.172931098937988281e+01 8.113371276855468750e+01 3.147985458374023438e+00 2.329705619812011719e+01 1.082559585571289062e+00 3.620890155434608459e-02 1.971693038940429688e+01
1.196089535951614380e-01 7.477891445159912109e+00 7.410443115234375000e+01 8.718732452392578125e+01 2.684057235717773438e+01 1.181197404861450195e+00 7.285627365112304688e+00 2.106810951232910156e+01 7.857202911376953125e+01 1.785186648368835449e+00 2.253660583496093750e+01 5.278487205505371094e-01 5.605768784880638123e-02 1.971693038940429688e+01
1.257804334163665771e-01 6.952458858489990234e+00 7.132341003417968750e+01 8.356261444091796875e+01 1.931131744384765625e+01 -1.495311856269836426e-01 6.771711826324462891e+00 1.980367660522460938e+01 7.522839355468750000e+01 3.029930889606475830e-01 2.110481452941894531e+01 1.129269972443580627e-01 2.427990734577178955e-02 1.971693038940429688e+01
1.321490257978439331e-01 6.919835090637207031e+00 7.084056854248046875e+01 8.339746093750000000e+01 3.187241363525390625e+01 5.355671882629394531e+00 6.738676071166992188e+00 1.980006027221679688e+01 7.485256195068359375e+01 2.515819787979125977e+00 2.111830711364746094e+01 8.656918406486511230e-01 6.237109377980232239e-02 1.971693038940429688e+01
1.384563297033309937e-01 6.228349685668945312e+00 6.459341430664062500e+01 7.577122497558593750e+01 2.647100830078125000e+01 1.049248504638671875e+01 6.063856124877929688e+00 1.768290519714355469e+01 6.783058929443359375e+01 1.716782093048095703e+00 1.876934242248535156e+01 5.861874818801879883e-01 3.635140657424926758e-01 1.971693038940429688e+01
1.446497291326522827e-01 5.797977447509765625e+00 6.187725448608398438e+01 7.305207824707031250e+01 2.805116462707519531e+01 4.323192238807678223e-01 5.643664836883544922e+00 1.655506515502929688e+01 6.504669189453125000e+01 1.990831613540649414e+00 1.763705444335937500e+01 6.329166293144226074e-01 -4.066460207104682922e-02 1.971693038940429688e+01
1.508535146713256836e-01 5.159841537475585938e+00 5.760633087158203125e+01 6.719686126708984375e+01 2.002106666564941406e+01 3.617276430130004883e+00 5.021756172180175781e+00 1.498278617858886719e+01 5.991751480102539062e+01 7.262772321701049805e-01 1.580222129821777344e+01 3.114995062351226807e-01 1.043604910373687744e-01 1.971693038940429688e+01
1.571729034185409546e-01 4.880942344665527344e+00 5.541588211059570312e+01 6.545955657958984375e+01 2.383588409423828125e+01 2.031104326248168945e+00 4.749341011047363281e+00 1.414184951782226562e+01 5.776312255859375000e+01 1.307914972305297852e+00 1.496895599365234375e+01 4.644865691661834717e-01 -1.653837598860263824e-02 1.971693038940429688e+01
1.635417938232421875e-01 4.587070941925048828e+00 5.460924530029296875e+01 6.409761047363281250e+01 2.345379829406738281e+01 7.843789100646972656e+00 4.462722301483154297e+00 1.359581565856933594e+01 5.662090301513671875e+01 1.175813198089599609e+00 1.427868080139160156e+01 3.080430626869201660e-01 7.013114541769027710e-02 1.971693038940429688e+01
1.698256134986877441e-01 4.319888114929199219e+00 5.351996994018554688e+01 6.288132095336914062e+01 1.841830825805664062e+01 1.041001200675964355e+00 4.202322483062744141e+00 1.293112277984619141e+01 5.532690811157226562e+01 3.517634272575378418e-01 1.354239273071289062e+01 1.727916449308395386e-01 -2.662819111719727516e-03 1.971693038940429688e+01
1.761013567447662354e-01 4.114601612091064453e+00 5.120561218261718750e+01 6.017195510864257812e+01 2.059537696838378906e+01 -3.534280538558959961e+00 4.001941204071044922e+00 1.232088947296142578e+01 5.276710510253906250e+01 7.939867973327636719e-01 1.287444591522216797e+01 3.065485954284667969e-01 -1.447509676218032837e-01 1.971693038940429688e+01
1.823998540639877319e-01 3.950155735015869141e+00 4.912882995605468750e+01 5.730411529541015625e+01 1.931680679321289062e+01 1.012521386146545410e+00 3.841343164443969727e+00 1.176214981079101562e+01 5.018644714355468750e+01 6.983168125152587891e-01 1.217001247406005859e+01 2.683322727680206299e-01 -2.564747817814350128e-02 1.971693038940429688e+01
1.886507123708724976e-01 3.750094175338745117e+00 4.829386520385742188e+01 5.553000640869140625e+01 1.630742835998535156e+01 7.945087552070617676e-01 3.646310091018676758e+00 1.133062458038330078e+01 4.890972518920898438e+01 3.958204388618469238e-01 1.161971569061279297e+01 1.438843011856079102e-01 1.296305377036333084e-02 1.971693038940429688e+01
1.949081569910049438e-01 3.658592939376831055e+00 4.739464950561523438e+01 5.508936691284179688e+01 1.846300315856933594e+01 -2.802552655339241028e-02 3.557043552398681641e+00 1.098209953308105469e+01 4.809066009521484375e+01 6.929383873939514160e-01 1.130998134613037109e+01 2.474289685487747192e-01 -1.588355191051959991e-02 1.971693038940429688e+01
2.011425346136093140e-01 3.550750732421875000e+00 4.770485305786132812e+01 5.433292770385742188e+01 1.492237854003906250e+01 1.024633765220642090e+00 3.451837778091430664e+00 1.084834671020507812e+01 4.773062515258789062e+01 5.979502946138381958e-02 1.100440025329589844e+01 5.059484392404556274e-02 -4.810710251331329346e-02 1.971693038940429688e+01
2.073954045772552490e-01 3.292643308639526367e+00 4.505257034301757812e+01 5.194481658935546875e+01 1.810302734375000000e+01 2.640594482421875000e+00 3.200736761093139648e+00 1.009790229797363281e+01 4.507836532592773438e+01 4.673667848110198975e-01 1.025960159301757812e+01 1.499757617712020874e-01 2.888878574594855309e-03 1.971693038940429688e+01
2.137389332056045532e-01 3.164006471633911133e+00 4.391381072998046875e+01 5.136456680297851562e+01 1.549922370910644531e+01 2.468204259872436523e+00 3.075319528579711914e+00 9.658931732177734375e+00 4.415837860107421875e+01 -1.950844377279281616e-02 9.898165702819824219e+00 1.160003319382667542e-01 2.883685566484928131e-02 1.971693038940429688e+01
2.200330942869186401e-01 2.959825754165649414e+00 4.289448165893554688e+01 4.938725662231445312e+01 1.672202110290527344e+01 6.299458980560302734e+00 2.876657009124755859e+00 9.185014724731445312e+00 4.255070877075195312e+01 2.222330868244171143e-01 9.252933502197265625e+00 1.115710511803627014e-01 7.818661630153656006e-02 1.971693038940429688e+01
2.262930423021316528e-01 2.855880737304687500e+00 4.214609146118164062e+01 4.896857833862304688e+01 1.563912677764892578e+01 9.417284131050109863e-01 2.775374412536621094e+00 8.904306411743164062e+00 4.177101516723632812e+01 -2.079782634973526001e-02 8.997276306152343750e+00 3.902237489819526672e-02 4.030000884085893631e-03 1.971693038940429688e+01
2.325985133647918701e-01 2.657797813415527344e+00 3.997690200805664062e+01 4.634765243530273438e+01 1.358779144287109375e+01 6.370833396911621094e+00 2.582746267318725586e+00 8.303030967712402344e+00 3.939116287231445312e+01 -4.362547397613525391e-01 8.377052307128906250e+00 -1.102648582309484482e-02 5.912598967552185059e-02 1.971693038940429688e+01
2.388891130685806274e-01 2.567119359970092773e+00 3.966093444824218750e+01 4.550576782226562500e+01 1.306510353088378906e+01 1.823051929473876953e+00 2.494436979293823242e+00 8.070297241210937500e+00 3.872741317749023438e+01 -3.268139958381652832e-01 8.031918525695800781e+00 2.097863331437110901e-02 3.723800554871559143e-02 1.971693038940429688e+01
2.451218813657760620e-01 2.473566293716430664e+00 3.896097183227539062e+01 4.467904281616210938e+01 1.129620170593261719e+01 8.073761463165283203e-01 2.403440713882446289e+00 7.831797122955322266e+00 3.788488769531250000e+01 -6.770193576812744141e-01 7.750346660614013672e+00 -9.908910840749740601e-02 5.752853030571714044e-05 1.971693038940429688e+01
2.513737380504608154e-01 2.426771402359008789e+00 3.798642730712890625e+01 4.359925460815429688e+01 1.268636608123779297e+01 2.819843769073486328e+00 2.357769012451171875e+00 7.650826454162597656e+00 3.666918945312500000e+01 -4.298815727233886719e-01 7.536639690399169922e+00 -2.205650694668292999e-02 5.713541433215141296e-02 1.971693038940429688e+01
2.577070593833923340e-01 2.294809341430664062e+00 3.691557312011718750e+01 4.186042785644531250e+01 1.221047878265380859e+01 3.870960235595703125e+00 2.229481220245361328e+00 7.242046833038330078e+00 3.523894119262695312e+01 -4.914658367633819580e-01 7.040536403656005859e+00 -2.549888566136360168e-02 6.581866741180419922e-02 1.971693038940429688e+01
2.640204429626464844e-01 2.274232149124145508e+00 3.729886245727539062e+01 4.190502166748046875e+01 1.183036041259765625e+01 3.265889406204223633e+00 2.209317684173583984e+00 7.273337364196777344e+00 3.531584930419921875e+01 -5.199215412139892578e-01 7.035540103912353516e+00 -3.531307354569435120e-02 3.758411854505538940e-02 1.971693038940429688e+01
2.702898085117340088e-01 2.195558309555053711e+00 3.620816040039062500e+01 4.090680313110351562e+01 1.028942012786865234e+01 2.772536575794219971e-01 2.132831811904907227e+00 7.000632762908935547e+00 3.414306640625000000e+01 -7.606807351112365723e-01 6.748331069946289062e+00 -7.955060154199600220e-02 6.814282853156328201e-03 1.971693038940429688e+01
2.765615284442901611e-01 2.094357490539550781e+00 3.577784729003906250e+01 4.118273925781250000e+01 1.182762527465820312e+01 2.981231927871704102e+00 2.034331798553466797e+00 6.762022495269775391e+00 3.394927215576171875e+01 -6.020497083663940430e-01 6.562716007232666016e+00 -4.224874451756477356e-02 6.714022159576416016e-02 1.971693038940429688e+01
2.828698754310607910e-01 2.002909421920776367e+00 3.486617279052734375e+01 3.973657226562500000e+01 1.115409851074218750e+01 2.164741516113281250e+00 1.945430636405944824e+00 6.495272636413574219e+00 3.265463638305664062e+01 -7.998587489128112793e-01 6.233599185943603516e+00 -1.075086668133735657e-01 1.460066344588994980e-02 1.971693038940429688e+01
2.891486585140228271e-01 2.006127119064331055e+00 3.445223236083984375e+01 3.899406433105468750e+01 1.076075649261474609e+01 2.799440622329711914e+00 1.948472619056701660e+00 6.421189308166503906e+00 3.200795364379882812e+01 -7.554283738136291504e-01 6.079613685607910156e+00 -9.556301683187484741e-02 5.255174264311790466e-02 1.971693038940429688e+01
2.953523397445678711e-01 1.917102575302124023e+00 3.429409027099609375e+01 3.921609115600585938e+01 1.159367370605468750e+01 5.620145797729492188e+00 1.861949324607849121e+00 6.285040378570556641e+00 3.192395019531250000e+01 -7.841916084289550781e-01 5.985101222991943359e+00 -9.764122962951660156e-02 6.048394367098808289e-02 1.971693038940429688e+01
3.016075491905212402e-01 1.855552673339843750e+00 3.391591644287109375e+01 3.818859863281250000e+01 9.036070823669433594e+00 2.533640384674072266e+00 1.802095055580139160e+00 6.081985473632812500e+00 3.111070823669433594e+01 -1.192265391349792480e+00 5.684623241424560547e+00 -1.469411253929138184e-01 3.859303891658782959e-02 1.971693038940429688e+01
3.079382479190826416e-01 1.810842275619506836e+00 3.366556549072265625e+01 3.789291381835937500e+01 8.187913894653320312e+00 3.346393346786499023e+00 1.758548855781555176e+00 5.960754871368408203e+00 3.068760108947753906e+01 -1.359893202781677246e+00 5.546548843383789062e+00 -2.004499733448028564e-01 2.875799313187599182e-02 1.971693038940429688e+01
3.142760396003723145e-01 1.794223666191101074e+00 3.323637771606445312e+01 3.741703033447265625e+01 8.990406990051269531e+00 3.681936979293823242e+00 1.742364287376403809e+00 5.874049663543701172e+00 3.005175781250000000e+01 -1.293635725975036621e+00 5.434244632720947266e+00 -1.784141808748245239e-01 5.000737681984901428e-02 1.971693038940429688e+01
3.205462992191314697e-01 1.709207892417907715e+00 3.263809585571289062e+01 3.651188659667968750e+01 9.498783111572265625e+00 2.144947767257690430e+00 1.659753561019897461e+00 5.637735366821289062e+00 2.934159469604492188e+01 -1.030252933502197266e+00 5.166074752807617188e+00 -1.344353407621383667e-01 5.649222433567047119e-02 1.971693038940429688e+01
3.268128037452697754e-01 1.699741601943969727e+00 3.235449981689453125e+01 3.631133651733398438e+01 8.562167167663574219e+00 4.022889614105224609e+00 1.650497794151306152e+00 5.585820198059082031e+00 2.888061523437500000e+01 -1.418645739555358887e+00 5.103569030761718750e+00 -1.856839805841445923e-01 6.269586831331253052e-02 1.971693038940429688e+01
3.331238031387329102e-01 1.650289654731750488e+00 3.143622970581054688e+01 3.512271881103515625e+01 7.486060619354248047e+00 2.635714530944824219e+00 1.602407217025756836e+00 5.395891189575195312e+00 2.778468322753906250e+01 -1.466282725334167480e+00 4.906509399414062500e+00 -1.911446899175643921e-01 7.334515452384948730e-02 1.971693038940429688e+01
3.394046723842620850e-01 1.601876258850097656e+00 3.129540252685546875e+01 3.497663497924804688e+01 8.667443275451660156e+00 4.699477195739746094e+00 1.555355072021484375e+00 5.282108783721923828e+00 2.748369789123535156e+01 -1.459910154342651367e+00 4.743598461151123047e+00 -2.264294922351837158e-01 7.852015644311904907e-02 1.971693038940429688e+01
3.456391692161560059e-01 1.608152508735656738e+00 3.188039398193359375e+01 3.551562881469726562e+01 8.135087013244628906e+00 4.554156303405761719e+00 1.561347842216491699e+00 5.353244304656982422e+00 2.790172958374023438e+01 -1.541000127792358398e+00 4.787488460540771484e+00 -2.190099656581878662e-01 8.510477095842361450e-02 1.971693038940429688e+01
3.518808186054229736e-01 1.557185769081115723e+00 3.071583557128906250e+01 3.422548675537109375e+01 7.874550342559814453e+00 5.836835861206054688e+00 1.511884331703186035e+00 5.105548381805419922e+00 2.653956604003906250e+01 -1.645695924758911133e+00 4.485587120056152344e+00 -2.647535800933837891e-01 6.760893017053604126e-02 1.971693038940429688e+01
3.582032322883605957e-01 1.534795045852661133e+00 3.100434494018554688e+01 3.463883209228515625e+01 7.931745529174804688e+00 4.734961032867431641e+00 1.490098237991333008e+00 5.047168731689453125e+00 2.674254226684570312e+01 -1.666044831275939941e+00 4.449923515319824219e+00 -2.451927959918975830e-01 8.707309514284133911e-02 1.971693038940429688e+01
3.645117878913879395e-01 1.509943842887878418e+00 3.074049186706542969e+01 3.398979949951171875e+01 7.429029464721679688e+00 6.273285865783691406e+00 1.465938568115234375e+00 5.003339767456054688e+00 2.603021621704101562e+01 -1.767361998558044434e+00 4.321465969085693359e+00 -2.497021555900573730e-01 1.005953922867774963e-01 1.971693038940429688e+01
3.707640767097473145e-01 1.521260976791381836e+00 3.131462478637695312e+01 3.443263626098632812e+01 8.086256027221679688e+00 7.449609756469726562e+00 1.476910233497619629e+00 5.053013801574707031e+00 2.643220520019531250e+01 -1.718207001686096191e+00 4.356325626373291016e+00 -2.450899630784988403e-01 1.229455098509788513e-01 1.971693038940429688e+01
3.770540952682495117e-01 1.502924919128417969e+00 3.087731742858886719e+01 3.446411132812500000e+01 8.824955940246582031e+00 7.504824161529541016e+00 1.459046602249145508e+00 4.958575248718261719e+00 2.597473144531250000e+01 -1.727047443389892578e+00 4.244448184967041016e+00 -2.753251194953918457e-01 1.296999156475067139e-01 1.971693038940429688e+01
3.833588361740112305e-01 1.516762614250183105e+00 3.162304687500000000e+01 3.480660247802734375e+01 8.368815422058105469e+00 1.111564064025878906e+01 1.472391724586486816e+00 5.031222343444824219e+00 2.634502983093261719e+01 -2.000991344451904297e+00 4.292450904846191406e+00 -2.883639931678771973e-01 1.600683778524398804e-01 1.971693038940429688e+01
3.896513879299163818e-01 1.551340341567993164e+00 3.237699127197265625e+01 3.553185653686523438e+01 8.107200622558593750e+00 1.332120513916015625e+01 1.506018877029418945e+00 5.170210361480712891e+00 2.670606803894042969e+01 -2.153915166854858398e+00 4.371450901031494141e+00 -3.012367188930511475e-01 1.864486932754516602e-01 1.971693038940429688e+01
3.958770036697387695e-01 1.509040236473083496e+00 3.242317962646484375e+01 3.576811218261718750e+01 8.563410758972167969e+00 1.718519783020019531e+01 1.464831948280334473e+00 5.026071071624755859e+00 2.645416259765625000e+01 -2.468956232070922852e+00 4.204745769500732422e+00 -3.403277695178985596e-01 1.980636864900588989e-01 1.971693038940429688e+01
4.021010994911193848e-01 1.516540288925170898e+00 3.284229660034179688e+01 3.606162261962890625e+01 6.659052371978759766e+00 1.525974369049072266e+01 1.472148776054382324e+00 5.063551902770996094e+00 2.664009094238281250e+01 -2.670150995254516602e+00 4.207972049713134766e+00 -3.756473064422607422e-01 2.014575004577636719e-01 1.971693038940429688e+01
