# k, P_{cc}, P_{hh,r}, P_{hh,0}, P_{hh,2}, P_{hh,4}, P_{cm}, P_{hc,r}, P_{hc,0}, P_{hc,2}, P_{hc,4}, P_pSN
#  Realization 95
8.018244989216327667e-03 1.785507011413574219e+01 1.352908477783203125e+02 1.637637023925781250e+02 6.972800445556640625e+01 1.414861297607421875e+02 1.776882934570312500e+01 4.725224685668945312e+01 1.482624053955078125e+02 6.512325286865234375e+00 5.199695587158203125e+01 1.014777302742004395e+00 3.236394882202148438e+00 1.981383514404296875e+01
1.401655934751033783e-02 3.618618392944335938e+01 2.652579345703125000e+02 3.153955993652343750e+02 -3.863596725463867188e+01 -1.367869110107421875e+02 3.587600326538085938e+01 9.492374420166015625e+01 2.882495422363281250e+02 -1.603356933593750000e+01 1.039038009643554688e+02 -5.035352706909179688e+00 -4.983580589294433594e+00 1.981383514404296875e+01
1.969251595437526703e-02 3.868296813964843750e+01 2.968807983398437500e+02 3.735614624023437500e+02 2.875699462890625000e+02 6.728830814361572266e+00 3.825134277343750000e+01 1.049138717651367188e+02 3.316325988769531250e+02 3.740322113037109375e+01 1.179507522583007812e+02 1.534957218170166016e+01 5.654464960098266602e-01 1.981383514404296875e+01
2.551339380443096161e-02 4.084072494506835938e+01 3.098775939941406250e+02 3.833371582031250000e+02 2.359766235351562500e+02 -1.235467052459716797e+01 4.029316711425781250e+01 1.094688949584960938e+02 3.434104614257812500e+02 2.966500091552734375e+01 1.220057983398437500e+02 1.143932342529296875e+01 -1.458323359489440918e+00 1.981383514404296875e+01
3.202908113598823547e-02 3.260483169555664062e+01 2.430796813964843750e+02 2.976234436035156250e+02 1.318526153564453125e+02 9.340134429931640625e+01 3.209779739379882812e+01 8.637702941894531250e+01 2.677337341308593750e+02 1.225093650817871094e+01 9.585761260986328125e+01 5.889815330505371094e+00 2.971756219863891602e+00 1.981383514404296875e+01
3.846523538231849670e-02 2.668635559082031250e+01 2.133430175781250000e+02 2.536309814453125000e+02 1.736995124816894531e+01 -3.556008529663085938e+01 2.622427940368652344e+01 7.316149139404296875e+01 2.317198638916015625e+02 -4.668803215026855469e+00 7.981768798828125000e+01 -1.049150109291076660e+00 -1.231456756591796875e+00 1.981383514404296875e+01
4.443310573697090149e-02 2.447196769714355469e+01 1.954837799072265625e+02 2.375013732910156250e+02 1.179319152832031250e+02 5.563751220703125000e+00 2.401787376403808594e+01 6.623863220214843750e+01 2.144098205566406250e+02 1.328119182586669922e+01 7.319178771972656250e+01 4.690382957458496094e+00 -4.540553092956542969e-01 1.981383514404296875e+01
5.042308941483497620e-02 2.024980163574218750e+01 1.585100402832031250e+02 1.907411041259765625e+02 6.097164916992187500e+01 2.361595535278320312e+01 1.984905624389648438e+01 5.391442108154296875e+01 1.728767547607421875e+02 4.330173015594482422e+00 5.906167984008789062e+01 1.351736426353454590e+00 7.405475974082946777e-01 1.981383514404296875e+01
5.690929666161537170e-02 1.850080490112304688e+01 1.479588470458984375e+02 1.797166595458984375e+02 7.576784515380859375e+01 -2.341324234008789062e+01 1.811726951599121094e+01 4.958153533935546875e+01 1.620439910888671875e+02 7.811624526977539062e+00 5.463500595092773438e+01 2.624894618988037109e+00 -8.466960191726684570e-01 1.981383514404296875e+01
6.341847032308578491e-02 1.892200469970703125e+01 1.537612152099609375e+02 1.829824981689453125e+02 4.643264389038085938e+01 2.932678413391113281e+01 1.851413154602050781e+01 5.145920562744140625e+01 1.666158294677734375e+02 2.410851716995239258e+00 5.603761291503906250e+01 5.165314078330993652e-01 1.111818552017211914e+00 1.981383514404296875e+01
6.949992477893829346e-02 1.740931701660156250e+01 1.483966979980468750e+02 1.757217559814453125e+02 5.910395050048828125e+01 -1.519457530975341797e+01 1.702078247070312500e+01 4.836607360839843750e+01 1.604255065917968750e+02 5.510778903961181641e+00 5.254567337036132812e+01 1.915068984031677246e+00 -6.199087500572204590e-01 1.981383514404296875e+01
7.558133453130722046e-02 1.489851188659667969e+01 1.262786026000976562e+02 1.485552215576171875e+02 2.118042564392089844e+01 -8.624706268310546875e+00 1.455791187286376953e+01 4.068420028686523438e+01 1.356952209472656250e+02 -1.160383343696594238e+00 4.397563171386718750e+01 -4.869502782821655273e-01 -5.320311784744262695e-01 1.981383514404296875e+01
8.196274191141128540e-02 1.373014926910400391e+01 1.205890579223632812e+02 1.457581176757812500e+02 7.351824951171875000e+01 3.424697875976562500e+01 1.340811729431152344e+01 3.809074401855468750e+01 1.311694183349609375e+02 7.887115955352783203e+00 4.175710296630859375e+01 2.705424785614013672e+00 8.696935772895812988e-01 1.981383514404296875e+01
8.830232173204421997e-02 1.164596843719482422e+01 1.051648330688476562e+02 1.236142654418945312e+02 3.584471130371093750e+01 7.093395233154296875e+00 1.136692905426025391e+01 3.250344848632812500e+01 1.126710586547851562e+02 2.571778059005737305e+00 3.503382110595703125e+01 6.783609390258789062e-01 1.216887831687927246e-01 1.981383514404296875e+01
9.435217082500457764e-02 9.656010627746582031e+00 8.861150360107421875e+01 1.045840225219726562e+02 2.675137329101562500e+01 1.242412471771240234e+01 9.420767784118652344e+00 2.667840766906738281e+01 9.484622192382812500e+01 1.017651438713073730e+00 2.875599670410156250e+01 3.756939768791198730e-01 4.191060066223144531e-01 1.981383514404296875e+01
1.005600690841674805e-01 9.003738403320312500e+00 8.725684356689453125e+01 1.038581695556640625e+02 3.964273834228515625e+01 -3.466423273086547852e+00 8.780949592590332031e+00 2.553657913208007812e+01 9.360234832763671875e+01 3.193387031555175781e+00 2.763862609863281250e+01 1.099099993705749512e+00 -2.375908643007278442e-01 1.981383514404296875e+01
1.070138886570930481e-01 8.369147300720214844e+00 8.284049987792968750e+01 9.856501007080078125e+01 3.546830368041992188e+01 1.477532386779785156e+01 8.158791542053222656e+00 2.385907745361328125e+01 8.873632049560546875e+01 2.755681514739990234e+00 2.587867355346679688e+01 9.957370162010192871e-01 3.166484832763671875e-01 1.981383514404296875e+01
1.134273484349250793e-01 7.669650077819824219e+00 7.917785644531250000e+01 9.404357147216796875e+01 3.215943145751953125e+01 4.348683357238769531e+00 7.474677562713623047e+00 2.218571472167968750e+01 8.455749511718750000e+01 2.262015342712402344e+00 2.393949699401855469e+01 6.239601969718933105e-01 -4.548845067620277405e-02 1.981383514404296875e+01
1.196089535951614380e-01 7.358589172363281250e+00 7.522864532470703125e+01 8.832359313964843750e+01 2.171592330932617188e+01 3.759885787963867188e+00 7.169423580169677734e+00 2.100144195556640625e+01 7.972772216796875000e+01 6.155603528022766113e-01 2.245513725280761719e+01 3.080161809921264648e-01 2.583172870799899101e-03 1.981383514404296875e+01
1.257804334163665771e-01 7.002344608306884766e+00 7.454033660888671875e+01 8.661296081542968750e+01 2.511894989013671875e+01 3.596913099288940430e+00 6.820381164550781250e+00 2.035365867614746094e+01 7.851776885986328125e+01 1.378437757492065430e+00 2.160201263427734375e+01 3.263961672782897949e-01 -1.678654551506042480e-02 1.981383514404296875e+01
1.321490257978439331e-01 6.502986431121826172e+00 6.817944335937500000e+01 8.005435180664062500e+01 2.148426246643066406e+01 -2.655962944030761719e+00 6.332298755645751953e+00 1.862403488159179688e+01 7.194318389892578125e+01 9.246553182601928711e-01 1.981237983703613281e+01 2.217073142528533936e-01 -6.525956839323043823e-02 1.981383514404296875e+01
1.384563297033309937e-01 6.201522827148437500e+00 6.762179565429687500e+01 7.993220520019531250e+01 3.314784240722656250e+01 1.270481967926025391e+01 6.037488937377929688e+00 1.801941871643066406e+01 7.141024017333984375e+01 2.819208621978759766e+00 1.921849632263183594e+01 9.149916768074035645e-01 3.235463798046112061e-01 1.981383514404296875e+01
1.446497291326522827e-01 5.734862327575683594e+00 6.309249877929687500e+01 7.489525604248046875e+01 2.429518699645996094e+01 -7.888447284698486328e+00 5.582209110260009766e+00 1.666213417053222656e+01 6.659860229492187500e+01 1.184227824211120605e+00 1.780180358886718750e+01 3.118066787719726562e-01 -2.527171969413757324e-01 1.981383514404296875e+01
1.508535146713256836e-01 5.421543121337890625e+00 6.160455703735351562e+01 7.271363830566406250e+01 2.212911033630371094e+01 4.172464370727539062e+00 5.276412487030029297e+00 1.595273685455322266e+01 6.462501525878906250e+01 7.984012365341186523e-01 1.694203948974609375e+01 3.015960454940795898e-01 3.606214001774787903e-02 1.981383514404296875e+01
1.571729034185409546e-01 4.756112575531005859e+00 5.644721984863281250e+01 6.598122406005859375e+01 2.177240371704101562e+01 6.208559036254882812e+00 4.627846717834472656e+00 1.407158470153808594e+01 5.877752685546875000e+01 1.219123959541320801e+00 1.485049533843994141e+01 3.501470685005187988e-01 1.369554102420806885e-01 1.981383514404296875e+01
1.635417938232421875e-01 4.588033676147460938e+00 5.456634140014648438e+01 6.460071563720703125e+01 2.235900688171386719e+01 7.489017009735107422e+00 4.463757991790771484e+00 1.350674438476562500e+01 5.695400238037109375e+01 1.020957350730895996e+00 1.427243614196777344e+01 3.061054944992065430e-01 1.008088737726211548e-01 1.981383514404296875e+01
1.698256134986877441e-01 4.427978038787841797e+00 5.272859954833984375e+01 6.216321563720703125e+01 2.098288345336914062e+01 2.551195383071899414e+00 4.307141304016113281e+00 1.298228549957275391e+01 5.473236846923828125e+01 9.134575724601745605e-01 1.365964412689208984e+01 2.991846203804016113e-01 -3.054150380194187164e-02 1.981383514404296875e+01
1.761013567447662354e-01 4.058263778686523438e+00 5.116585159301757812e+01 5.980896377563476562e+01 1.744969558715820312e+01 2.930565357208251953e+00 3.947139263153076172e+00 1.220779800415039062e+01 5.275927352905273438e+01 4.219168722629547119e-01 1.277862834930419922e+01 1.597120314836502075e-01 2.644987078383564949e-03 1.981383514404296875e+01
1.823998540639877319e-01 4.003418922424316406e+00 5.124328994750976562e+01 5.943128967285156250e+01 1.795874595642089844e+01 8.845529556274414062e+00 3.893145084381103516e+00 1.206234645843505859e+01 5.243171310424804688e+01 4.213591217994689941e-01 1.255682563781738281e+01 2.082023918628692627e-01 1.756368726491928101e-01 1.981383514404296875e+01
1.886507123708724976e-01 3.737890005111694336e+00 4.850854492187500000e+01 5.623643112182617188e+01 1.365742206573486328e+01 5.616880893707275391e+00 3.634500026702880859e+00 1.128095817565917969e+01 4.946389389038085938e+01 -1.779922991991043091e-01 1.164781570434570312e+01 -1.920649595558643341e-02 1.117025688290596008e-01 1.981383514404296875e+01
1.949081569910049438e-01 3.499594688415527344e+00 4.596424865722656250e+01 5.368168640136718750e+01 1.843524742126464844e+01 2.259691953659057617e+00 3.402541875839233398e+00 1.056216335296630859e+01 4.674903488159179688e+01 5.636120438575744629e-01 1.090896797180175781e+01 1.910587847232818604e-01 8.261035196483135223e-03 1.981383514404296875e+01
2.011425346136093140e-01 3.431829690933227539e+00 4.561323928833007812e+01 5.318235015869140625e+01 1.580304241180419922e+01 6.573200225830078125e+00 3.336230754852294922e+00 1.034854125976562500e+01 4.613165664672851562e+01 -4.602192714810371399e-02 1.061612319946289062e+01 8.045816794037818909e-03 4.701901972293853760e-02 1.981383514404296875e+01
2.073954045772552490e-01 3.263222217559814453e+00 4.506715774536132812e+01 5.221511077880859375e+01 1.660470962524414062e+01 2.429374694824218750e+00 3.172073841094970703e+00 1.002065277099609375e+01 4.542182540893554688e+01 3.226567208766937256e-01 1.025800800323486328e+01 1.466689854860305786e-01 4.060571640729904175e-02 1.981383514404296875e+01
2.137389332056045532e-01 3.126361846923828125e+00 4.377877807617187500e+01 5.045423889160156250e+01 1.400052833557128906e+01 -8.299241662025451660e-01 3.038754940032958984e+00 9.551758766174316406e+00 4.382584381103515625e+01 -9.582886099815368652e-02 9.688060760498046875e+00 9.048907086253166199e-03 -6.153107434511184692e-02 1.981383514404296875e+01
2.200330942869186401e-01 2.917840242385864258e+00 4.239385223388671875e+01 4.893453979492187500e+01 1.465819263458251953e+01 2.735662937164306641e+00 2.835895776748657227e+00 9.050609588623046875e+00 4.221149444580078125e+01 -1.093660816550254822e-01 9.158963203430175781e+00 3.845409676432609558e-02 1.415056921541690826e-02 1.981383514404296875e+01
2.262930423021316528e-01 2.780040979385375977e+00 4.138572311401367188e+01 4.758995819091796875e+01 1.452776718139648438e+01 6.456992030143737793e-01 2.701797485351562500e+00 8.667368888854980469e+00 4.092599868774414062e+01 2.446054294705390930e-02 8.716593742370605469e+00 6.593692302703857422e-02 2.470895182341337204e-03 1.981383514404296875e+01
2.325985133647918701e-01 2.685132503509521484e+00 4.066421127319335938e+01 4.648004913330078125e+01 1.330336761474609375e+01 3.277238845825195312e+00 2.609353780746459961e+00 8.462547302246093750e+00 3.998342895507812500e+01 -2.409098893404006958e-01 8.485846519470214844e+00 -2.028562827035784721e-03 4.152897745370864868e-02 1.981383514404296875e+01
2.388891130685806274e-01 2.610684871673583984e+00 3.999068832397460938e+01 4.582186508178710938e+01 1.403994846343994141e+01 2.004825592041015625e+00 2.536829471588134766e+00 8.180593490600585938e+00 3.916600036621093750e+01 -9.299968183040618896e-02 8.189560890197753906e+00 3.936564922332763672e-02 1.887886039912700653e-02 1.981383514404296875e+01
2.451218813657760620e-01 2.472088575363159180e+00 3.905547332763671875e+01 4.519737243652343750e+01 1.362956905364990234e+01 1.909936547279357910e+00 2.402033567428588867e+00 7.832917213439941406e+00 3.834307861328125000e+01 -2.097083479166030884e-01 7.818067550659179688e+00 -1.543208677321672440e-02 2.890294790267944336e-02 1.981383514404296875e+01
2.513737380504608154e-01 2.401665925979614258e+00 3.823481369018554688e+01 4.377882766723632812e+01 1.021251869201660156e+01 2.578782081604003906e+00 2.333389997482299805e+00 7.581035137176513672e+00 3.705708312988281250e+01 -8.429274559020996094e-01 7.492607593536376953e+00 -5.840898677706718445e-02 7.330366969108581543e-02 1.981383514404296875e+01
2.577070593833923340e-01 2.352859973907470703e+00 3.800496292114257812e+01 4.340062332153320312e+01 1.198795318603515625e+01 1.963081240653991699e+00 2.285763263702392578e+00 7.489115238189697266e+00 3.672003173828125000e+01 -4.796272814273834229e-01 7.352589130401611328e+00 -4.582128673791885376e-02 2.519260533154010773e-02 1.981383514404296875e+01
2.640204429626464844e-01 2.310375928878784180e+00 3.761815261840820312e+01 4.275513458251953125e+01 1.053304004669189453e+01 2.710035800933837891e+00 2.244355678558349609e+00 7.365178585052490234e+00 3.600086593627929688e+01 -7.742081284523010254e-01 7.220143318176269531e+00 -9.224332869052886963e-02 2.278175577521324158e-02 1.981383514404296875e+01
2.702898085117340088e-01 2.168202400207519531e+00 3.630913925170898438e+01 4.128748703002929688e+01 1.262445735931396484e+01 4.057911396026611328e+00 2.106195926666259766e+00 6.928023815155029297e+00 3.462113189697265625e+01 -4.024219810962677002e-01 6.757392406463623047e+00 -1.648689620196819305e-02 5.831179395318031311e-02 1.981383514404296875e+01
2.765615284442901611e-01 2.098917484283447266e+00 3.593249130249023438e+01 4.069644927978515625e+01 1.182423114776611328e+01 4.288450717926025391e+00 2.038858652114868164e+00 6.764183998107910156e+00 3.397910308837890625e+01 -5.932957530021667480e-01 6.504439353942871094e+00 -2.928834781050682068e-02 5.794429779052734375e-02 1.981383514404296875e+01
2.828698754310607910e-01 2.031974792480468750e+00 3.552915191650390625e+01 4.050597000122070312e+01 1.049208927154541016e+01 1.233096480369567871e+00 1.973672747611999512e+00 6.605317592620849609e+00 3.356605148315429688e+01 -7.624038457870483398e-01 6.402615070343017578e+00 -9.011272341012954712e-02 2.263032086193561554e-02 1.981383514404296875e+01
2.891486585140228271e-01 1.972057461738586426e+00 3.453448486328125000e+01 3.918790817260742188e+01 1.204309654235839844e+01 4.126477241516113281e+00 1.915343642234802246e+00 6.363860130310058594e+00 3.229283523559570312e+01 -5.829566121101379395e-01 6.063760280609130859e+00 -7.324089854955673218e-02 4.408539831638336182e-02 1.981383514404296875e+01
2.953523397445678711e-01 1.914246916770935059e+00 3.426889038085937500e+01 3.828474044799804688e+01 9.435712814331054688e+00 1.335241556167602539e+00 1.859142541885375977e+00 6.234790325164794922e+00 3.167283439636230469e+01 -7.753164172172546387e-01 5.891201496124267578e+00 -9.185077250003814697e-02 4.606127738952636719e-02 1.981383514404296875e+01
3.016075491905212402e-01 1.828659892082214355e+00 3.321012115478515625e+01 3.764049911499023438e+01 8.699745178222656250e+00 3.653714418411254883e+00 1.775950312614440918e+00 5.948631763458251953e+00 3.072263145446777344e+01 -1.192391872406005859e+00 5.629858970642089844e+00 -1.818985939025878906e-01 5.847663432359695435e-02 1.981383514404296875e+01
3.079382479190826416e-01 1.784483194351196289e+00 3.320618438720703125e+01 3.720794296264648438e+01 8.320899009704589844e+00 2.202775716781616211e+00 1.732971787452697754e+00 5.845534324645996094e+00 3.039600563049316406e+01 -1.146800994873046875e+00 5.450676441192626953e+00 -1.267310678958892822e-01 5.540769174695014954e-02 1.981383514404296875e+01
3.142760396003723145e-01 1.783416271209716797e+00 3.352372360229492188e+01 3.761335754394531250e+01 9.157996177673339844e+00 3.947573423385620117e+00 1.731851816177368164e+00 5.878585815429687500e+00 3.064020347595214844e+01 -1.141591787338256836e+00 5.476277828216552734e+00 -1.775119602680206299e-01 4.991737380623817444e-02 1.981383514404296875e+01
3.205462992191314697e-01 1.703795194625854492e+00 3.297521972656250000e+01 3.651057052612304688e+01 8.423680305480957031e+00 3.949579238891601562e+00 1.654474139213562012e+00 5.669982433319091797e+00 2.965603256225585938e+01 -1.207887411117553711e+00 5.221586227416992188e+00 -1.805426627397537231e-01 6.661631166934967041e-02 1.981383514404296875e+01
3.268128037452697754e-01 1.681775569915771484e+00 3.231766891479492188e+01 3.635791015625000000e+01 9.560024261474609375e+00 1.510527729988098145e+00 1.633051156997680664e+00 5.537353992462158203e+00 2.916561317443847656e+01 -1.083227396011352539e+00 5.121416568756103516e+00 -1.204069331288337708e-01 4.418680071830749512e-02 1.981383514404296875e+01
3.331238031387329102e-01 1.645416378974914551e+00 3.191006088256835938e+01 3.540582656860351562e+01 9.135477066040039062e+00 3.843576908111572266e+00 1.597728490829467773e+00 5.392894268035888672e+00 2.834416580200195312e+01 -1.131384968757629395e+00 4.914670467376708984e+00 -1.625999361276626587e-01 7.495903223752975464e-02 1.981383514404296875e+01
3.394046723842620850e-01 1.620038151741027832e+00 3.220410156250000000e+01 3.561606979370117188e+01 7.548137187957763672e+00 3.800008773803710938e+00 1.573065042495727539e+00 5.388307571411132812e+00 2.849728393554687500e+01 -1.471264004707336426e+00 4.864523410797119141e+00 -2.199412584304809570e-01 6.500381231307983398e-02 1.981383514404296875e+01
3.456391692161560059e-01 1.589312314987182617e+00 3.151638412475585938e+01 3.491144943237304688e+01 6.733820438385009766e+00 3.334210634231567383e+00 1.543184876441955566e+00 5.244466781616210938e+00 2.773206329345703125e+01 -1.620897412300109863e+00 4.705232620239257812e+00 -2.219734936952590942e-01 6.719662994146347046e-02 1.981383514404296875e+01
3.518808186054229736e-01 1.563242793083190918e+00 3.142014312744140625e+01 3.468563842773437500e+01 7.451589584350585938e+00 4.184908866882324219e+00 1.517755746841430664e+00 5.160038948059082031e+00 2.736235809326171875e+01 -1.506372690200805664e+00 4.589850902557373047e+00 -2.120281904935836792e-01 9.859289973974227905e-02 1.981383514404296875e+01
3.582032322883605957e-01 1.555388092994689941e+00 3.113077735900878906e+01 3.451575469970703125e+01 7.248487949371337891e+00 4.060468196868896484e+00 1.510162115097045898e+00 5.114839076995849609e+00 2.699154090881347656e+01 -1.701447248458862305e+00 4.524810314178466797e+00 -2.557911872863769531e-01 8.092390745878219604e-02 1.981383514404296875e+01
3.645117878913879395e-01 1.524533867835998535e+00 3.121621131896972656e+01 3.467760848999023438e+01 8.557338714599609375e+00 5.715195178985595703e+00 1.480046391487121582e+00 5.036828994750976562e+00 2.679480743408203125e+01 -1.590911149978637695e+00 4.426344871520996094e+00 -2.222498208284378052e-01 9.936089813709259033e-02 1.981383514404296875e+01
3.707640767097473145e-01 1.509428024291992188e+00 3.120352172851562500e+01 3.463581848144531250e+01 7.797502517700195312e+00 7.982987880706787109e+00 1.465389251708984375e+00 5.019815444946289062e+00 2.665923690795898438e+01 -1.735038161277770996e+00 4.375533103942871094e+00 -2.387648224830627441e-01 1.457002013921737671e-01 1.981383514404296875e+01
3.770540952682495117e-01 1.511961221694946289e+00 3.177108573913574219e+01 3.474031066894531250e+01 6.454009056091308594e+00 7.857690811157226562e+00 1.467806339263916016e+00 5.065818309783935547e+00 2.674218940734863281e+01 -2.060664892196655273e+00 4.334277153015136719e+00 -3.147039711475372314e-01 1.427033394575119019e-01 1.981383514404296875e+01
3.833588361740112305e-01 1.520906329154968262e+00 3.195996665954589844e+01 3.484611892700195312e+01 6.361093997955322266e+00 1.026759338378906250e+01 1.476480722427368164e+00 5.078186511993408203e+00 2.667929840087890625e+01 -2.221218347549438477e+00 4.338649749755859375e+00 -3.099828064441680908e-01 1.547274887561798096e-01 1.981383514404296875e+01
3.896513879299163818e-01 1.531847596168518066e+00 3.207233047485351562e+01 3.509350967407226562e+01 8.065105438232421875e+00 1.226379013061523438e+01 1.487019419670104980e+00 5.080003261566162109e+00 2.662426948547363281e+01 -2.046774387359619141e+00 4.334623336791992188e+00 -2.701984345912933350e-01 1.992046982049942017e-01 1.981383514404296875e+01
3.958770036697387695e-01 1.520173549652099609e+00 3.300194931030273438e+01 3.586502838134765625e+01 8.249450683593750000e+00 1.585387134552001953e+01 1.475724577903747559e+00 5.103164196014404297e+00 2.726619720458984375e+01 -2.123326301574707031e+00 4.318130016326904297e+00 -2.907026112079620361e-01 2.252976000308990479e-01 1.981383514404296875e+01
4.021010994911193848e-01 1.519857048988342285e+00 3.312138748168945312e+01 3.659912490844726562e+01 7.862307071685791016e+00 1.750287246704101562e+01 1.475387692451477051e+00 5.120943546295166016e+00 2.727330589294433594e+01 -2.484906435012817383e+00 4.308161735534667969e+00 -3.591783046722412109e-01 2.452881932258605957e-01 1.981383514404296875e+01
