# k, P_{cc}, P_{hh,r}, P_{hh,0}, P_{hh,2}, P_{hh,4}, P_{h0,hr}, P_{h2,hr}, P_{hc,r}, P_{hc,0}, P_{hc,2}, P_{hc,4}, P_pSN
#  Realization 108
8.018244989216327667e-03 3.437523269653320312e+01 2.739935607910156250e+02 3.219851074218750000e+02 -1.465754127502441406e+01 7.068011474609375000e+01 2.959464111328125000e+02 -1.400273227691650391e+01 9.484043884277343750e+01 1.023479919433593750e+02 -6.725449562072753906e+00 6.847588062286376953e+00 1.976468276977539062e+01
1.401655934751033783e-02 3.894917678833007812e+01 2.909687500000000000e+02 3.440270690917968750e+02 -5.749399948120117188e+01 -1.543177795410156250e+02 3.155140991210937500e+02 -1.911017036437988281e+01 1.034552536010742188e+02 1.127883834838867188e+02 -7.179163455963134766e+00 -6.233580589294433594e+00 1.976468276977539062e+01
1.969251595437526703e-02 3.879470825195312500e+01 2.874189147949218750e+02 3.423611145019531250e+02 3.693356513977050781e+00 3.519579315185546875e+01 3.125688476562500000e+02 -1.075399303436279297e+01 1.031227340698242188e+02 1.124671554565429688e+02 -4.112972259521484375e+00 1.200862288475036621e+00 1.976468276977539062e+01
2.551339380443096161e-02 3.220717620849609375e+01 2.508087463378906250e+02 2.998628845214843750e+02 6.452999114990234375e+01 1.070161247253417969e+01 2.731839294433593750e+02 1.590410709381103516e+00 8.714522552490234375e+01 9.549631500244140625e+01 1.192042469978332520e+00 1.600514173507690430e+00 1.976468276977539062e+01
3.202908113598823547e-02 3.602972412109375000e+01 2.694855957031250000e+02 3.333394165039062500e+02 2.218361968994140625e+02 4.994620513916015625e+01 2.984860534667968750e+02 2.805371856689453125e+01 9.577362060546875000e+01 1.065019226074218750e+02 9.914223670959472656e+00 1.234305262565612793e+00 1.976468276977539062e+01
3.846523538231849670e-02 2.802520370483398438e+01 2.121598052978515625e+02 2.601534729003906250e+02 1.218324050903320312e+02 -6.447150421142578125e+01 2.339087524414062500e+02 1.372458457946777344e+01 7.467343139648437500e+01 8.272305297851562500e+01 4.535101890563964844e+00 -2.494028568267822266e+00 1.976468276977539062e+01
4.443310573697090149e-02 2.493094253540039062e+01 2.010282287597656250e+02 2.428899841308593750e+02 7.949868774414062500e+01 -2.745497894287109375e+01 2.199092712402343750e+02 6.152761936187744141e+00 6.811418151855468750e+01 7.495829772949218750e+01 2.578816413879394531e+00 -1.022751450538635254e+00 1.976468276977539062e+01
5.042308941483497620e-02 1.921895027160644531e+01 1.558748626708984375e+02 1.867675476074218750e+02 9.988462066650390625e+01 -1.989048123359680176e-01 1.697465209960937500e+02 1.269010925292968750e+01 5.202835845947265625e+01 5.705547714233398438e+01 4.165029048919677734e+00 -4.307198524475097656e-01 1.976468276977539062e+01
5.690929666161537170e-02 1.838756752014160156e+01 1.525140380859375000e+02 1.828841400146484375e+02 6.003159332275390625e+01 -7.625702667236328125e+01 1.660217590332031250e+02 5.577015399932861328e+00 5.042448043823242188e+01 5.533247756958007812e+01 2.229712963104248047e+00 -2.564460277557373047e+00 1.976468276977539062e+01
6.341847032308578491e-02 1.706041336059570312e+01 1.440380249023437500e+02 1.729817657470703125e+02 7.158973693847656250e+01 5.663399887084960938e+01 1.567333679199218750e+02 6.579107284545898438e+00 4.707604217529296875e+01 5.154611968994140625e+01 2.183985471725463867e+00 1.650050163269042969e+00 1.976468276977539062e+01
6.949992477893829346e-02 1.556846427917480469e+01 1.328034362792968750e+02 1.608562469482421875e+02 9.262171936035156250e+01 3.173383903503417969e+01 1.450872955322265625e+02 1.143208122253417969e+01 4.280204391479492188e+01 4.703125381469726562e+01 3.639353036880493164e+00 7.116860747337341309e-01 1.976468276977539062e+01
7.558133453130722046e-02 1.508993625640869141e+01 1.269671478271484375e+02 1.493370666503906250e+02 4.491959762573242188e+01 -1.371971511840820312e+01 1.365810241699218750e+02 3.726619482040405273e+00 4.123758697509765625e+01 4.464231872558593750e+01 1.195853710174560547e+00 -6.969181299209594727e-01 1.976468276977539062e+01
8.196274191141128540e-02 1.282528972625732422e+01 1.168140792846679688e+02 1.376405181884765625e+02 4.080919265747070312e+01 3.407292175292968750e+01 1.256204223632812500e+02 2.750930786132812500e+00 3.594683074951171875e+01 3.889590454101562500e+01 1.062996149063110352e+00 8.633494377136230469e-01 1.976468276977539062e+01
8.830232173204421997e-02 1.127162933349609375e+01 1.007395629882812500e+02 1.205259704589843750e+02 3.501680374145507812e+01 5.959675312042236328e+00 1.088565139770507812e+02 1.813740372657775879e+00 3.115835571289062500e+01 3.399994277954101562e+01 8.142600655555725098e-01 1.954302489757537842e-01 1.976468276977539062e+01
9.435217082500457764e-02 1.031400012969970703e+01 9.397532653808593750e+01 1.121438980102539062e+02 3.778154754638671875e+01 2.189680480957031250e+01 1.012349853515625000e+02 2.671808719635009766e+00 2.863283538818359375e+01 3.114279556274414062e+01 1.042548894882202148e+00 5.362826585769653320e-01 1.976468276977539062e+01
1.005600690841674805e-01 9.086082458496093750e+00 8.622293090820312500e+01 1.033169021606445312e+02 3.693387603759765625e+01 -7.882759094238281250e+00 9.295021820068359375e+01 3.052552938461303711e+00 2.541904067993164062e+01 2.774475860595703125e+01 1.160105347633361816e+00 -2.408302724361419678e-01 1.976468276977539062e+01
1.070138886570930481e-01 8.053799629211425781e+00 7.837783050537109375e+01 9.311137390136718750e+01 3.531960296630859375e+01 1.231784820556640625e+01 8.385923767089843750e+01 2.773977756500244141e+00 2.271770286560058594e+01 2.453474044799804688e+01 7.812204360961914062e-01 2.579110562801361084e-01 1.976468276977539062e+01
1.134273484349250793e-01 7.780267238616943359e+00 7.597190856933593750e+01 9.004496002197265625e+01 3.099363708496093750e+01 1.548339128494262695e+00 8.106652069091796875e+01 2.305665969848632812e+00 2.187443161010742188e+01 2.360125160217285156e+01 7.040959596633911133e-01 8.886376768350601196e-02 1.976468276977539062e+01
1.196089535951614380e-01 7.377632141113281250e+00 7.519886016845703125e+01 8.905132293701171875e+01 2.980984878540039062e+01 6.874363422393798828e-01 8.012802886962890625e+01 2.210586071014404297e+00 2.106870079040527344e+01 2.269000816345214844e+01 5.848711133003234863e-01 -3.208645060658454895e-02 1.976468276977539062e+01
1.257804334163665771e-01 7.131484031677246094e+00 7.114720153808593750e+01 8.432418823242187500e+01 3.434873199462890625e+01 5.913849830627441406e+00 7.556500244140625000e+01 2.891736507415771484e+00 2.011877250671386719e+01 2.160182762145996094e+01 9.071287512779235840e-01 2.130725979804992676e-01 1.976468276977539062e+01
1.321490257978439331e-01 6.694708347320556641e+00 7.039634704589843750e+01 8.198515319824218750e+01 2.620744705200195312e+01 -6.161976337432861328e+00 7.406687164306640625e+01 1.870795249938964844e+00 1.925627708435058594e+01 2.039603614807128906e+01 5.257866382598876953e-01 -1.977999359369277954e-01 1.976468276977539062e+01
1.384563297033309937e-01 6.248295307159423828e+00 6.685820770263671875e+01 7.808991241455078125e+01 2.618936729431152344e+01 5.913895130157470703e+00 7.029718780517578125e+01 1.897359251976013184e+00 1.799107933044433594e+01 1.910581207275390625e+01 4.651750624179840088e-01 6.021794304251670837e-02 1.976468276977539062e+01
1.446497291326522827e-01 5.643367290496826172e+00 6.286510467529296875e+01 7.370040130615234375e+01 2.816039466857910156e+01 -4.688940048217773438e+00 6.597369384765625000e+01 1.996752262115478516e+00 1.649931716918945312e+01 1.754119110107421875e+01 6.724388599395751953e-01 -2.822273969650268555e-01 1.976468276977539062e+01
1.508535146713256836e-01 5.358154296875000000e+00 6.022722625732421875e+01 6.990179443359375000e+01 1.920116043090820312e+01 4.998734951019287109e+00 6.267997741699218750e+01 7.032368779182434082e-01 1.561625957489013672e+01 1.648296165466308594e+01 2.074695080518722534e-01 6.886673718690872192e-02 1.976468276977539062e+01
1.571729034185409546e-01 4.945904254913330078e+00 5.719851684570312500e+01 6.637997436523437500e+01 1.911542701721191406e+01 6.385224342346191406e+00 5.937294769287109375e+01 6.624236106872558594e-01 1.449432373046875000e+01 1.525536727905273438e+01 2.427261918783187866e-01 3.434162586927413940e-02 1.976468276977539062e+01
1.635417938232421875e-01 4.519482135772705078e+00 5.489965820312500000e+01 6.420726013183593750e+01 1.949448013305664062e+01 5.181339263916015625e+00 5.711500930786132812e+01 8.197452425956726074e-01 1.341771221160888672e+01 1.410050773620605469e+01 1.776176393032073975e-01 1.476825177669525146e-01 1.976468276977539062e+01
1.698256134986877441e-01 4.378928661346435547e+00 5.324815368652343750e+01 6.207577133178710938e+01 1.560742950439453125e+01 1.864256739616394043e+00 5.492897796630859375e+01 -4.883927106857299805e-02 1.305134391784667969e+01 1.366286468505859375e+01 3.151632472872734070e-02 -1.619936712086200714e-02 1.976468276977539062e+01
1.761013567447662354e-01 4.045229434967041016e+00 5.113302230834960938e+01 5.983639907836914062e+01 1.655332946777343750e+01 -3.522953033447265625e+00 5.281369781494140625e+01 3.762076199054718018e-01 1.218647480010986328e+01 1.274191284179687500e+01 1.629025787115097046e-01 -1.259788423776626587e-01 1.976468276977539062e+01
1.823998540639877319e-01 3.889335632324218750e+00 4.925590896606445312e+01 5.754631805419921875e+01 1.815000724792480469e+01 3.443794250488281250e+00 5.053245925903320312e+01 4.316527545452117920e-01 1.160532951354980469e+01 1.207489967346191406e+01 2.074003517627716064e-01 9.206552058458328247e-03 1.976468276977539062e+01
1.886507123708724976e-01 3.838194131851196289e+00 4.918774414062500000e+01 5.681020355224609375e+01 1.907612991333007812e+01 4.866581439971923828e+00 5.002644729614257812e+01 6.977192163467407227e-01 1.153397178649902344e+01 1.190492343902587891e+01 2.528926730155944824e-01 8.780896663665771484e-02 1.976468276977539062e+01
1.949081569910049438e-01 3.727481603622436523e+00 4.784783935546875000e+01 5.538032531738281250e+01 1.703181076049804688e+01 1.180688023567199707e+00 4.865167999267578125e+01 3.930565118789672852e-01 1.118500709533691406e+01 1.151054286956787109e+01 9.913408011198043823e-02 -2.286592498421669006e-02 1.976468276977539062e+01
2.011425346136093140e-01 3.487067461013793945e+00 4.715386962890625000e+01 5.418684768676757812e+01 1.505485916137695312e+01 4.847488880157470703e+00 4.750735855102539062e+01 6.168534234166145325e-02 1.069525527954101562e+01 1.091830062866210938e+01 8.205637335777282715e-02 3.858224675059318542e-02 1.976468276977539062e+01
2.073954045772552490e-01 3.300361871719360352e+00 4.569304656982421875e+01 5.291946792602539062e+01 1.632922172546386719e+01 2.233946323394775391e+00 4.603690719604492188e+01 1.702661216259002686e-01 1.020867538452148438e+01 1.046273994445800781e+01 1.105902343988418579e-01 6.742982659488916397e-03 1.976468276977539062e+01
2.137389332056045532e-01 3.096167087554931641e+00 4.406570434570312500e+01 5.069732284545898438e+01 1.301361751556396484e+01 2.280876159667968750e+00 4.410554504394531250e+01 -2.157024443149566650e-01 9.617683410644531250e+00 9.810889244079589844e+00 8.214712888002395630e-02 5.852709338068962097e-02 1.976468276977539062e+01
2.200330942869186401e-01 2.942909717559814453e+00 4.301115036010742188e+01 4.941383361816406250e+01 1.623175048828125000e+01 5.929655551910400391e+00 4.286121368408203125e+01 3.134784698486328125e-01 9.210019111633300781e+00 9.347290039062500000e+00 1.116502135992050171e-01 7.775387167930603027e-02 1.976468276977539062e+01
2.262930423021316528e-01 2.808925867080688477e+00 4.137433624267578125e+01 4.787723159790039062e+01 1.516673755645751953e+01 2.951852321624755859e+00 4.123634719848632812e+01 1.741178035736083984e-01 8.699346542358398438e+00 8.819761276245117188e+00 6.110453233122825623e-02 4.329996928572654724e-02 1.976468276977539062e+01
2.325985133647918701e-01 2.702840089797973633e+00 4.101455688476562500e+01 4.735891342163085938e+01 1.551032161712646484e+01 6.066220760345458984e+00 4.071300506591796875e+01 1.690609157085418701e-01 8.498299598693847656e+00 8.602141380310058594e+00 8.866036683320999146e-02 1.405763626098632812e-01 1.976468276977539062e+01
2.388891130685806274e-01 2.552198648452758789e+00 3.923736953735351562e+01 4.532883453369140625e+01 1.191858673095703125e+01 2.026048675179481506e-02 3.856492996215820312e+01 -5.643619894981384277e-01 8.015007019042968750e+00 8.020795822143554688e+00 -5.006242543458938599e-02 -6.218270212411880493e-02 1.976468276977539062e+01
2.451218813657760620e-01 2.456639528274536133e+00 3.813673400878906250e+01 4.366644287109375000e+01 1.390146255493164062e+01 3.255913496017456055e+00 3.715571212768554688e+01 -1.145677864551544189e-01 7.684057235717773438e+00 7.628180980682373047e+00 1.687570847570896149e-02 4.844761639833450317e-02 1.976468276977539062e+01
2.513737380504608154e-01 2.375989198684692383e+00 3.782132339477539062e+01 4.308958816528320312e+01 1.122664451599121094e+01 3.451290845870971680e+00 3.663659286499023438e+01 -5.551058650016784668e-01 7.523018360137939453e+00 7.445032119750976562e+00 -6.258229911327362061e-02 5.393629148602485657e-02 1.976468276977539062e+01
2.577070593833923340e-01 2.311737060546875000e+00 3.774398040771484375e+01 4.338378143310546875e+01 1.316358852386474609e+01 2.028330326080322266e+00 3.668707656860351562e+01 -3.391335904598236084e-01 7.375447750091552734e+00 7.307472229003906250e+00 -1.348667894490063190e-03 1.409401185810565948e-02 1.976468276977539062e+01
2.640204429626464844e-01 2.266191005706787109e+00 3.732172775268554688e+01 4.265277099609375000e+01 1.099875354766845703e+01 4.005892753601074219e+00 3.574240112304687500e+01 -8.224776387214660645e-01 7.270002365112304688e+00 7.075037479400634766e+00 -1.076699271798133850e-01 6.066344305872917175e-02 1.976468276977539062e+01
2.702898085117340088e-01 2.125903129577636719e+00 3.605356216430664062e+01 4.114604568481445312e+01 1.151552963256835938e+01 4.377853393554687500e+00 3.448821258544921875e+01 -5.849682688713073730e-01 6.879489898681640625e+00 6.681093692779541016e+00 -1.076674014329910278e-01 8.403836935758590698e-02 1.976468276977539062e+01
2.765615284442901611e-01 2.068053722381591797e+00 3.572901535034179688e+01 4.056816482543945312e+01 1.175683879852294922e+01 2.409412384033203125e+00 3.389271163940429688e+01 -5.410050749778747559e-01 6.726029872894287109e+00 6.516022682189941406e+00 -7.269351184368133545e-02 4.785294458270072937e-02 1.976468276977539062e+01
2.828698754310607910e-01 2.045634746551513672e+00 3.551585769653320312e+01 4.037778091430664062e+01 1.037599277496337891e+01 -6.889801025390625000e-01 3.353997802734375000e+01 -7.967472672462463379e-01 6.632013797760009766e+00 6.370209693908691406e+00 -9.418692439794540405e-02 -1.842997781932353973e-02 1.976468276977539062e+01
2.891486585140228271e-01 1.964517593383789062e+00 3.467813491821289062e+01 3.946820831298828125e+01 1.050897598266601562e+01 2.957369089126586914e+00 3.261555862426757812e+01 -8.445413708686828613e-01 6.395245552062988281e+00 6.122198581695556641e+00 -1.233684718608856201e-01 4.181004315614700317e-02 1.976468276977539062e+01
2.953523397445678711e-01 1.901920080184936523e+00 3.428641128540039062e+01 3.865962982177734375e+01 9.643567085266113281e+00 2.663944721221923828e+00 3.190912437438964844e+01 -9.032233357429504395e-01 6.214977264404296875e+00 5.878467559814453125e+00 -1.179318502545356750e-01 2.237739413976669312e-02 1.976468276977539062e+01
3.016075491905212402e-01 1.844855546951293945e+00 3.406097030639648438e+01 3.832152175903320312e+01 8.266868591308593750e+00 2.627803325653076172e+00 3.154901695251464844e+01 -1.118041515350341797e+00 6.071878433227539062e+00 5.750203609466552734e+00 -1.436045169830322266e-01 5.099081248044967651e-02 1.976468276977539062e+01
3.079382479190826416e-01 1.805717229843139648e+00 3.343786621093750000e+01 3.770680618286132812e+01 9.900737762451171875e+00 1.906710982322692871e+00 3.074918746948242188e+01 -9.352388978004455566e-01 5.934848785400390625e+00 5.580545425415039062e+00 -9.251028299331665039e-02 2.074066549539566040e-02 1.976468276977539062e+01
3.142760396003723145e-01 1.750770211219787598e+00 3.307602310180664062e+01 3.693344879150390625e+01 9.244393348693847656e+00 5.521177291870117188e+00 3.005999183654785156e+01 -1.123233199119567871e+00 5.779105186462402344e+00 5.358226299285888672e+00 -1.567502468824386597e-01 1.134982779622077942e-01 1.976468276977539062e+01
3.205462992191314697e-01 1.689039230346679688e+00 3.246360778808593750e+01 3.625565338134765625e+01 8.492453575134277344e+00 2.978425979614257812e+00 2.935056304931640625e+01 -1.168881297111511230e+00 5.587542533874511719e+00 5.144528865814208984e+00 -1.488399952650070190e-01 5.998238921165466309e-02 1.976468276977539062e+01
3.268128037452697754e-01 1.691314697265625000e+00 3.261653518676757812e+01 3.664069366455078125e+01 8.249773025512695312e+00 3.381531000137329102e+00 2.953732490539550781e+01 -1.264613509178161621e+00 5.613701820373535156e+00 5.187043190002441406e+00 -1.924701482057571411e-01 5.780763551592826843e-02 1.976468276977539062e+01
3.331238031387329102e-01 1.663729310035705566e+00 3.251667785644531250e+01 3.606566238403320312e+01 7.593686580657958984e+00 4.071377754211425781e+00 2.906561088562011719e+01 -1.402742266654968262e+00 5.524787902832031250e+00 5.011613845825195312e+00 -2.205658107995986938e-01 6.081537529826164246e-02 1.976468276977539062e+01
3.394046723842620850e-01 1.612378835678100586e+00 3.175758743286132812e+01 3.514531707763671875e+01 7.056414604187011719e+00 2.593475580215454102e+00 2.803412246704101562e+01 -1.510580778121948242e+00 5.349752426147460938e+00 4.825451374053955078e+00 -2.168927490711212158e-01 5.206418782472610474e-02 1.976468276977539062e+01
3.456391692161560059e-01 1.565622210502624512e+00 3.106738281250000000e+01 3.451143646240234375e+01 7.831290245056152344e+00 4.608094215393066406e+00 2.733078193664550781e+01 -1.441797494888305664e+00 5.164206504821777344e+00 4.638999462127685547e+00 -1.986123919486999512e-01 6.160676851868629456e-02 1.976468276977539062e+01
3.518808186054229736e-01 1.552703380584716797e+00 3.151677131652832031e+01 3.517138671875000000e+01 7.456723690032958984e+00 6.008404254913330078e+00 2.766717147827148438e+01 -1.636526584625244141e+00 5.181200027465820312e+00 4.625752449035644531e+00 -2.400124818086624146e-01 9.517215192317962646e-02 1.976468276977539062e+01
3.582032322883605957e-01 1.527260184288024902e+00 3.102628707885742188e+01 3.446009063720703125e+01 8.239574432373046875e+00 4.657995700836181641e+00 2.688912391662597656e+01 -1.514142990112304688e+00 5.080432891845703125e+00 4.482725143432617188e+00 -2.203835546970367432e-01 8.755861222743988037e-02 1.976468276977539062e+01
3.645117878913879395e-01 1.532551169395446777e+00 3.144795036315917969e+01 3.484161758422851562e+01 7.297941207885742188e+00 5.870643615722656250e+00 2.704811286926269531e+01 -1.840585112571716309e+00 5.123766899108886719e+00 4.502750873565673828e+00 -2.730242908000946045e-01 8.464837074279785156e-02 1.976468276977539062e+01
3.707640767097473145e-01 1.484647512435913086e+00 3.095369529724121094e+01 3.430667114257812500e+01 7.233588218688964844e+00 7.006234169006347656e+00 2.653024101257324219e+01 -1.794558882713317871e+00 4.958621501922607422e+00 4.315963268280029297e+00 -2.627758085727691650e-01 1.211020648479461670e-01 1.976468276977539062e+01
3.770540952682495117e-01 1.506454348564147949e+00 3.119621849060058594e+01 3.423845672607421875e+01 6.276350021362304688e+00 8.425362586975097656e+00 2.642857360839843750e+01 -2.080914020538330078e+00 4.994424343109130859e+00 4.325926780700683594e+00 -3.009079396724700928e-01 1.406732052564620972e-01 1.976468276977539062e+01
3.833588361740112305e-01 1.491730690002441406e+00 3.153314971923828125e+01 3.496068191528320312e+01 8.702696800231933594e+00 9.899384498596191406e+00 2.664566802978515625e+01 -1.816663265228271484e+00 4.973755359649658203e+00 4.297274589538574219e+00 -2.346466481685638428e-01 1.454614400863647461e-01 1.976468276977539062e+01
3.896513879299163818e-01 1.497002243995666504e+00 3.229933166503906250e+01 3.524327850341796875e+01 7.321923732757568359e+00 1.248264026641845703e+01 2.690354156494140625e+01 -2.194324493408203125e+00 5.049383163452148438e+00 4.285183429718017578e+00 -3.032491207122802734e-01 1.834143847227096558e-01 1.976468276977539062e+01
3.958770036697387695e-01 1.512656331062316895e+00 3.241781997680664062e+01 3.561886596679687500e+01 7.351566791534423828e+00 1.367780685424804688e+01 2.681406021118164062e+01 -2.345948457717895508e+00 5.088945865631103516e+00 4.282043457031250000e+00 -3.379397988319396973e-01 1.785660088062286377e-01 1.976468276977539062e+01
4.021010994911193848e-01 1.509230375289916992e+00 3.366633224487304688e+01 3.679612350463867188e+01 6.242245197296142578e+00 1.549616336822509766e+01 2.770787429809570312e+01 -2.608348369598388672e+00 5.163822174072265625e+00 4.357230186462402344e+00 -3.509535491466522217e-01 2.100623250007629395e-01 1.976468276977539062e+01
