# k, P_{cc}, P_{hh,r}, P_{hh,0}, P_{hh,2}, P_{hh,4}, P_{cm}, P_{hc,r}, P_{hc,0}, P_{hc,2}, P_{hc,4}, P_pSN
#  Realization 75
8.018244989216327667e-03 2.053567314147949219e+01 1.187593307495117188e+02 1.335948333740234375e+02 -1.343358001708984375e+02 9.983624267578125000e+01 2.043540763854980469e+01 4.637026596069335938e+01 1.254450836181640625e+02 -2.899251365661621094e+01 4.963058090209960938e+01 -1.102285099029541016e+01 4.544685363769531250e+00 1.979321098327636719e+01
1.401655934751033783e-02 3.346673202514648438e+01 2.738986206054687500e+02 3.277355651855468750e+02 5.599156951904296875e+01 -3.202931976318359375e+01 3.319651412963867188e+01 9.341555023193359375e+01 2.986539001464843750e+02 1.872255355119705200e-01 1.022954025268554688e+02 -4.359370470046997070e-01 -1.534248352050781250e+00 1.979321098327636719e+01
1.969251595437526703e-02 4.655834960937500000e+01 3.493120422363281250e+02 4.421009521484375000e+02 3.879276123046875000e+02 2.764796142578125000e+02 4.603422927856445312e+01 1.248353881835937500e+02 3.910839538574218750e+02 5.005683517456054688e+01 1.404630126953125000e+02 1.863871765136718750e+01 9.486989974975585938e+00 1.979321098327636719e+01
2.551339380443096161e-02 3.619493484497070312e+01 2.830926208496093750e+02 3.466242675781250000e+02 1.375195617675781250e+02 9.505529785156250000e+01 3.570491790771484375e+01 9.850315856933593750e+01 3.118518981933593750e+02 1.146489906311035156e+01 1.091939773559570312e+02 4.839591979980468750e+00 1.928707361221313477e+00 1.979321098327636719e+01
3.202908113598823547e-02 3.331393814086914062e+01 2.517645111083984375e+02 3.078681945800781250e+02 1.314180603027343750e+02 -5.885054397583007812e+01 3.279544067382812500e+01 8.848843383789062500e+01 2.772517700195312500e+02 1.327259922027587891e+01 9.791927337646484375e+01 4.276440620422363281e+00 -2.488978385925292969e+00 1.979321098327636719e+01
3.846523538231849670e-02 2.703794097900390625e+01 2.182932891845703125e+02 2.680750122070312500e+02 1.713978424072265625e+02 -6.171466445922851562e+01 2.657298088073730469e+01 7.429363250732421875e+01 2.409818725585937500e+02 2.280544471740722656e+01 8.246256256103515625e+01 7.914311408996582031e+00 -2.532081127166748047e+00 1.979321098327636719e+01
4.443310573697090149e-02 2.490726661682128906e+01 1.936395568847656250e+02 2.361763153076171875e+02 9.748664855957031250e+01 8.599305725097656250e+01 2.444346046447753906e+01 6.687941741943359375e+01 2.126322326660156250e+02 8.064677238464355469e+00 7.390904235839843750e+01 3.259579658508300781e+00 1.326195478439331055e+00 1.979321098327636719e+01
5.042308941483497620e-02 2.093484115600585938e+01 1.679040985107421875e+02 2.031210632324218750e+02 9.078360748291015625e+01 1.059900760650634766e+01 2.052068328857421875e+01 5.676852416992187500e+01 1.836495361328125000e+02 9.726726531982421875e+00 6.241215515136718750e+01 3.318706274032592773e+00 -1.279579848051071167e-01 1.979321098327636719e+01
5.690929666161537170e-02 1.800325584411621094e+01 1.470041656494140625e+02 1.780110321044921875e+02 7.183330535888671875e+01 -3.024128341674804688e+01 1.763051414489746094e+01 4.883810806274414062e+01 1.606838378906250000e+02 7.091803550720214844e+00 5.388665390014648438e+01 2.846135616302490234e+00 -9.788210988044738770e-01 1.979321098327636719e+01
6.341847032308578491e-02 1.724699211120605469e+01 1.416187438964843750e+02 1.713816833496093750e+02 7.834233856201171875e+01 4.921131896972656250e+01 1.687462043762207031e+01 4.663795852661132812e+01 1.545364837646484375e+02 7.618105888366699219e+00 5.141403579711914062e+01 3.047951221466064453e+00 1.533539533615112305e+00 1.979321098327636719e+01
6.949992477893829346e-02 1.567584705352783203e+01 1.319851989746093750e+02 1.588005523681640625e+02 5.782828140258789062e+01 1.928964233398437500e+01 1.532633876800537109e+01 4.279142761230468750e+01 1.435896759033203125e+02 4.892385005950927734e+00 4.689175796508789062e+01 1.524221777915954590e+00 5.042057037353515625e-01 1.979321098327636719e+01
7.558133453130722046e-02 1.476535701751708984e+01 1.275720520019531250e+02 1.517394409179687500e+02 4.809104156494140625e+01 2.271665382385253906e+01 1.442734050750732422e+01 4.080527496337890625e+01 1.378794250488281250e+02 3.592168331146240234e+00 4.437107086181640625e+01 1.259469389915466309e+00 7.047965526580810547e-01 1.979321098327636719e+01
8.196274191141128540e-02 1.350853252410888672e+01 1.181867446899414062e+02 1.410018005371093750e+02 5.517078018188476562e+01 9.378393173217773438e+00 1.319249916076660156e+01 3.744854354858398438e+01 1.278086395263671875e+02 5.015776157379150391e+00 4.079126358032226562e+01 1.951542735099792480e+00 1.464519649744033813e-01 1.979321098327636719e+01
8.830232173204421997e-02 1.203790569305419922e+01 1.091805496215820312e+02 1.292281341552734375e+02 3.743679046630859375e+01 7.761884212493896484e+00 1.174882888793945312e+01 3.362358856201171875e+01 1.174103164672851562e+02 2.375566959381103516e+00 3.641258239746093750e+01 7.809869050979614258e-01 1.574589163064956665e-01 1.979321098327636719e+01
9.435217082500457764e-02 1.019327831268310547e+01 9.642044067382812500e+01 1.145161666870117188e+02 3.618591690063476562e+01 4.512509107589721680e-01 9.945171356201171875e+00 2.886577796936035156e+01 1.036131057739257812e+02 2.633921623229980469e+00 3.123873138427734375e+01 7.900151610374450684e-01 -1.485513895750045776e-01 1.979321098327636719e+01
1.005600690841674805e-01 8.860367774963378906e+00 8.485059356689453125e+01 1.013253173828125000e+02 2.194474983215332031e+01 -1.211332035064697266e+01 8.641674995422363281e+00 2.483777618408203125e+01 9.120780181884765625e+01 1.181334629654884338e-01 2.695498657226562500e+01 1.519029140472412109e-01 -4.605864286422729492e-01 1.979321098327636719e+01
1.070138886570930481e-01 8.328346252441406250e+00 8.027909851074218750e+01 9.629287719726562500e+01 3.490450668334960938e+01 7.674187660217285156e+00 8.119003295898437500e+00 2.336346435546875000e+01 8.637305450439453125e+01 2.480849027633666992e+00 2.532740783691406250e+01 7.325506806373596191e-01 1.660020053386688232e-01 1.979321098327636719e+01
1.134273484349250793e-01 7.754934787750244141e+00 7.851874542236328125e+01 9.192705535888671875e+01 2.533467483520507812e+01 3.690415143966674805e+00 7.558054924011230469e+00 2.220319938659667969e+01 8.331607055664062500e+01 1.261932730674743652e+00 2.379472541809082031e+01 4.516795277595520020e-01 1.033477485179901123e-01 1.979321098327636719e+01
1.196089535951614380e-01 7.672748088836669922e+00 7.755855560302734375e+01 9.248847198486328125e+01 3.327971649169921875e+01 2.532662963867187500e+01 7.475475311279296875e+00 2.201115798950195312e+01 8.290634155273437500e+01 2.240036725997924805e+00 2.373772048950195312e+01 7.091483473777770996e-01 5.821769237518310547e-01 1.979321098327636719e+01
1.257804334163665771e-01 7.133330821990966797e+00 7.282196044921875000e+01 8.569592285156250000e+01 2.324766731262207031e+01 1.170941352844238281e+01 6.948358535766601562e+00 2.040589141845703125e+01 7.702339935302734375e+01 7.256824970245361328e-01 2.184056663513183594e+01 3.657467961311340332e-01 2.218101769685745239e-01 1.979321098327636719e+01
1.321490257978439331e-01 6.784853458404541016e+00 7.097718811035156250e+01 8.202458190917968750e+01 1.874054527282714844e+01 -8.934169769287109375e+00 6.607191085815429688e+00 1.959434890747070312e+01 7.433494567871093750e+01 4.794285595417022705e-01 2.073378562927246094e+01 3.197958469390869141e-01 -3.497283458709716797e-01 1.979321098327636719e+01
1.384563297033309937e-01 6.266079425811767578e+00 6.707936859130859375e+01 7.872093200683593750e+01 2.948054313659667969e+01 1.377565193176269531e+01 6.100417137145996094e+00 1.816461181640625000e+01 7.058480072021484375e+01 2.148819208145141602e+00 1.932707405090332031e+01 6.969525814056396484e-01 2.067521363496780396e-01 1.979321098327636719e+01
1.446497291326522827e-01 5.628746986389160156e+00 6.122465515136718750e+01 7.256823730468750000e+01 2.428850746154785156e+01 2.219811916351318359e+00 5.478787899017333984e+00 1.622639465332031250e+01 6.452904510498046875e+01 1.434713363647460938e+00 1.733073997497558594e+01 4.429887533187866211e-01 -4.459816589951515198e-02 1.979321098327636719e+01
1.508535146713256836e-01 5.347818851470947266e+00 6.177094268798828125e+01 7.309925842285156250e+01 2.273824310302734375e+01 -9.105013608932495117e-01 5.204406261444091797e+00 1.587165451049804688e+01 6.492403411865234375e+01 9.870505928993225098e-01 1.694055175781250000e+01 3.891917169094085693e-01 -5.936520919203758240e-02 1.979321098327636719e+01
1.571729034185409546e-01 4.872530937194824219e+00 5.691065597534179688e+01 6.707579803466796875e+01 1.903043365478515625e+01 2.505583047866821289e+00 4.741203784942626953e+00 1.444300651550292969e+01 5.941268539428710938e+01 3.928423523902893066e-01 1.527561187744140625e+01 2.076038271188735962e-01 -4.800903052091598511e-02 1.979321098327636719e+01
1.635417938232421875e-01 4.523784637451171875e+00 5.410093688964843750e+01 6.405748748779296875e+01 1.747772407531738281e+01 2.257930755615234375e+00 4.401220321655273438e+00 1.333466148376464844e+01 5.645041275024414062e+01 3.830356299877166748e-01 1.414402961730957031e+01 1.711767315864562988e-01 -1.405295543372631073e-02 1.979321098327636719e+01
1.698256134986877441e-01 4.277809143066406250e+00 5.280112075805664062e+01 6.183354187011718750e+01 1.798544120788574219e+01 4.362037658691406250e+00 4.161238670349121094e+00 1.277353191375732422e+01 5.467369079589843750e+01 4.005748927593231201e-01 1.342190361022949219e+01 1.923063695430755615e-01 3.119140490889549255e-02 1.979321098327636719e+01
1.761013567447662354e-01 4.061266422271728516e+00 5.006047439575195312e+01 5.795927047729492188e+01 1.768921470642089844e+01 -1.031584501266479492e+00 3.949996948242187500e+00 1.197478008270263672e+01 5.135231399536132812e+01 6.223246455192565918e-01 1.246810817718505859e+01 2.518360018730163574e-01 -3.164283558726310730e-02 1.979321098327636719e+01
1.823998540639877319e-01 3.831847429275512695e+00 4.898921966552734375e+01 5.699304962158203125e+01 1.758535003662109375e+01 3.972983360290527344e+00 3.726524829864501953e+00 1.150454807281494141e+01 5.031917190551757812e+01 6.326878666877746582e-01 1.202098178863525391e+01 2.239029258489608765e-01 5.098135769367218018e-02 1.979321098327636719e+01
1.886507123708724976e-01 3.718428611755371094e+00 4.822180557250976562e+01 5.596580123901367188e+01 1.756927108764648438e+01 3.912419557571411133e+00 3.615763187408447266e+00 1.124882602691650391e+01 4.918014144897460938e+01 4.922628402709960938e-01 1.169317722320556641e+01 2.456522136926651001e-01 5.486900731921195984e-02 1.979321098327636719e+01
1.949081569910049438e-01 3.480679273605346680e+00 4.562229537963867188e+01 5.252671813964843750e+01 1.585395145416259766e+01 4.487549304962158203e+00 3.384225130081176758e+00 1.044655895233154297e+01 4.606660842895507812e+01 3.620481491088867188e-01 1.072301101684570312e+01 7.559406757354736328e-02 4.106019064784049988e-02 1.979321098327636719e+01
2.011425346136093140e-01 3.399495840072631836e+00 4.579791259765625000e+01 5.278670883178710938e+01 1.497376918792724609e+01 -2.499174177646636963e-01 3.304840087890625000e+00 1.035940837860107422e+01 4.623373794555664062e+01 2.110616862773895264e-01 1.063960933685302734e+01 1.359044462442398071e-01 -1.782707124948501587e-02 1.979321098327636719e+01
2.073954045772552490e-01 3.308661460876464844e+00 4.468037414550781250e+01 5.203433609008789062e+01 1.470836639404296875e+01 5.835200786590576172e+00 3.216134786605834961e+00 1.006633663177490234e+01 4.515749740600585938e+01 -6.691649556159973145e-02 1.034879112243652344e+01 5.091898515820503235e-02 6.755270063877105713e-02 1.979321098327636719e+01
2.137389332056045532e-01 3.107744932174682617e+00 4.330439758300781250e+01 4.959645080566406250e+01 1.305008125305175781e+01 4.382173061370849609e+00 3.020785331726074219e+00 9.522929191589355469e+00 4.309580230712890625e+01 -2.707924246788024902e-01 9.632036209106445312e+00 2.235639467835426331e-02 1.003504768013954163e-01 1.979321098327636719e+01
2.200330942869186401e-01 2.884485960006713867e+00 4.140434646606445312e+01 4.767403411865234375e+01 1.454798412322998047e+01 2.662412405014038086e+00 2.803357124328613281e+00 8.838192939758300781e+00 4.108601379394531250e+01 -4.523272067308425903e-02 8.933439254760742188e+00 3.995668515563011169e-02 1.229401398450136185e-02 1.979321098327636719e+01
2.262930423021316528e-01 2.823348045349121094e+00 4.222704315185546875e+01 4.870139694213867188e+01 1.373393344879150391e+01 -4.284702539443969727e-01 2.743769645690917969e+00 8.872138977050781250e+00 4.190421295166015625e+01 -2.129976302385330200e-01 8.989871025085449219e+00 5.297434329986572266e-02 -4.359940066933631897e-02 1.979321098327636719e+01
2.325985133647918701e-01 2.679861545562744141e+00 4.058575057983398438e+01 4.667192459106445312e+01 1.324756526947021484e+01 5.900710105895996094e+00 2.604066133499145508e+00 8.413460731506347656e+00 3.997891616821289062e+01 -2.437081634998321533e-01 8.467103004455566406e+00 -2.429583482444286346e-02 7.047194242477416992e-02 1.979321098327636719e+01
2.388891130685806274e-01 2.603688716888427734e+00 4.020783996582031250e+01 4.587544250488281250e+01 1.169581127166748047e+01 6.979711651802062988e-01 2.529930591583251953e+00 8.264610290527343750e+00 3.936003494262695312e+01 -4.377095699310302734e-01 8.246109008789062500e+00 -4.452641680836677551e-02 9.420125745236873627e-03 1.979321098327636719e+01
2.451218813657760620e-01 2.512257575988769531e+00 3.856897735595703125e+01 4.427217483520507812e+01 1.125308609008789062e+01 1.386518836021423340e+00 2.440934896469116211e+00 7.886310577392578125e+00 3.754978561401367188e+01 -6.690272092819213867e-01 7.857807636260986328e+00 -6.331545859575271606e-02 8.701388724148273468e-03 1.979321098327636719e+01
2.513737380504608154e-01 2.416985273361206055e+00 3.795168685913085938e+01 4.350127029418945312e+01 1.344845104217529297e+01 1.593560338020324707e+00 2.348285913467407227e+00 7.641852378845214844e+00 3.681900787353515625e+01 -1.480067968368530273e-01 7.593599319458007812e+00 3.504172712564468384e-02 5.438090302050113678e-03 1.979321098327636719e+01
2.577070593833923340e-01 2.313905954360961914e+00 3.726658248901367188e+01 4.261315917968750000e+01 1.349738597869873047e+01 3.119373559951782227e+00 2.247996568679809570e+00 7.375061035156250000e+00 3.591943359375000000e+01 -1.924918293952941895e-01 7.280914306640625000e+00 1.160845998674631119e-02 3.055334463715553284e-02 1.979321098327636719e+01
2.640204429626464844e-01 2.247550487518310547e+00 3.724035644531250000e+01 4.214381408691406250e+01 1.178401374816894531e+01 4.530602455139160156e+00 2.183381557464599609e+00 7.199976921081542969e+00 3.554423141479492188e+01 -4.940087199211120605e-01 7.019555091857910156e+00 -3.362937271595001221e-02 9.607541561126708984e-02 1.979321098327636719e+01
2.702898085117340088e-01 2.157973051071166992e+00 3.634711456298828125e+01 4.147429275512695312e+01 1.118833255767822266e+01 1.831185460090637207e+00 2.096304893493652344e+00 6.931065082550048828e+00 3.470568084716796875e+01 -5.944239497184753418e-01 6.735792636871337891e+00 -4.972669109702110291e-02 4.041358828544616699e-02 1.979321098327636719e+01
2.765615284442901611e-01 2.093246221542358398e+00 3.572261047363281250e+01 4.059004592895507812e+01 1.197337055206298828e+01 5.076117515563964844e+00 2.033278703689575195e+00 6.739064216613769531e+00 3.381007766723632812e+01 -6.225222349166870117e-01 6.505123615264892578e+00 -4.158334061503410339e-02 8.561265468597412109e-02 1.979321098327636719e+01
2.828698754310607910e-01 2.009065628051757812e+00 3.491781234741210938e+01 3.922831344604492188e+01 1.035289859771728516e+01 2.110796213150024414e+00 1.951512336730957031e+00 6.487829208374023438e+00 3.263162612915039062e+01 -6.472581028938293457e-01 6.180313110351562500e+00 -5.329295247793197632e-02 1.568200625479221344e-02 1.979321098327636719e+01
2.891486585140228271e-01 1.952771544456481934e+00 3.441022109985351562e+01 3.937353134155273438e+01 1.179621791839599609e+01 4.201764106750488281e+00 1.896695494651794434e+00 6.323935508728027344e+00 3.223181915283203125e+01 -7.202414870262145996e-01 6.046697139739990234e+00 -7.674400508403778076e-02 6.319802254438400269e-02 1.979321098327636719e+01
2.953523397445678711e-01 1.879670619964599609e+00 3.416991043090820312e+01 3.891348648071289062e+01 9.715745925903320312e+00 4.259730339050292969e+00 1.825621128082275391e+00 6.175224304199218750e+00 3.179605293273925781e+01 -1.047706007957458496e+00 5.880928993225097656e+00 -1.310120224952697754e-01 6.436731666326522827e-02 1.979321098327636719e+01
3.016075491905212402e-01 1.852630496025085449e+00 3.438199996948242188e+01 3.847974395751953125e+01 9.980717658996582031e+00 4.615097999572753906e+00 1.799208641052246094e+00 6.124500274658203125e+00 3.169206809997558594e+01 -8.946597576141357422e-01 5.762336730957031250e+00 -1.084529832005500793e-01 6.904189288616180420e-02 1.979321098327636719e+01
3.079382479190826416e-01 1.797179460525512695e+00 3.410545730590820312e+01 3.818325424194335938e+01 8.392625808715820312e+00 3.053860425949096680e+00 1.745308041572570801e+00 6.007552623748779297e+00 3.128178787231445312e+01 -1.175501346588134766e+00 5.622394084930419922e+00 -1.504434794187545776e-01 5.084723979234695435e-02 1.979321098327636719e+01
3.142760396003723145e-01 1.738162398338317871e+00 3.280128479003906250e+01 3.664303970336914062e+01 1.002926349639892578e+01 2.324788808822631836e+00 1.687934875488281250e+00 5.750087261199951172e+00 2.967307090759277344e+01 -9.395084977149963379e-01 5.324829578399658203e+00 -1.077725961804389954e-01 3.606859594583511353e-02 1.979321098327636719e+01
3.205462992191314697e-01 1.709075331687927246e+00 3.263766479492187500e+01 3.691139602661132812e+01 9.054306030273437500e+00 2.340937376022338867e+00 1.659629583358764648e+00 5.631945133209228516e+00 2.963821792602539062e+01 -1.175632357597351074e+00 5.259590625762939453e+00 -1.517142206430435181e-01 5.451969057321548462e-02 1.979321098327636719e+01
3.268128037452697754e-01 1.670427560806274414e+00 3.228788375854492188e+01 3.610074615478515625e+01 8.589209556579589844e+00 3.824639081954956055e+00 1.622013211250305176e+00 5.513530254364013672e+00 2.893614006042480469e+01 -1.288095831871032715e+00 5.061072826385498047e+00 -1.794336885213851929e-01 8.223687112331390381e-02 1.979321098327636719e+01
3.331238031387329102e-01 1.628731608390808105e+00 3.164148902893066406e+01 3.544942092895507812e+01 8.397402763366699219e+00 3.915183782577514648e+00 1.581528902053833008e+00 5.354165077209472656e+00 2.818350410461425781e+01 -1.374994874000549316e+00 4.865206241607666016e+00 -2.027256190776824951e-01 6.730072200298309326e-02 1.979321098327636719e+01
3.394046723842620850e-01 1.599627971649169922e+00 3.176880645751953125e+01 3.576515960693359375e+01 8.532279968261718750e+00 3.165553808212280273e+00 1.553181648254394531e+00 5.319068908691406250e+00 2.819976043701171875e+01 -1.421283841133117676e+00 4.822616100311279297e+00 -2.131421715021133423e-01 6.414455175399780273e-02 1.979321098327636719e+01
3.456391692161560059e-01 1.582887649536132812e+00 3.143879318237304688e+01 3.502186965942382812e+01 8.138829231262207031e+00 4.012884140014648438e+00 1.536868929862976074e+00 5.277227401733398438e+00 2.764219093322753906e+01 -1.435260057449340820e+00 4.731354713439941406e+00 -2.159210890531539917e-01 6.908576935529708862e-02 1.979321098327636719e+01
3.518808186054229736e-01 1.557807326316833496e+00 3.141095542907714844e+01 3.462497711181640625e+01 7.587895393371582031e+00 5.009782791137695312e+00 1.512421488761901855e+00 5.199281692504882812e+00 2.720383262634277344e+01 -1.580338120460510254e+00 4.587300300598144531e+00 -2.284187078475952148e-01 9.788453578948974609e-02 1.979321098327636719e+01
3.582032322883605957e-01 1.542646765708923340e+00 3.129794311523437500e+01 3.444496917724609375e+01 7.225608348846435547e+00 4.708754062652587891e+00 1.497714042663574219e+00 5.129299163818359375e+00 2.694564247131347656e+01 -1.609467029571533203e+00 4.508250713348388672e+00 -2.371181100606918335e-01 7.268385589122772217e-02 1.979321098327636719e+01
3.645117878913879395e-01 1.504979968070983887e+00 3.081210136413574219e+01 3.385470962524414062e+01 6.929792881011962891e+00 5.165894508361816406e+00 1.461076259613037109e+00 4.990152359008789062e+00 2.628783035278320312e+01 -1.772173643112182617e+00 4.338072776794433594e+00 -2.663627862930297852e-01 6.270825117826461792e-02 1.979321098327636719e+01
3.707640767097473145e-01 1.503960728645324707e+00 3.114625167846679688e+01 3.468205642700195312e+01 7.874052047729492188e+00 7.777298450469970703e+00 1.460083723068237305e+00 5.001107215881347656e+00 2.660329055786132812e+01 -1.872647523880004883e+00 4.358763217926025391e+00 -2.499662041664123535e-01 1.146469339728355408e-01 1.979321098327636719e+01
3.770540952682495117e-01 1.499205946922302246e+00 3.145340728759765625e+01 3.455456542968750000e+01 6.428110599517822266e+00 7.971482276916503906e+00 1.455489635467529297e+00 5.013970375061035156e+00 2.653373718261718750e+01 -2.053484678268432617e+00 4.299059391021728516e+00 -3.124840557575225830e-01 1.112161576747894287e-01 1.979321098327636719e+01
3.833588361740112305e-01 1.495001673698425293e+00 3.144165611267089844e+01 3.450973510742187500e+01 7.044330596923828125e+00 1.073863315582275391e+01 1.451365709304809570e+00 5.001583576202392578e+00 2.634112739562988281e+01 -2.047915220260620117e+00 4.283854007720947266e+00 -2.819836139678955078e-01 1.737360805273056030e-01 1.979321098327636719e+01
3.896513879299163818e-01 1.509789586067199707e+00 3.204959869384765625e+01 3.533172607421875000e+01 7.940949916839599609e+00 1.442053222656250000e+01 1.465664029121398926e+00 5.080520153045654297e+00 2.668029022216796875e+01 -2.123656272888183594e+00 4.310267925262451172e+00 -2.966957688331604004e-01 2.303944081068038940e-01 1.979321098327636719e+01
3.958770036697387695e-01 1.514240860939025879e+00 3.287524414062500000e+01 3.613380813598632812e+01 8.062918663024902344e+00 1.601476669311523438e+01 1.469932794570922852e+00 5.097943305969238281e+00 2.712949371337890625e+01 -2.335499048233032227e+00 4.271045207977294922e+00 -3.217554092407226562e-01 1.937258690595626831e-01 1.979321098327636719e+01
4.021010994911193848e-01 1.527604818344116211e+00 3.354439544677734375e+01 3.672888183593750000e+01 8.835658073425292969e+00 1.647592163085937500e+01 1.482837796211242676e+00 5.191453456878662109e+00 2.761387252807617188e+01 -2.275575160980224609e+00 4.362814426422119141e+00 -3.334130346775054932e-01 2.209219336509704590e-01 1.979321098327636719e+01
