# k, P_{cc}, P_{hh,r}, P_{hh,0}, P_{hh,2}, P_{hh,4}, P_{cm}, P_{hc,r}, P_{hc,0}, P_{hc,2}, P_{hc,4}, P_pSN
#  Realization 48
8.018244989216327667e-03 4.939089965820312500e+01 3.793153381347656250e+02 4.635531921386718750e+02 7.796903228759765625e+01 -7.487006835937500000e+02 4.912573242187500000e+01 1.335540771484375000e+02 4.182485351562500000e+02 4.272704124450683594e+00 1.481233673095703125e+02 3.706287145614624023e+00 -2.544900321960449219e+01 1.987459182739257812e+01
1.401655934751033783e-02 3.815895462036132812e+01 2.813114624023437500e+02 3.425398559570312500e+02 1.234722366333007812e+02 4.987472534179687500e+01 3.783181762695312500e+01 1.017093811035156250e+02 3.093714294433593750e+02 1.070167350769042969e+01 1.116707000732421875e+02 1.084792137145996094e+00 1.701872706413269043e+00 1.987459182739257812e+01
1.969251595437526703e-02 3.449370574951171875e+01 2.525847930908203125e+02 3.107935791015625000e+02 1.343596801757812500e+02 1.090781326293945312e+02 3.410393905639648438e+01 9.102310943603515625e+01 2.789211730957031250e+02 1.183677864074707031e+01 1.011684570312500000e+02 5.277434349060058594e+00 3.050101041793823242e+00 1.987459182739257812e+01
2.551339380443096161e-02 3.252733230590820312e+01 2.506971282958984375e+02 3.051925964355468750e+02 1.206481628417968750e+02 3.924372100830078125e+01 3.209453582763671875e+01 8.752922058105468750e+01 2.754427490234375000e+02 1.076816558837890625e+01 9.683907318115234375e+01 4.787790775299072266e+00 1.886851906776428223e+00 1.987459182739257812e+01
3.202908113598823547e-02 3.188481903076171875e+01 2.388538970947265625e+02 2.901720275878906250e+02 1.068467712402343750e+02 -1.082216415405273438e+02 3.138962554931640625e+01 8.479987335205078125e+01 2.623015441894531250e+02 1.040403461456298828e+01 9.360979461669921875e+01 4.267897129058837891e+00 -3.707656383514404297e+00 1.987459182739257812e+01
3.846523538231849670e-02 2.694677162170410156e+01 2.102327117919921875e+02 2.551599884033203125e+02 9.517131042480468750e+01 2.452543067932128906e+01 2.648176002502441406e+01 7.271885681152343750e+01 2.304887084960937500e+02 8.008023262023925781e+00 8.025318908691406250e+01 3.460420846939086914e+00 6.799734830856323242e-01 1.987459182739257812e+01
4.443310573697090149e-02 2.449278259277343750e+01 1.921316070556640625e+02 2.329283447265625000e+02 1.276228942871093750e+02 6.114703750610351562e+01 2.403822326660156250e+01 6.562443542480468750e+01 2.105267486572265625e+02 1.501419639587402344e+01 7.236670684814453125e+01 5.259744644165039062e+00 1.880692243576049805e+00 1.987459182739257812e+01
5.042308941483497620e-02 2.132751274108886719e+01 1.715728302001953125e+02 2.092073364257812500e+02 1.152865524291992188e+02 3.361669540405273438e+01 2.090675926208496094e+01 5.787538528442382812e+01 1.883907165527343750e+02 1.353822422027587891e+01 6.395764923095703125e+01 4.435384273529052734e+00 6.441554427146911621e-01 1.987459182739257812e+01
5.690929666161537170e-02 1.843719482421875000e+01 1.533901062011718750e+02 1.843012542724609375e+02 6.774060821533203125e+01 -5.647931575775146484e+00 1.805472755432128906e+01 5.059509277343750000e+01 1.669949493408203125e+02 6.022447586059570312e+00 5.546778488159179688e+01 2.040178537368774414e+00 -2.789010405540466309e-01 1.987459182739257812e+01
6.341847032308578491e-02 1.725894546508789062e+01 1.420547180175781250e+02 1.690776519775390625e+02 5.035263442993164062e+01 2.410622787475585938e+01 1.688599586486816406e+01 4.684053802490234375e+01 1.538761138916015625e+02 3.318091392517089844e+00 5.101737594604492188e+01 9.253094792366027832e-01 5.243848562240600586e-01 1.987459182739257812e+01
6.949992477893829346e-02 1.608659553527832031e+01 1.326507568359375000e+02 1.606856079101562500e+02 6.332223892211914062e+01 1.001400279998779297e+01 1.572865390777587891e+01 4.347959518432617188e+01 1.447487335205078125e+02 5.343092918395996094e+00 4.776363372802734375e+01 1.850421547889709473e+00 4.897696375846862793e-01 1.987459182739257812e+01
7.558133453130722046e-02 1.456453418731689453e+01 1.260093536376953125e+02 1.499137115478515625e+02 4.550830459594726562e+01 -1.694540405273437500e+01 1.423095798492431641e+01 4.037693023681640625e+01 1.360836791992187500e+02 3.225841999053955078e+00 4.396409225463867188e+01 1.094652175903320312e+00 -7.094322443008422852e-01 1.987459182739257812e+01
8.196274191141128540e-02 1.248408794403076172e+01 1.104922561645507812e+02 1.311133422851562500e+02 5.595679855346679688e+01 1.389266109466552734e+01 1.219114971160888672e+01 3.453825378417968750e+01 1.191132278442382812e+02 5.789247989654541016e+00 3.750197982788085938e+01 1.976480364799499512e+00 3.665012717247009277e-01 1.987459182739257812e+01
8.830232173204421997e-02 1.181375122070312500e+01 1.099133834838867188e+02 1.316615600585937500e+02 4.941896057128906250e+01 -1.097902297973632812e+00 1.153076553344726562e+01 3.341170120239257812e+01 1.188880615234375000e+02 4.472836017608642578e+00 3.643602371215820312e+01 1.659669995307922363e+00 -9.879885613918304443e-02 1.987459182739257812e+01
9.435217082500457764e-02 1.010075283050537109e+01 9.353056335449218750e+01 1.113354339599609375e+02 3.877398300170898438e+01 4.422563171386718750e+01 9.854393959045410156e+00 2.813562393188476562e+01 1.006377487182617188e+02 2.745139837265014648e+00 3.051211547851562500e+01 7.810996770858764648e-01 1.229753255844116211e+00 1.987459182739257812e+01
1.005600690841674805e-01 9.143205642700195312e+00 8.683162689208984375e+01 1.030952529907226562e+02 3.379613113403320312e+01 1.832401752471923828e+00 8.916928291320800781e+00 2.564410209655761719e+01 9.316313171386718750e+01 2.695943117141723633e+00 2.768410301208496094e+01 7.447016239166259766e-01 6.096250563859939575e-02 1.987459182739257812e+01
1.070138886570930481e-01 8.516793251037597656e+00 8.400396728515625000e+01 9.919725799560546875e+01 3.983161163330078125e+01 1.720708084106445312e+01 8.303387641906738281e+00 2.419777297973632812e+01 8.969415283203125000e+01 3.655654668807983398e+00 2.612877273559570312e+01 1.209202527999877930e+00 4.310564994812011719e-01 1.987459182739257812e+01
1.134273484349250793e-01 7.682468891143798828e+00 7.730277252197265625e+01 9.099497985839843750e+01 2.373936462402343750e+01 -3.416132926940917969e+00 7.486964702606201172e+00 2.190836143493652344e+01 8.220774078369140625e+01 1.048191547393798828e+00 2.359184074401855469e+01 4.690842330455780029e-01 -1.076464578509330750e-01 1.987459182739257812e+01
1.196089535951614380e-01 7.698230266571044922e+00 7.655265045166015625e+01 9.158031463623046875e+01 3.199536323547363281e+01 1.976343393325805664e+00 7.500572204589843750e+00 2.180676651000976562e+01 8.185079956054687500e+01 2.185253381729125977e+00 2.358743667602539062e+01 8.912625908851623535e-01 2.953270822763442993e-02 1.987459182739257812e+01
1.257804334163665771e-01 7.397822380065917969e+00 7.557102966308593750e+01 8.969183349609375000e+01 3.208189010620117188e+01 -1.836535573005676270e+00 7.205800533294677734e+00 2.117908477783203125e+01 8.041483306884765625e+01 2.149674892425537109e+00 2.280611419677734375e+01 7.342111468315124512e-01 -5.561036989092826843e-02 1.987459182739257812e+01
1.321490257978439331e-01 6.535982608795166016e+00 6.888331604003906250e+01 8.145794677734375000e+01 3.230213546752929688e+01 6.176554203033447266e+00 6.364667415618896484e+00 1.878107833862304688e+01 7.300814056396484375e+01 2.712647676467895508e+00 2.008223342895507812e+01 9.020927548408508301e-01 1.320287138223648071e-01 1.987459182739257812e+01
1.384563297033309937e-01 6.354266166687011719e+00 6.815756988525390625e+01 7.955502319335937500e+01 2.822193527221679688e+01 8.110127449035644531e+00 6.186260223388671875e+00 1.844077301025390625e+01 7.161215972900390625e+01 2.051663875579833984e+00 1.956558799743652344e+01 6.584356427192687988e-01 1.505085974931716919e-01 1.987459182739257812e+01
1.446497291326522827e-01 5.720855712890625000e+00 6.359086990356445312e+01 7.383536529541015625e+01 1.932755851745605469e+01 3.109052896499633789e+00 5.568690776824951172e+00 1.662509536743164062e+01 6.637622070312500000e+01 5.708134770393371582e-01 1.752547264099121094e+01 2.433377802371978760e-01 -2.824062108993530273e-02 1.987459182739257812e+01
1.508535146713256836e-01 5.095124721527099609e+00 5.816256713867187500e+01 6.842465209960937500e+01 2.219205284118652344e+01 -3.552418351173400879e-01 4.958698749542236328e+00 1.487176418304443359e+01 6.089435195922851562e+01 1.165151834487915039e+00 1.581369018554687500e+01 5.036253333091735840e-01 -9.230568259954452515e-02 1.987459182739257812e+01
1.571729034185409546e-01 4.981836795806884766e+00 5.710323333740234375e+01 6.713706970214843750e+01 2.253117752075195312e+01 2.775921821594238281e+00 4.847615718841552734e+00 1.454115104675292969e+01 5.955895233154296875e+01 1.148525714874267578e+00 1.540315151214599609e+01 4.146747887134552002e-01 -3.190079703927040100e-02 1.987459182739257812e+01
1.635417938232421875e-01 4.505278587341308594e+00 5.252975463867187500e+01 6.174271011352539062e+01 1.866451072692871094e+01 1.275012135505676270e+00 4.383157730102539062e+00 1.311034107208251953e+01 5.464191436767578125e+01 6.127973794937133789e-01 1.382716751098632812e+01 1.965105384588241577e-01 6.431034300476312637e-03 1.987459182739257812e+01
1.698256134986877441e-01 4.242558002471923828e+00 5.142686080932617188e+01 6.100146484375000000e+01 1.896641349792480469e+01 3.233446836471557617e+00 4.126970767974853516e+00 1.250558853149414062e+01 5.351117324829101562e+01 5.283322930335998535e-01 1.322322654724121094e+01 2.307326048612594604e-01 2.629481442272663116e-02 1.987459182739257812e+01
1.761013567447662354e-01 4.093843460083007812e+00 5.087099456787109375e+01 5.937148666381835938e+01 1.712317466735839844e+01 -2.897668838500976562e+00 3.981856107711791992e+00 1.214586162567138672e+01 5.237234115600585938e+01 4.668961763381958008e-01 1.268794918060302734e+01 1.919845938682556152e-01 -1.135376095771789551e-01 1.987459182739257812e+01
1.823998540639877319e-01 3.938953876495361328e+00 4.935051345825195312e+01 5.721498489379882812e+01 1.296328067779541016e+01 2.875166416168212891e+00 3.830559968948364258e+00 1.173509693145751953e+01 5.044199371337890625e+01 -4.479157030582427979e-01 1.217180442810058594e+01 -8.759790658950805664e-02 -2.270993962883949280e-02 1.987459182739257812e+01
1.886507123708724976e-01 3.750583410263061523e+00 4.846119308471679688e+01 5.610785675048828125e+01 1.595846557617187500e+01 2.343076229095458984e+00 3.647047996520996094e+00 1.136447906494140625e+01 4.933050155639648438e+01 2.067305892705917358e-01 1.173586750030517578e+01 1.300565898418426514e-01 -5.878462688997387886e-04 1.987459182739257812e+01
1.949081569910049438e-01 3.617718935012817383e+00 4.781083679199218750e+01 5.587217330932617188e+01 1.630435752868652344e+01 4.321908473968505859e+00 3.517513036727905273e+00 1.094276332855224609e+01 4.880278396606445312e+01 1.523762494325637817e-01 1.132845306396484375e+01 9.325353056192398071e-02 6.766791641712188721e-02 1.987459182739257812e+01
2.011425346136093140e-01 3.481161594390869141e+00 4.730015182495117188e+01 5.442881011962890625e+01 1.354201221466064453e+01 2.305454730987548828e+00 3.384346008300781250e+00 1.064894676208496094e+01 4.766238021850585938e+01 -3.305209875106811523e-01 1.089984226226806641e+01 -7.603820413351058960e-03 3.152158111333847046e-02 1.987459182739257812e+01
2.073954045772552490e-01 3.317156314849853516e+00 4.539278030395507812e+01 5.262565994262695312e+01 1.577410697937011719e+01 8.639819025993347168e-01 3.224480867385864258e+00 1.013026905059814453e+01 4.573283004760742188e+01 2.278617173433303833e-01 1.035712718963623047e+01 1.141930744051933289e-01 1.959372311830520630e-03 1.987459182739257812e+01
2.137389332056045532e-01 3.112597942352294922e+00 4.387045288085937500e+01 5.113895797729492188e+01 1.645085334777832031e+01 3.483657598495483398e+00 3.025350809097290039e+00 9.572166442871093750e+00 4.417541885375976562e+01 2.713718116283416748e-01 9.796480178833007812e+00 1.364296823740005493e-01 5.354744568467140198e-02 1.987459182739257812e+01
2.200330942869186401e-01 2.927993059158325195e+00 4.180478668212890625e+01 4.830185699462890625e+01 1.145165443420410156e+01 1.853850722312927246e+00 2.845826625823974609e+00 9.020133972167968750e+00 4.163096618652343750e+01 -6.169760823249816895e-01 9.111877441406250000e+00 -8.590674400329589844e-02 -2.127441111952066422e-03 1.987459182739257812e+01
2.262930423021316528e-01 2.820415258407592773e+00 4.166088867187500000e+01 4.832329940795898438e+01 1.408529758453369141e+01 4.274751186370849609e+00 2.740979194641113281e+00 8.757185935974121094e+00 4.137310791015625000e+01 -1.197365894913673401e-01 8.879936218261718750e+00 3.562172502279281616e-02 6.590065360069274902e-02 1.987459182739257812e+01
2.325985133647918701e-01 2.665726184844970703e+00 4.071915817260742188e+01 4.700679016113281250e+01 1.344929027557373047e+01 4.634541988372802734e+00 2.590496301651000977e+00 8.423097610473632812e+00 4.019875335693359375e+01 -3.329706788063049316e-01 8.487032890319824219e+00 3.047523321583867073e-03 4.820400848984718323e-02 1.987459182739257812e+01
2.388891130685806274e-01 2.640835523605346680e+00 4.049567031860351562e+01 4.621840286254882812e+01 1.042846775054931641e+01 -2.822486460208892822e-01 2.566147804260253906e+00 8.314407348632812500e+00 3.966853332519531250e+01 -6.272801160812377930e-01 8.310598373413085938e+00 -7.280842959880828857e-02 -2.215096540749073029e-02 1.987459182739257812e+01
2.451218813657760620e-01 2.496575832366943359e+00 3.920339202880859375e+01 4.456454467773437500e+01 1.120308494567871094e+01 1.816130161285400391e+00 2.425850629806518555e+00 7.919561862945556641e+00 3.810259246826171875e+01 -5.558684468269348145e-01 7.818405628204345703e+00 -6.621068716049194336e-02 2.601919695734977722e-02 1.987459182739257812e+01
2.513737380504608154e-01 2.366998672485351562e+00 3.755801391601562500e+01 4.289326477050781250e+01 1.135827064514160156e+01 2.194656610488891602e+00 2.299704074859619141e+00 7.454132080078125000e+00 3.624797058105468750e+01 -6.246556639671325684e-01 7.305159091949462891e+00 -8.653595298528671265e-02 2.477004937827587128e-02 1.987459182739257812e+01
2.577070593833923340e-01 2.299915075302124023e+00 3.747581863403320312e+01 4.256203460693359375e+01 1.065410804748535156e+01 1.103569626808166504e+00 2.234259366989135742e+00 7.339572906494140625e+00 3.596865844726562500e+01 -5.962735414505004883e-01 7.208312511444091797e+00 -3.775380551815032959e-02 1.272245589643716812e-02 1.987459182739257812e+01
2.640204429626464844e-01 2.235263824462890625e+00 3.706895065307617188e+01 4.264865875244140625e+01 1.168806076049804688e+01 2.246647119522094727e+00 2.171396970748901367e+00 7.167870998382568359e+00 3.563274765014648438e+01 -6.783989071846008301e-01 7.047758579254150391e+00 -8.385188877582550049e-02 2.059076912701129913e-02 1.987459182739257812e+01
2.702898085117340088e-01 2.146914243698120117e+00 3.622722625732421875e+01 4.145705795288085938e+01 1.217186164855957031e+01 1.996271491050720215e+00 2.085532665252685547e+00 6.912679672241210938e+00 3.453102111816406250e+01 -4.751244187355041504e-01 6.739843368530273438e+00 -4.882616549730300903e-02 4.356694966554641724e-02 1.987459182739257812e+01
2.765615284442901611e-01 2.092822313308715820e+00 3.583592987060546875e+01 4.046287536621093750e+01 9.333025932312011719e+00 1.996424674987792969e+00 2.032803297042846680e+00 6.780767917633056641e+00 3.374416732788085938e+01 -9.603972434997558594e-01 6.497035026550292969e+00 -1.537049114704132080e-01 6.589083373546600342e-02 1.987459182739257812e+01
2.828698754310607910e-01 2.000946283340454102e+00 3.533750915527343750e+01 3.940240097045898438e+01 9.248074531555175781e+00 5.072016716003417969e-01 1.943502426147460938e+00 6.530206680297851562e+00 3.295618438720703125e+01 -8.097218275070190430e-01 6.199556350708007812e+00 -1.039925292134284973e-01 1.085164211690425873e-02 1.987459182739257812e+01
2.891486585140228271e-01 1.954345345497131348e+00 3.499058151245117188e+01 3.970856475830078125e+01 1.081014251708984375e+01 3.806218862533569336e+00 1.898156523704528809e+00 6.426563262939453125e+00 3.277759170532226562e+01 -7.652119398117065430e-01 6.149453163146972656e+00 -1.113999858498573303e-01 9.708797186613082886e-02 1.987459182739257812e+01
2.953523397445678711e-01 1.886474251747131348e+00 3.381619644165039062e+01 3.826728439331054688e+01 1.060167694091796875e+01 2.681978940963745117e+00 1.832183480262756348e+00 6.157511711120605469e+00 3.137846565246582031e+01 -7.493770122528076172e-01 5.856140613555908203e+00 -8.981407433748245239e-02 6.705847382545471191e-02 1.987459182739257812e+01
3.016075491905212402e-01 1.868726730346679688e+00 3.405613327026367188e+01 3.848912048339843750e+01 8.836351394653320312e+00 2.148504257202148438e+00 1.814873456954956055e+00 6.134244441986083984e+00 3.146355628967285156e+01 -1.158081769943237305e+00 5.790760517120361328e+00 -1.826471984386444092e-01 5.463754013180732727e-02 1.987459182739257812e+01
3.079382479190826416e-01 1.833082318305969238e+00 3.370298004150390625e+01 3.821481323242187500e+01 1.058063602447509766e+01 3.804204463958740234e+00 1.780147194862365723e+00 6.031927585601806641e+00 3.108044433593750000e+01 -9.156730771064758301e-01 5.668174266815185547e+00 -1.202206611633300781e-01 6.793213635683059692e-02 1.987459182739257812e+01
3.142760396003723145e-01 1.748004436492919922e+00 3.277655792236328125e+01 3.693696594238281250e+01 8.826806068420410156e+00 1.156550526618957520e+00 1.697473526000976562e+00 5.731616497039794922e+00 2.981872177124023438e+01 -1.154329299926757812e+00 5.314907550811767578e+00 -1.798954010009765625e-01 2.181199193000793457e-02 1.987459182739257812e+01
3.205462992191314697e-01 1.725965619087219238e+00 3.289831924438476562e+01 3.662157440185546875e+01 9.164460182189941406e+00 2.942217588424682617e+00 1.676054954528808594e+00 5.712280273437500000e+00 2.956179237365722656e+01 -1.126909732818603516e+00 5.222856521606445312e+00 -1.634452342987060547e-01 7.266948372125625610e-02 1.987459182739257812e+01
3.268128037452697754e-01 1.671807765960693359e+00 3.228257369995117188e+01 3.609273529052734375e+01 7.986884117126464844e+00 3.000634431838989258e+00 1.623385548591613770e+00 5.528061389923095703e+00 2.893341064453125000e+01 -1.415397286415100098e+00 5.065272331237792969e+00 -2.174199223518371582e-01 4.811192303895950317e-02 1.987459182739257812e+01
3.331238031387329102e-01 1.666954278945922852e+00 3.206888580322265625e+01 3.576462936401367188e+01 7.776888370513916016e+00 2.341986179351806641e+00 1.618605494499206543e+00 5.486812591552734375e+00 2.854196357727050781e+01 -1.428650259971618652e+00 4.988195419311523438e+00 -2.201838642358779907e-01 5.127887800335884094e-02 1.987459182739257812e+01
3.394046723842620850e-01 1.608779430389404297e+00 3.177051734924316406e+01 3.564912033081054688e+01 8.802425384521484375e+00 4.250242233276367188e+00 1.562059521675109863e+00 5.340647697448730469e+00 2.814824485778808594e+01 -1.407525658607482910e+00 4.843333721160888672e+00 -2.080601304769515991e-01 6.453886628150939941e-02 1.987459182739257812e+01
3.456391692161560059e-01 1.598679304122924805e+00 3.146909523010253906e+01 3.497122573852539062e+01 7.365417480468750000e+00 5.136798381805419922e+00 1.552171587944030762e+00 5.270046710968017578e+00 2.751721763610839844e+01 -1.601454496383666992e+00 4.706948757171630859e+00 -2.418081462383270264e-01 9.516531974077224731e-02 1.987459182739257812e+01
3.518808186054229736e-01 1.554618000984191895e+00 3.146929359436035156e+01 3.491609191894531250e+01 8.499265670776367188e+00 5.548106193542480469e+00 1.509312987327575684e+00 5.184272289276123047e+00 2.741388702392578125e+01 -1.437755346298217773e+00 4.597626686096191406e+00 -2.143621444702148438e-01 7.649339735507965088e-02 1.987459182739257812e+01
3.582032322883605957e-01 1.527365565299987793e+00 3.100890159606933594e+01 3.435942459106445312e+01 7.156239509582519531e+00 3.161379337310791016e+00 1.482856988906860352e+00 5.067572593688964844e+00 2.676364707946777344e+01 -1.648645162582397461e+00 4.451744556427001953e+00 -2.349530309438705444e-01 7.323303073644638062e-02 1.987459182739257812e+01
3.645117878913879395e-01 1.526263236999511719e+00 3.118797111511230469e+01 3.433859252929687500e+01 6.931389331817626953e+00 4.235492706298828125e+00 1.481762051582336426e+00 5.071812152862548828e+00 2.660354232788085938e+01 -1.784441947937011719e+00 4.425679683685302734e+00 -2.546555995941162109e-01 6.710490584373474121e-02 1.987459182739257812e+01
3.707640767097473145e-01 1.501750349998474121e+00 3.092073631286621094e+01 3.424193572998046875e+01 7.715796470642089844e+00 6.923081398010253906e+00 1.457986712455749512e+00 4.977790832519531250e+00 2.620642089843750000e+01 -1.853299975395202637e+00 4.304993152618408203e+00 -2.713633179664611816e-01 1.136011406779289246e-01 1.987459182739257812e+01
3.770540952682495117e-01 1.492146492004394531e+00 3.129802322387695312e+01 3.431648254394531250e+01 7.563765525817871094e+00 7.991736412048339844e+00 1.448615193367004395e+00 4.973817348480224609e+00 2.617995452880859375e+01 -1.865364432334899902e+00 4.229074954986572266e+00 -2.910873591899871826e-01 1.164025217294692993e-01 1.987459182739257812e+01
3.833588361740112305e-01 1.518180966377258301e+00 3.231073379516601562e+01 3.549563980102539062e+01 7.762064456939697266e+00 1.047582721710205078e+01 1.473734021186828613e+00 5.118701457977294922e+00 2.713885307312011719e+01 -1.973884224891662598e+00 4.384506225585937500e+00 -2.771906256675720215e-01 1.769299060106277466e-01 1.987459182739257812e+01
3.896513879299163818e-01 1.487067580223083496e+00 3.187666511535644531e+01 3.512464523315429688e+01 7.393973827362060547e+00 1.402714920043945312e+01 1.443569064140319824e+00 4.958985328674316406e+00 2.646662139892578125e+01 -2.261534690856933594e+00 4.202567100524902344e+00 -3.315537273883819580e-01 1.924056857824325562e-01 1.987459182739257812e+01
3.958770036697387695e-01 1.516360759735107422e+00 3.251485824584960938e+01 3.562063980102539062e+01 7.701928615570068359e+00 1.466046237945556641e+01 1.471973896026611328e+00 5.085186481475830078e+00 2.682298851013183594e+01 -2.265604257583618164e+00 4.272167682647705078e+00 -2.969253957271575928e-01 1.966153383255004883e-01 1.987459182739257812e+01
4.021010994911193848e-01 1.530223727226257324e+00 3.334020614624023438e+01 3.671190261840820312e+01 8.166335105895996094e+00 1.539280319213867188e+01 1.485416650772094727e+00 5.164755344390869141e+00 2.731206703186035156e+01 -2.477490186691284180e+00 4.324106693267822266e+00 -3.504735529422760010e-01 2.097649723291397095e-01 1.987459182739257812e+01
