# k, P_{cc}, P_{hh,r}, P_{hh,0}, P_{hh,2}, P_{hh,4}, P_{cm}, P_{hc,r}, P_{hc,0}, P_{hc,2}, P_{hc,4}, P_pSN
#  Realization 158
8.018244989216327667e-03 2.081228637695312500e+01 1.346475372314453125e+02 1.745643310546875000e+02 2.133618927001953125e+02 1.178653335571289062e+02 2.070250701904296875e+01 4.849674224853515625e+01 1.527174224853515625e+02 3.155416297912597656e+01 5.551819229125976562e+01 1.026889610290527344e+01 3.200511932373046875e-01 1.980702018737792969e+01
1.401655934751033783e-02 5.620935440063476562e+01 3.994534606933593750e+02 4.704026794433593750e+02 -1.419735107421875000e+02 5.718416213989257812e+01 5.573363494873046875e+01 1.472287902832031250e+02 4.316570739746093750e+02 -4.260192489624023438e+01 1.602070617675781250e+02 -1.268432044982910156e+01 4.257965087890625000e+00 1.980702018737792969e+01
1.969251595437526703e-02 4.807288742065429688e+01 3.769494018554687500e+02 4.541709594726562500e+02 1.118380355834960938e+02 3.707928771972656250e+02 4.752810668945312500e+01 1.321015930175781250e+02 4.119999694824218750e+02 1.576619029045104980e+00 1.449892730712890625e+02 1.683502078056335449e+00 1.251149177551269531e+01 1.980702018737792969e+01
2.551339380443096161e-02 4.178919601440429688e+01 2.981882019042968750e+02 3.687304992675781250e+02 1.984968872070312500e+02 5.468632507324218750e+01 4.122480392456054688e+01 1.089818801879882812e+02 3.302381591796875000e+02 2.207332420349121094e+01 1.211994934082031250e+02 8.496057510375976562e+00 1.667371273040771484e+00 1.980702018737792969e+01
3.202908113598823547e-02 2.975854682922363281e+01 2.217133178710937500e+02 2.656885070800781250e+02 3.752691650390625000e+01 1.399768161773681641e+01 2.929471015930175781e+01 7.869387817382812500e+01 2.416837921142578125e+02 -2.118104934692382812e+00 8.628334045410156250e+01 -4.478385150432586670e-01 6.099498867988586426e-01 1.980702018737792969e+01
3.846523538231849670e-02 2.850282096862792969e+01 2.171232757568359375e+02 2.695502014160156250e+02 1.633775329589843750e+02 1.075362930297851562e+02 2.800865936279296875e+01 7.629881286621093750e+01 2.406522369384765625e+02 1.868640136718750000e+01 8.499610900878906250e+01 6.629933357238769531e+00 2.787054538726806641e+00 1.980702018737792969e+01
4.443310573697090149e-02 2.594914245605468750e+01 1.933226165771484375e+02 2.327935485839843750e+02 6.689816284179687500e+01 5.766996383666992188e+01 2.546724700927734375e+01 6.841606903076171875e+01 2.110586395263671875e+02 3.720237255096435547e+00 7.493245697021484375e+01 6.629039645195007324e-01 1.899344801902770996e+00 1.980702018737792969e+01
5.042308941483497620e-02 2.200584983825683594e+01 1.743529663085937500e+02 2.101242523193359375e+02 8.549034118652343750e+01 4.448884487152099609e+00 2.157205963134765625e+01 5.947720336914062500e+01 1.903493041992187500e+02 8.103035926818847656e+00 6.511215209960937500e+01 2.301956892013549805e+00 6.358149647712707520e-01 1.980702018737792969e+01
5.690929666161537170e-02 1.927614402770996094e+01 1.552041168212890625e+02 1.879075622558593750e+02 8.361611175537109375e+01 -4.077922439575195312e+01 1.887722587585449219e+01 5.202614974975585938e+01 1.697261962890625000e+02 9.230640411376953125e+00 5.728250503540039062e+01 3.330461978912353516e+00 -1.615425467491149902e+00 1.980702018737792969e+01
6.341847032308578491e-02 1.682718276977539062e+01 1.405392608642578125e+02 1.671665496826171875e+02 5.193327331542968750e+01 6.855281829833984375e+00 1.646561813354492188e+01 4.605012512207031250e+01 1.522150573730468750e+02 4.138982772827148438e+00 5.019870376586914062e+01 1.303442358970642090e+00 5.414057895541191101e-02 1.980702018737792969e+01
6.949992477893829346e-02 1.622016525268554688e+01 1.344525451660156250e+02 1.605861968994140625e+02 5.519794845581054688e+01 9.484279900789260864e-02 1.585836887359619141e+01 4.404285049438476562e+01 1.456745452880859375e+02 4.487172603607177734e+00 4.809642410278320312e+01 1.973218083381652832e+00 -5.197670310735702515e-02 1.980702018737792969e+01
7.558133453130722046e-02 1.492903709411621094e+01 1.269264526367187500e+02 1.498639526367187500e+02 3.724389648437500000e+01 -2.343413591384887695e+00 1.458698368072509766e+01 4.087441253662109375e+01 1.366504821777343750e+02 1.890324831008911133e+00 4.429534912109375000e+01 6.087092757225036621e-01 -1.213108524680137634e-01 1.980702018737792969e+01
8.196274191141128540e-02 1.314071369171142578e+01 1.178874664306640625e+02 1.411756896972656250e+02 4.911754226684570312e+01 -5.527295470237731934e-01 1.283268928527832031e+01 3.686443710327148438e+01 1.276498947143554688e+02 3.989506244659423828e+00 4.024985122680664062e+01 1.638633608818054199e+00 -1.047763824462890625e-01 1.980702018737792969e+01
8.830232173204421997e-02 1.133826541900634766e+01 1.005794448852539062e+02 1.206635818481445312e+02 4.836993026733398438e+01 9.044652938842773438e+00 1.106698608398437500e+01 3.122580909729003906e+01 1.087992935180664062e+02 4.311356544494628906e+00 3.403699874877929688e+01 1.287787199020385742e+00 1.172389984130859375e-01 1.980702018737792969e+01
9.435217082500457764e-02 1.009741020202636719e+01 9.363775634765625000e+01 1.110291671752929688e+02 3.439892196655273438e+01 -2.221654415130615234e+00 9.851818084716796875e+00 2.816320800781250000e+01 1.005649261474609375e+02 2.471577167510986328e+00 3.044221687316894531e+01 8.329846262931823730e-01 -1.401516646146774292e-01 1.980702018737792969e+01
1.005600690841674805e-01 9.057944297790527344e+00 8.398309326171875000e+01 9.917855072021484375e+01 2.602634811401367188e+01 -8.330255508422851562e+00 8.833581924438476562e+00 2.499004936218261719e+01 8.969851684570312500e+01 1.269971966743469238e+00 2.694476127624511719e+01 5.441455245018005371e-01 -3.653067946434020996e-01 1.980702018737792969e+01
1.070138886570930481e-01 8.374022483825683594e+00 8.155773925781250000e+01 9.661863708496093750e+01 2.735832595825195312e+01 7.789974689483642578e+00 8.163563728332519531e+00 2.357007598876953125e+01 8.714710998535156250e+01 1.422283172607421875e+00 2.539665412902832031e+01 5.412529706954956055e-01 9.679267555475234985e-02 1.980702018737792969e+01
1.134273484349250793e-01 7.621118545532226562e+00 7.487277221679687500e+01 8.868885040283203125e+01 3.433538818359375000e+01 1.432826042175292969e+01 7.427426338195800781e+00 2.141921806335449219e+01 7.980878448486328125e+01 2.934786081314086914e+00 2.311029243469238281e+01 1.211681723594665527e+00 3.118035793304443359e-01 1.980702018737792969e+01
1.196089535951614380e-01 7.737548828125000000e+00 7.797154998779296875e+01 9.296913909912109375e+01 3.712384414672851562e+01 1.147982501983642578e+01 7.538697242736816406e+00 2.214481925964355469e+01 8.324248504638671875e+01 2.924522161483764648e+00 2.390781021118164062e+01 8.572793006896972656e-01 2.591588199138641357e-01 1.980702018737792969e+01
1.257804334163665771e-01 7.105811595916748047e+00 7.287918090820312500e+01 8.497524261474609375e+01 1.961110877990722656e+01 7.296899318695068359e+00 6.920954704284667969e+00 2.036067581176757812e+01 7.678863525390625000e+01 5.026548504829406738e-01 2.163594627380371094e+01 2.385207414627075195e-01 1.556789129972457886e-01 1.980702018737792969e+01
1.321490257978439331e-01 6.665757656097412109e+00 6.990486907958984375e+01 8.180089569091796875e+01 2.420728492736816406e+01 4.188822269439697266e+00 6.491012573242187500e+00 1.919882965087890625e+01 7.363258361816406250e+01 1.079769253730773926e+00 2.047191810607910156e+01 4.703936278820037842e-01 9.614070504903793335e-02 1.980702018737792969e+01
1.384563297033309937e-01 6.537131786346435547e+00 7.084404754638671875e+01 8.343804168701171875e+01 2.970844650268554688e+01 1.294881534576416016e+01 6.364509582519531250e+00 1.910278511047363281e+01 7.478627014160156250e+01 2.031245708465576172e+00 2.032990074157714844e+01 6.456519961357116699e-01 2.555818855762481689e-01 1.980702018737792969e+01
1.446497291326522827e-01 5.905719757080078125e+00 6.521994781494140625e+01 7.622605895996093750e+01 2.576622009277343750e+01 1.719350934028625488e+00 5.748612403869628906e+00 1.724934387207031250e+01 6.824227142333984375e+01 1.824313879013061523e+00 1.828092956542968750e+01 6.084569692611694336e-01 2.950458042323589325e-02 1.980702018737792969e+01
1.508535146713256836e-01 5.420888900756835938e+00 6.002634048461914062e+01 7.035414886474609375e+01 2.161065292358398438e+01 4.410209655761718750e+00 5.275515556335449219e+00 1.567841815948486328e+01 6.266905593872070312e+01 9.061309099197387695e-01 1.654565811157226562e+01 3.296376764774322510e-01 7.970824837684631348e-02 1.980702018737792969e+01
1.571729034185409546e-01 4.840738296508789062e+00 5.584420394897460938e+01 6.586874389648437500e+01 2.372216033935546875e+01 8.072795867919921875e+00 4.710222244262695312e+00 1.412994956970214844e+01 5.833716583251953125e+01 1.387072801589965820e+00 1.490775871276855469e+01 4.338302314281463623e-01 1.717707216739654541e-01 1.980702018737792969e+01
1.635417938232421875e-01 4.488398075103759766e+00 5.387519454956054688e+01 6.330150604248046875e+01 2.103060722351074219e+01 1.071582984924316406e+01 4.366652965545654297e+00 1.325259208679199219e+01 5.587946319580078125e+01 9.583705067634582520e-01 1.394086265563964844e+01 2.954131364822387695e-01 1.883025169372558594e-01 1.980702018737792969e+01
1.698256134986877441e-01 4.375836849212646484e+00 5.370639038085937500e+01 6.305570983886718750e+01 1.803319931030273438e+01 3.757910966873168945e+00 4.256629943847656250e+00 1.308851528167724609e+01 5.561155319213867188e+01 3.039948046207427979e-01 1.375136852264404297e+01 1.473572701215744019e-01 4.882783070206642151e-02 1.980702018737792969e+01
1.761013567447662354e-01 4.271150112152099609e+00 5.308423995971679688e+01 6.196416473388671875e+01 2.098272323608398438e+01 1.808877468109130859e+00 4.154065608978271484e+00 1.284808540344238281e+01 5.471865463256835938e+01 1.049226164817810059e+00 1.348421573638916016e+01 3.649522662162780762e-01 1.884075999259948730e-02 1.980702018737792969e+01
1.823998540639877319e-01 3.931758642196655273e+00 4.938412857055664062e+01 5.705403518676757812e+01 1.964496612548828125e+01 5.753431320190429688e+00 3.823712110519409180e+00 1.172853946685791016e+01 5.033159255981445312e+01 8.520807027816772461e-01 1.216141510009765625e+01 3.014219105243682861e-01 5.504630506038665771e-02 1.980702018737792969e+01
1.886507123708724976e-01 3.852705717086791992e+00 4.915377807617187500e+01 5.698438644409179688e+01 1.607881164550781250e+01 8.693964004516601562e+00 3.746218442916870117e+00 1.161051273345947266e+01 4.996921157836914062e+01 3.597588837146759033e-02 1.196763515472412109e+01 4.892909526824951172e-02 2.201854586601257324e-01 1.980702018737792969e+01
1.949081569910049438e-01 3.659617185592651367e+00 4.749888610839843750e+01 5.525280761718750000e+01 1.642267417907714844e+01 6.244953870773315430e-01 3.558119535446166992e+00 1.102069854736328125e+01 4.820033645629882812e+01 2.513832151889801025e-01 1.132819080352783203e+01 5.822360888123512268e-02 -4.844721034169197083e-02 1.980702018737792969e+01
2.011425346136093140e-01 3.483438253402709961e+00 4.625884246826171875e+01 5.332466888427734375e+01 1.893481636047363281e+01 8.546634674072265625e+00 3.386423587799072266e+00 1.055444812774658203e+01 4.661473083496093750e+01 6.645514369010925293e-01 1.078947830200195312e+01 1.773498654365539551e-01 1.653457731008529663e-01 1.980702018737792969e+01
2.073954045772552490e-01 3.262193918228149414e+00 4.530104827880859375e+01 5.247314453125000000e+01 1.554064559936523438e+01 -3.492074906826019287e-01 3.171104907989501953e+00 1.002961635589599609e+01 4.550486373901367188e+01 -6.343071907758712769e-02 1.024656391143798828e+01 5.079478397965431213e-02 -7.744828611612319946e-02 1.980702018737792969e+01
2.137389332056045532e-01 3.102957725524902344e+00 4.372069168090820312e+01 5.056107330322265625e+01 1.448961353302001953e+01 4.250036716461181641e+00 3.016115903854370117e+00 9.579530715942382812e+00 4.368852615356445312e+01 -6.486228853464126587e-02 9.710486412048339844e+00 6.828913092613220215e-02 6.965132057666778564e-02 1.980702018737792969e+01
2.200330942869186401e-01 2.936798095703125000e+00 4.254796981811523438e+01 4.872149276733398438e+01 1.314486694335937500e+01 3.465035438537597656e+00 2.854336500167846680e+00 9.153102874755859375e+00 4.212819671630859375e+01 -2.422403246164321899e-01 9.239977836608886719e+00 6.204303726553916931e-02 4.334327578544616699e-02 1.980702018737792969e+01
2.262930423021316528e-01 2.842299461364746094e+00 4.122976684570312500e+01 4.776060104370117188e+01 1.460841083526611328e+01 5.018205165863037109e+00 2.762139081954956055e+00 8.770589828491210938e+00 4.082527160644531250e+01 -1.623706519603729248e-01 8.840727806091308594e+00 4.399704560637474060e-02 7.645060122013092041e-02 1.980702018737792969e+01
2.325985133647918701e-01 2.678621530532836914e+00 4.068155670166015625e+01 4.653144454956054688e+01 1.482228851318359375e+01 1.519217729568481445e+00 2.602859258651733398e+00 8.405902862548828125e+00 3.995286178588867188e+01 1.586164534091949463e-01 8.367937088012695312e+00 6.766844540834426880e-02 -5.768885370343923569e-03 1.980702018737792969e+01
2.388891130685806274e-01 2.546786785125732422e+00 3.944695663452148438e+01 4.523554992675781250e+01 1.336575984954833984e+01 1.857809066772460938e+00 2.474684953689575195e+00 8.023137092590332031e+00 3.850180816650390625e+01 -2.628585994243621826e-01 7.947768688201904297e+00 8.655352517962455750e-03 1.876371353864669800e-02 1.980702018737792969e+01
2.451218813657760620e-01 2.485815525054931641e+00 3.878316879272460938e+01 4.465068054199218750e+01 1.238793277740478516e+01 4.135459423065185547e+00 2.415291309356689453e+00 7.809709072113037109e+00 3.775234603881835938e+01 -4.945781230926513672e-01 7.765893459320068359e+00 -4.090506583452224731e-02 6.040268763899803162e-02 1.980702018737792969e+01
2.513737380504608154e-01 2.442104578018188477e+00 3.831081771850585938e+01 4.414663696289062500e+01 1.395937919616699219e+01 5.192592144012451172e+00 2.372678995132446289e+00 7.705739021301269531e+00 3.721358108520507812e+01 -2.772240936756134033e-01 7.646805763244628906e+00 -1.054503861814737320e-02 5.312670767307281494e-02 1.980702018737792969e+01
2.577070593833923340e-01 2.390975236892700195e+00 3.836017227172851562e+01 4.341669845581054688e+01 1.078637027740478516e+01 1.751365780830383301e+00 2.322832107543945312e+00 7.659052848815917969e+00 3.677926254272460938e+01 -7.028777003288269043e-01 7.453397274017333984e+00 -8.911857753992080688e-02 1.541423145681619644e-02 1.980702018737792969e+01
2.640204429626464844e-01 2.238366127014160156e+00 3.698173141479492188e+01 4.234828567504882812e+01 1.284737014770507812e+01 3.051973104476928711e+00 2.174383401870727539e+00 7.160737991333007812e+00 3.545431137084960938e+01 -2.980267107486724854e-01 6.959430694580078125e+00 -3.859195858240127563e-02 5.633274465799331665e-02 1.980702018737792969e+01
2.702898085117340088e-01 2.194624662399291992e+00 3.648220825195312500e+01 4.113066482543945312e+01 9.796304702758789062e+00 4.165613174438476562e+00 2.131830215454101562e+00 7.032022953033447266e+00 3.441713333129882812e+01 -9.454209804534912109e-01 6.810179710388183594e+00 -9.930070489645004272e-02 8.134190738201141357e-02 1.980702018737792969e+01
2.765615284442901611e-01 2.133767366409301758e+00 3.635738754272460938e+01 4.125116729736328125e+01 1.094657039642333984e+01 5.039366722106933594e+00 2.072619676589965820e+00 6.891517639160156250e+00 3.429295730590820312e+01 -7.805858254432678223e-01 6.625038146972656250e+00 -9.148057550191879272e-02 1.000708714127540588e-01 1.980702018737792969e+01
2.828698754310607910e-01 2.022902727127075195e+00 3.562810897827148438e+01 4.073857116699218750e+01 1.207404327392578125e+01 2.703553199768066406e+00 1.964840292930603027e+00 6.589376449584960938e+00 3.348617172241210938e+01 -7.256596088409423828e-01 6.319679260253906250e+00 -9.179487824440002441e-02 3.764986246824264526e-02 1.980702018737792969e+01
2.891486585140228271e-01 1.972036719322204590e+00 3.475819778442382812e+01 3.969138336181640625e+01 1.185634803771972656e+01 4.041361808776855469e+00 1.915386557579040527e+00 6.385912418365478516e+00 3.255346298217773438e+01 -7.021028399467468262e-01 6.110327720642089844e+00 -5.360044538974761963e-02 6.415265798568725586e-02 1.980702018737792969e+01
2.953523397445678711e-01 1.900681138038635254e+00 3.433328628540039062e+01 3.888282775878906250e+01 9.242782592773437500e+00 3.208098411560058594e-01 1.846000432968139648e+00 6.250758647918701172e+00 3.175722885131835938e+01 -1.105201125144958496e+00 5.849298954010009766e+00 -1.898624598979949951e-01 -7.146691787056624889e-04 1.980702018737792969e+01
3.016075491905212402e-01 1.852640748023986816e+00 3.377069473266601562e+01 3.821447372436523438e+01 9.047451972961425781e+00 5.322016716003417969e+00 1.799212455749511719e+00 6.069507598876953125e+00 3.113629531860351562e+01 -1.184092164039611816e+00 5.712830543518066406e+00 -1.519068330526351929e-01 8.971054106950759888e-02 1.980702018737792969e+01
3.079382479190826416e-01 1.788017272949218750e+00 3.302265167236328125e+01 3.757557678222656250e+01 9.821038246154785156e+00 2.519900083541870117e+00 1.736387848854064941e+00 5.840865612030029297e+00 3.015142631530761719e+01 -1.159366369247436523e+00 5.451706886291503906e+00 -1.438144892454147339e-01 4.913444072008132935e-02 1.980702018737792969e+01
3.142760396003723145e-01 1.774332284927368164e+00 3.321097946166992188e+01 3.707239151000976562e+01 8.314848899841308594e+00 2.080348730087280273e+00 1.722970724105834961e+00 5.852398872375488281e+00 3.006139945983886719e+01 -1.217991232872009277e+00 5.397996425628662109e+00 -1.684475988149642944e-01 5.636665970087051392e-02 1.980702018737792969e+01
3.205462992191314697e-01 1.741212129592895508e+00 3.239677429199218750e+01 3.646092987060546875e+01 9.120650291442871094e+00 4.366044044494628906e+00 1.690805673599243164e+00 5.702320098876953125e+00 2.922973060607910156e+01 -1.195510029792785645e+00 5.250275135040283203e+00 -1.473730057477951050e-01 9.291221946477890015e-02 1.980702018737792969e+01
3.268128037452697754e-01 1.710469007492065430e+00 3.276410293579101562e+01 3.672911071777343750e+01 8.675019264221191406e+00 3.752413511276245117e+00 1.660940170288085938e+00 5.644773006439208984e+00 2.925627517700195312e+01 -1.422050595283508301e+00 5.130223751068115234e+00 -2.104134559631347656e-01 5.881072953343391418e-02 1.980702018737792969e+01
3.331238031387329102e-01 1.660063862800598145e+00 3.203741836547851562e+01 3.585668182373046875e+01 8.471944808959960938e+00 4.261283397674560547e+00 1.611977219581604004e+00 5.492970466613769531e+00 2.837895965576171875e+01 -1.490273833274841309e+00 4.974686622619628906e+00 -2.117016315460205078e-01 8.342672139406204224e-02 1.980702018737792969e+01
3.394046723842620850e-01 1.628168940544128418e+00 3.189873123168945312e+01 3.555072402954101562e+01 8.018039703369140625e+00 2.760097503662109375e+00 1.580910801887512207e+00 5.390695095062255859e+00 2.803403472900390625e+01 -1.554331421852111816e+00 4.851351261138916016e+00 -2.162170857191085815e-01 7.081768661737442017e-02 1.980702018737792969e+01
3.456391692161560059e-01 1.597452402114868164e+00 3.147688674926757812e+01 3.481914138793945312e+01 7.077360630035400391e+00 4.227993011474609375e+00 1.551007747650146484e+00 5.285665035247802734e+00 2.743388748168945312e+01 -1.608202815055847168e+00 4.683267593383789062e+00 -2.480269819498062134e-01 6.911845505237579346e-02 1.980702018737792969e+01
3.518808186054229736e-01 1.564018845558166504e+00 3.154689025878906250e+01 3.528636550903320312e+01 8.091288566589355469e+00 5.305636405944824219e+00 1.518527984619140625e+00 5.193854808807373047e+00 2.748300743103027344e+01 -1.628147125244140625e+00 4.637581825256347656e+00 -2.021698802709579468e-01 1.162342801690101624e-01 1.980702018737792969e+01
3.582032322883605957e-01 1.544219017028808594e+00 3.119635963439941406e+01 3.464857864379882812e+01 8.618695259094238281e+00 6.411846637725830078e+00 1.499239683151245117e+00 5.129279136657714844e+00 2.678469276428222656e+01 -1.553569674491882324e+00 4.486907958984375000e+00 -2.193925529718399048e-01 9.591584652662277222e-02 1.980702018737792969e+01
3.645117878913879395e-01 1.529470324516296387e+00 3.124522399902343750e+01 3.462529754638671875e+01 7.000805377960205078e+00 5.327795505523681641e+00 1.484865069389343262e+00 5.075018405914306641e+00 2.660804176330566406e+01 -1.881372332572937012e+00 4.416389465332031250e+00 -2.855075001716613770e-01 9.607709199190139771e-02 1.980702018737792969e+01
3.707640767097473145e-01 1.527739405632019043e+00 3.103141212463378906e+01 3.426386642456054688e+01 8.203454971313476562e+00 8.692122459411621094e+00 1.483181834220886230e+00 5.061930656433105469e+00 2.621725273132324219e+01 -1.768035292625427246e+00 4.354275703430175781e+00 -2.500635981559753418e-01 1.436852961778640747e-01 1.980702018737792969e+01
3.770540952682495117e-01 1.494431376457214355e+00 3.110498428344726562e+01 3.424881362915039062e+01 6.988892555236816406e+00 9.211730957031250000e+00 1.450787305831909180e+00 4.965460777282714844e+00 2.601831626892089844e+01 -2.016139507293701172e+00 4.233528614044189453e+00 -2.941450178623199463e-01 1.626904159784317017e-01 1.980702018737792969e+01
3.833588361740112305e-01 1.501163959503173828e+00 3.170941925048828125e+01 3.470623397827148438e+01 7.539048194885253906e+00 1.100772666931152344e+01 1.457310795783996582e+00 5.019440650939941406e+00 2.628726577758789062e+01 -2.127595663070678711e+00 4.253118038177490234e+00 -2.892272472381591797e-01 1.679558306932449341e-01 1.980702018737792969e+01
3.896513879299163818e-01 1.499567866325378418e+00 3.165309143066406250e+01 3.487268447875976562e+01 8.262956619262695312e+00 1.357053089141845703e+01 1.455686211585998535e+00 4.987913608551025391e+00 2.619888496398925781e+01 -2.125339269638061523e+00 4.216866970062255859e+00 -3.068055510520935059e-01 2.054617702960968018e-01 1.980702018737792969e+01
3.958770036697387695e-01 1.553927421569824219e+00 3.312234878540039062e+01 3.602945327758789062e+01 7.314080715179443359e+00 1.437605667114257812e+01 1.508435845375061035e+00 5.252679824829101562e+00 2.702412033081054688e+01 -2.462541580200195312e+00 4.380575180053710938e+00 -3.654614686965942383e-01 2.069350033998489380e-01 1.980702018737792969e+01
4.021010994911193848e-01 1.543532371520996094e+00 3.363316726684570312e+01 3.672286987304687500e+01 6.465103149414062500e+00 1.685172653198242188e+01 1.498345971107482910e+00 5.226933479309082031e+00 2.736533927917480469e+01 -2.690021753311157227e+00 4.343759536743164062e+00 -3.690623342990875244e-01 2.589760422706604004e-01 1.980702018737792969e+01
