# k, P_{cc}, P_{hh,r}, P_{hh,0}, P_{hh,2}, P_{hh,4}, P_{cm}, P_{hc,r}, P_{hc,0}, P_{hc,2}, P_{hc,4}, P_pSN
#  Realization 97
8.018244989216327667e-03 2.848026084899902344e+01 2.075998840332031250e+02 2.614797363281250000e+02 1.421253662109375000e+02 2.581768493652343750e+02 2.833033561706542969e+01 7.286061096191406250e+01 2.315986480712890625e+02 1.283384323120117188e+01 8.305950927734375000e+01 9.332022666931152344e+00 5.494144439697265625e+00 1.978019905090332031e+01
1.401655934751033783e-02 3.731996154785156250e+01 2.854678039550781250e+02 3.340024108886718750e+02 -9.333483886718750000e+01 6.815164184570312500e+01 3.700145339965820312e+01 1.009661407470703125e+02 3.077032470703125000e+02 -2.787734603881835938e+01 1.095078735351562500e+02 -8.708095550537109375e+00 2.554867029190063477e+00 1.978019905090332031e+01
1.969251595437526703e-02 3.849911117553710938e+01 2.986651306152343750e+02 3.676290893554687500e+02 1.714424133300781250e+02 -5.895674514770507812e+01 3.807194519042968750e+01 1.041011734008789062e+02 3.299986572265625000e+02 1.793363761901855469e+01 1.157615509033203125e+02 6.840312004089355469e+00 -1.167938828468322754e+00 1.978019905090332031e+01
2.551339380443096161e-02 4.036231613159179688e+01 3.155681762695312500e+02 3.872719116210937500e+02 1.842113494873046875e+02 -3.393146057128906250e+02 3.981818008422851562e+01 1.108649673461914062e+02 3.485735778808593750e+02 2.290611839294433594e+01 1.224849472045898438e+02 6.640766620635986328e+00 -1.102666664123535156e+01 1.978019905090332031e+01
3.202908113598823547e-02 3.477017593383789062e+01 2.739472656250000000e+02 3.364031982421875000e+02 1.800633544921875000e+02 1.126212158203125000e+02 3.422681427001953125e+01 9.504041290283203125e+01 3.021088256835937500e+02 1.895238113403320312e+01 1.053057403564453125e+02 7.344213008880615234e+00 4.019237518310546875e+00 1.978019905090332031e+01
3.846523538231849670e-02 2.452986526489257812e+01 1.918717651367187500e+02 2.330263977050781250e+02 7.508695220947265625e+01 -6.811304473876953125e+01 2.410471153259277344e+01 6.597071838378906250e+01 2.104868927001953125e+02 5.955430030822753906e+00 7.280004119873046875e+01 2.447755575180053711e+00 -2.857688903808593750e+00 1.978019905090332031e+01
4.443310573697090149e-02 2.087938880920410156e+01 1.634809722900390625e+02 1.972476959228515625e+02 5.848292922973632812e+01 2.835496902465820312e+01 2.049027633666992188e+01 5.588543319702148438e+01 1.786312713623046875e+02 3.689176797866821289e+00 6.154932022094726562e+01 1.612446665763854980e+00 1.286485910415649414e+00 1.978019905090332031e+01
5.042308941483497620e-02 1.986009216308593750e+01 1.564514465332031250e+02 1.885917205810546875e+02 6.628809356689453125e+01 -2.360960197448730469e+01 1.946860504150390625e+01 5.327590560913085938e+01 1.708034057617187500e+02 6.010235309600830078e+00 5.867838668823242188e+01 2.323281049728393555e+00 -1.082843661308288574e+00 1.978019905090332031e+01
5.690929666161537170e-02 1.925006103515625000e+01 1.539085693359375000e+02 1.841732788085937500e+02 5.237558746337890625e+01 -5.953935241699218750e+01 1.885149002075195312e+01 5.180826950073242188e+01 1.673660430908203125e+02 4.010341167449951172e+00 5.664518356323242188e+01 1.224936723709106445e+00 -2.157344102859497070e+00 1.978019905090332031e+01
6.341847032308578491e-02 1.893004226684570312e+01 1.533163757324218750e+02 1.829838409423828125e+02 4.967108917236328125e+01 -9.927797317504882812e+00 1.852013778686523438e+01 5.135993576049804688e+01 1.663935241699218750e+02 3.138253211975097656e+00 5.606927108764648438e+01 1.209053277969360352e+00 -5.383235216140747070e-01 1.978019905090332031e+01
6.949992477893829346e-02 1.589924716949462891e+01 1.370681915283203125e+02 1.646756286621093750e+02 5.424069595336914062e+01 2.235091400146484375e+01 1.554477405548095703e+01 4.393948364257812500e+01 1.489738159179687500e+02 3.826978683471679688e+00 4.815016174316406250e+01 1.728075146675109863e+00 7.297261357307434082e-01 1.978019905090332031e+01
7.558133453130722046e-02 1.433492088317871094e+01 1.255471420288085938e+02 1.500581665039062500e+02 5.900267410278320312e+01 -1.769494819641113281e+01 1.400646018981933594e+01 3.968660736083984375e+01 1.359761505126953125e+02 5.799718856811523438e+00 4.329949569702148438e+01 1.664103388786315918e+00 -5.720795989036560059e-01 1.978019905090332031e+01
8.196274191141128540e-02 1.313162708282470703e+01 1.181428070068359375e+02 1.391858673095703125e+02 1.727867889404296875e+01 -9.759917259216308594e+00 1.282404327392578125e+01 3.685088348388671875e+01 1.269016876220703125e+02 -1.420784473419189453e+00 3.987987518310546875e+01 -2.616066336631774902e-01 -3.286298811435699463e-01 1.978019905090332031e+01
8.830232173204421997e-02 1.180832958221435547e+01 1.048708343505859375e+02 1.240092620849609375e+02 3.224242782592773438e+01 1.088829159736633301e+00 1.152583599090576172e+01 3.262955856323242188e+01 1.126826477050781250e+02 1.722618699073791504e+00 3.534228134155273438e+01 6.760158538818359375e-01 7.503692060708999634e-02 1.978019905090332031e+01
9.435217082500457764e-02 1.008080673217773438e+01 9.452475738525390625e+01 1.123336257934570312e+02 4.089850997924804688e+01 1.173446273803710938e+01 9.834856986999511719e+00 2.836474418640136719e+01 1.016165618896484375e+02 3.413472175598144531e+00 3.069687843322753906e+01 1.107060790061950684e+00 2.252918034791946411e-01 1.978019905090332031e+01
1.005600690841674805e-01 9.299440383911132812e+00 8.697709655761718750e+01 1.038139724731445312e+02 2.961183929443359375e+01 -2.045141983032226562e+01 9.069509506225585938e+00 2.592815017700195312e+01 9.350244903564453125e+01 1.625818490982055664e+00 2.817171096801757812e+01 5.872331857681274414e-01 -6.660570502281188965e-01 1.978019905090332031e+01
1.070138886570930481e-01 8.489457130432128906e+00 8.226917266845703125e+01 9.777379608154296875e+01 2.853825378417968750e+01 7.484552383422851562e+00 8.276117324829101562e+00 2.383658027648925781e+01 8.798995971679687500e+01 1.286865830421447754e+00 2.578541374206542969e+01 4.217590093612670898e-01 1.861167401075363159e-01 1.978019905090332031e+01
1.134273484349250793e-01 7.541588306427001953e+00 7.646512603759765625e+01 9.066988372802734375e+01 3.605187606811523438e+01 1.089584922790527344e+01 7.349946022033691406e+00 2.150629425048828125e+01 8.162416839599609375e+01 3.217169761657714844e+00 2.321910858154296875e+01 1.062334775924682617e+00 1.828275024890899658e-01 1.978019905090332031e+01
1.196089535951614380e-01 7.470520019531250000e+00 7.550717163085937500e+01 8.855175018310546875e+01 2.940691947937011719e+01 -9.156102180480957031e+00 7.278510570526123047e+00 2.131013298034667969e+01 7.998243713378906250e+01 2.322238922119140625e+00 2.278067588806152344e+01 7.542145252227783203e-01 -2.831963896751403809e-01 1.978019905090332031e+01
1.257804334163665771e-01 7.063759803771972656e+00 7.213285827636718750e+01 8.492211914062500000e+01 2.833498001098632812e+01 1.463247299194335938e+00 6.880478382110595703e+00 2.017009544372558594e+01 7.647402191162109375e+01 2.016765832901000977e+00 2.163221931457519531e+01 7.505632638931274414e-01 -3.254858031868934631e-02 1.978019905090332031e+01
1.321490257978439331e-01 6.572476387023925781e+00 6.884658050537109375e+01 8.029651641845703125e+01 2.401270103454589844e+01 1.277803421020507812e+00 6.400029659271240234e+00 1.884505462646484375e+01 7.234407806396484375e+01 1.354018330574035645e+00 2.004233741760253906e+01 4.158680140972137451e-01 -7.670062780380249023e-02 1.978019905090332031e+01
1.384563297033309937e-01 6.129030704498291016e+00 6.652919769287109375e+01 7.814807891845703125e+01 2.662500381469726562e+01 3.871080875396728516e+00 5.966688156127929688e+00 1.786321258544921875e+01 7.008241271972656250e+01 1.853352785110473633e+00 1.902444267272949219e+01 5.745471715927124023e-01 1.100348830223083496e-01 1.978019905090332031e+01
1.446497291326522827e-01 5.705141544342041016e+00 6.253934478759765625e+01 7.341843414306640625e+01 2.720109748840332031e+01 -6.266257166862487793e-01 5.553318023681640625e+00 1.648499870300292969e+01 6.563614654541015625e+01 1.974862098693847656e+00 1.749921417236328125e+01 5.780375599861145020e-01 -1.162515953183174133e-01 1.978019905090332031e+01
1.508535146713256836e-01 5.333515167236328125e+00 6.048768615722656250e+01 7.113315582275390625e+01 2.064733505249023438e+01 -1.211012482643127441e+00 5.190509796142578125e+00 1.556037902832031250e+01 6.333525085449218750e+01 7.102242112159729004e-01 1.650103950500488281e+01 2.871881127357482910e-01 -9.599537402391433716e-02 1.978019905090332031e+01
1.571729034185409546e-01 4.800118446350097656e+00 5.684339141845703125e+01 6.661408996582031250e+01 2.208498382568359375e+01 -1.385849714279174805e-01 4.670843124389648438e+00 1.423713016510009766e+01 5.917145538330078125e+01 1.189064979553222656e+00 1.506671714782714844e+01 4.549684524536132812e-01 -8.455237001180648804e-02 1.978019905090332031e+01
1.635417938232421875e-01 4.518833637237548828e+00 5.419642639160156250e+01 6.378254699707031250e+01 2.082653999328613281e+01 2.618490934371948242e+00 4.396243572235107422e+00 1.339630985260009766e+01 5.642311477661132812e+01 9.500094056129455566e-01 1.418885040283203125e+01 3.437685072422027588e-01 7.360395789146423340e-02 1.978019905090332031e+01
1.698256134986877441e-01 4.185642719268798828e+00 5.161095428466796875e+01 6.004251480102539062e+01 1.749082756042480469e+01 5.314571857452392578e+00 4.071385383605957031e+00 1.247117328643798828e+01 5.318895721435546875e+01 4.992798566818237305e-01 1.303856945037841797e+01 2.359622716903686523e-01 8.579336851835250854e-02 1.978019905090332031e+01
1.761013567447662354e-01 4.159489631652832031e+00 5.213287734985351562e+01 6.063675689697265625e+01 1.722154808044433594e+01 -2.038118362426757812e+00 4.045620441436767578e+00 1.253029537200927734e+01 5.354575729370117188e+01 3.436242640018463135e-01 1.307308387756347656e+01 1.421635597944259644e-01 -7.393012940883636475e-02 1.978019905090332031e+01
1.823998540639877319e-01 3.876328229904174805e+00 5.011570358276367188e+01 5.859744644165039062e+01 2.020730018615722656e+01 8.526933670043945312e+00 3.769743204116821289e+00 1.172802448272705078e+01 5.148748397827148438e+01 8.141665458679199219e-01 1.219588088989257812e+01 2.545144855976104736e-01 2.379016727209091187e-01 1.978019905090332031e+01
1.886507123708724976e-01 3.765001296997070312e+00 4.880666351318359375e+01 5.622061538696289062e+01 1.396572971343994141e+01 2.647959470748901367e+00 3.660974264144897461e+00 1.138907051086425781e+01 4.951905059814453125e+01 -5.264063179492950439e-02 1.174414825439453125e+01 4.425185173749923706e-02 7.097560167312622070e-02 1.978019905090332031e+01
1.949081569910049438e-01 3.579190492630004883e+00 4.711180877685546875e+01 5.381566619873046875e+01 1.631075859069824219e+01 -3.285579681396484375e-01 3.479975223541259766e+00 1.082170200347900391e+01 4.745525360107421875e+01 5.667312741279602051e-01 1.106282901763916016e+01 2.152876853942871094e-01 -5.271744728088378906e-02 1.978019905090332031e+01
2.011425346136093140e-01 3.435728311538696289e+00 4.619726943969726562e+01 5.323977661132812500e+01 1.563562679290771484e+01 2.686364412307739258e+00 3.340223073959350586e+00 1.043060874938964844e+01 4.655155563354492188e+01 1.629023104906082153e-01 1.067766952514648438e+01 4.797726497054100037e-02 1.032314356416463852e-02 1.978019905090332031e+01
2.073954045772552490e-01 3.201572656631469727e+00 4.461041259765625000e+01 5.186105728149414062e+01 1.604048919677734375e+01 2.909040451049804688e+00 3.112114191055297852e+00 9.851725578308105469e+00 4.500280380249023438e+01 1.514224559068679810e-01 1.011804389953613281e+01 1.094133034348487854e-01 6.017848104238510132e-02 1.978019905090332031e+01
2.137389332056045532e-01 3.068236827850341797e+00 4.385000991821289062e+01 5.077918243408203125e+01 1.443993759155273438e+01 2.456921339035034180e+00 2.982185125350952148e+00 9.506479263305664062e+00 4.392164611816406250e+01 -8.053076267242431641e-02 9.717177391052246094e+00 6.722669303417205811e-02 3.003562241792678833e-02 1.978019905090332031e+01
2.200330942869186401e-01 2.906928062438964844e+00 4.230907440185546875e+01 4.937062835693359375e+01 1.580853271484375000e+01 4.697803974151611328e+00 2.825096368789672852e+00 9.043446540832519531e+00 4.242822265625000000e+01 7.999659329652786255e-02 9.218686103820800781e+00 5.282030627131462097e-02 7.865571230649948120e-02 1.978019905090332031e+01
2.262930423021316528e-01 2.817680597305297852e+00 4.146287155151367188e+01 4.773464965820312500e+01 1.351602268218994141e+01 2.525838375091552734e+00 2.738265752792358398e+00 8.775713920593261719e+00 4.114402008056640625e+01 -1.946126222610473633e-01 8.827125549316406250e+00 -1.722608134150505066e-02 -2.671747095882892609e-02 1.978019905090332031e+01
2.325985133647918701e-01 2.672362804412841797e+00 4.059247207641601562e+01 4.660967636108398438e+01 1.309558868408203125e+01 8.890540122985839844e+00 2.596928119659423828e+00 8.401582717895507812e+00 3.999662399291992188e+01 -3.029223084449768066e-01 8.423611640930175781e+00 2.863037586212158203e-02 1.425852775573730469e-01 1.978019905090332031e+01
2.388891130685806274e-01 2.553106307983398438e+00 3.953408813476562500e+01 4.547195434570312500e+01 1.250778961181640625e+01 4.172446429729461670e-01 2.480841636657714844e+00 8.030957221984863281e+00 3.874290847778320312e+01 -3.465383052825927734e-01 7.996757507324218750e+00 1.504504680633544922e-02 -1.024511735886335373e-02 1.978019905090332031e+01
2.451218813657760620e-01 2.494774341583251953e+00 3.847529602050781250e+01 4.406712341308593750e+01 1.188535690307617188e+01 1.153704643249511719e+00 2.424000501632690430e+00 7.795019626617431641e+00 3.744315719604492188e+01 -5.340415835380554199e-01 7.766120910644531250e+00 -5.928837135434150696e-02 2.866630256175994873e-02 1.978019905090332031e+01
2.513737380504608154e-01 2.441087007522583008e+00 3.830778503417968750e+01 4.378337097167968750e+01 1.123680210113525391e+01 -5.259838327765464783e-02 2.371669530868530273e+00 7.700311183929443359e+00 3.711810302734375000e+01 -6.080592274665832520e-01 7.602579593658447266e+00 -8.070054650306701660e-02 -3.869844228029251099e-02 1.978019905090332031e+01
2.577070593833923340e-01 2.316932439804077148e+00 3.761494064331054688e+01 4.243813323974609375e+01 1.135266304016113281e+01 1.291945815086364746e+00 2.250925064086914062e+00 7.383957386016845703e+00 3.605283737182617188e+01 -4.126874506473541260e-01 7.258169174194335938e+00 -3.910087514668703079e-03 3.340107202529907227e-02 1.978019905090332031e+01
2.640204429626464844e-01 2.220802545547485352e+00 3.667493057250976562e+01 4.187604904174804688e+01 1.118346214294433594e+01 4.600049495697021484e+00 2.157396316528320312e+00 7.109712600708007812e+00 3.513878250122070312e+01 -6.263797879219055176e-01 6.936190128326416016e+00 -4.330705106258392334e-02 6.339638680219650269e-02 1.978019905090332031e+01
2.702898085117340088e-01 2.160593509674072266e+00 3.621160125732421875e+01 4.121819305419921875e+01 1.211106967926025391e+01 3.410523653030395508e+00 2.098720312118530273e+00 6.972921371459960938e+00 3.454304504394531250e+01 -3.770938217639923096e-01 6.767199516296386719e+00 -2.485322952270507812e-02 3.768973797559738159e-02 1.978019905090332031e+01
2.765615284442901611e-01 2.097842454910278320e+00 3.618104934692382812e+01 4.080142974853515625e+01 1.009500503540039062e+01 3.587578773498535156e+00 2.037722587585449219e+00 6.803868293762207031e+00 3.415780258178710938e+01 -7.843815088272094727e-01 6.556868553161621094e+00 -8.944693952798843384e-02 8.234868943691253662e-02 1.978019905090332031e+01
2.828698754310607910e-01 2.031809806823730469e+00 3.507251358032226562e+01 4.002063369750976562e+01 1.057797527313232422e+01 3.152224540710449219e+00 1.973508954048156738e+00 6.548221588134765625e+00 3.314278030395507812e+01 -7.904126048088073730e-01 6.311906337738037109e+00 -9.036634862422943115e-02 1.589187793433666229e-02 1.978019905090332031e+01
2.891486585140228271e-01 1.987232208251953125e+00 3.533956146240234375e+01 3.959878921508789062e+01 1.010343265533447266e+01 3.283714532852172852e+00 1.930162549018859863e+00 6.516377449035644531e+00 3.289877700805664062e+01 -8.582217097282409668e-01 6.200293064117431641e+00 -9.460442513227462769e-02 6.623034924268722534e-02 1.978019905090332031e+01
2.953523397445678711e-01 1.898712515830993652e+00 3.421321868896484375e+01 3.868076705932617188e+01 1.027359962463378906e+01 4.814181804656982422e+00 1.844087481498718262e+00 6.190755844116210938e+00 3.165470695495605469e+01 -9.620062112808227539e-01 5.881455898284912109e+00 -1.225604489445686340e-01 7.397944480180740356e-02 1.978019905090332031e+01
3.016075491905212402e-01 1.874182820320129395e+00 3.458591079711914062e+01 3.871551132202148438e+01 9.350192070007324219e+00 2.533787250518798828e+00 1.820132136344909668e+00 6.199069023132324219e+00 3.177703094482421875e+01 -1.081554412841796875e+00 5.837021827697753906e+00 -1.675341576337814331e-01 5.351002141833305359e-02 1.978019905090332031e+01
3.079382479190826416e-01 1.776014924049377441e+00 3.309506607055664062e+01 3.705359649658203125e+01 9.191631317138671875e+00 2.995294332504272461e+00 1.724698185920715332e+00 5.836125850677490234e+00 3.016350555419921875e+01 -1.076934933662414551e+00 5.435286045074462891e+00 -1.348737776279449463e-01 5.304767191410064697e-02 1.978019905090332031e+01
3.142760396003723145e-01 1.738659739494323730e+00 3.315846633911132812e+01 3.733605575561523438e+01 8.907150268554687500e+00 2.364222764968872070e+00 1.688374400138854980e+00 5.768058300018310547e+00 3.026988983154296875e+01 -1.157998681068420410e+00 5.376035690307617188e+00 -1.614450961351394653e-01 6.355283409357070923e-02 1.978019905090332031e+01
3.205462992191314697e-01 1.714178442955017090e+00 3.277116012573242188e+01 3.681137466430664062e+01 9.270586967468261719e+00 3.478635787963867188e+00 1.664576649665832520e+00 5.658093452453613281e+00 2.953959465026855469e+01 -1.199071168899536133e+00 5.202163696289062500e+00 -1.669462919235229492e-01 5.694430321455001831e-02 1.978019905090332031e+01
3.268128037452697754e-01 1.694234371185302734e+00 3.233919906616210938e+01 3.636485290527343750e+01 8.657900810241699219e+00 2.438210964202880859e+00 1.645159244537353516e+00 5.595211505889892578e+00 2.910372924804687500e+01 -1.218092560768127441e+00 5.133729457855224609e+00 -1.717186123132705688e-01 5.902235582470893860e-02 1.978019905090332031e+01
3.331238031387329102e-01 1.627245783805847168e+00 3.160917472839355469e+01 3.543073272705078125e+01 8.167913436889648438e+00 4.504574775695800781e+00 1.580090761184692383e+00 5.353447914123535156e+00 2.830076980590820312e+01 -1.279261827468872070e+00 4.908263683319091797e+00 -1.589353531599044800e-01 1.019819229841232300e-01 1.978019905090332031e+01
3.394046723842620850e-01 1.619388222694396973e+00 3.181404113769531250e+01 3.568923187255859375e+01 8.546775817871093750e+00 4.073741912841796875e+00 1.572323679924011230e+00 5.349216461181640625e+00 2.824432945251464844e+01 -1.414614200592041016e+00 4.871237754821777344e+00 -1.784694194793701172e-01 6.977076083421707153e-02 1.978019905090332031e+01
3.456391692161560059e-01 1.578324794769287109e+00 3.150900077819824219e+01 3.494659042358398438e+01 8.000682830810546875e+00 3.410417318344116211e+00 1.532457828521728516e+00 5.249814987182617188e+00 2.766464424133300781e+01 -1.393656015396118164e+00 4.710193157196044922e+00 -1.921557188034057617e-01 7.418149709701538086e-02 1.978019905090332031e+01
3.518808186054229736e-01 1.582002878189086914e+00 3.175942993164062500e+01 3.547457885742187500e+01 7.882275581359863281e+00 5.738109588623046875e+00 1.536018610000610352e+00 5.306820392608642578e+00 2.781917762756347656e+01 -1.631721854209899902e+00 4.721104621887207031e+00 -2.403318881988525391e-01 1.040981262922286987e-01 1.978019905090332031e+01
3.582032322883605957e-01 1.523626208305358887e+00 3.081488227844238281e+01 3.384135818481445312e+01 7.261782646179199219e+00 3.544610977172851562e+00 1.479159832000732422e+00 5.020380973815917969e+00 2.636435890197753906e+01 -1.652082562446594238e+00 4.375239849090576172e+00 -2.494208216667175293e-01 6.545982509851455688e-02 1.978019905090332031e+01
3.645117878913879395e-01 1.499588251113891602e+00 3.102102661132812500e+01 3.402857971191406250e+01 6.439815044403076172e+00 4.946922302246093750e+00 1.455939412117004395e+00 4.989381313323974609e+00 2.642485046386718750e+01 -1.906966924667358398e+00 4.339224338531494141e+00 -2.618976533412933350e-01 6.771282851696014404e-02 1.978019905090332031e+01
3.707640767097473145e-01 1.506534576416015625e+00 3.131855773925781250e+01 3.449968719482421875e+01 7.726532936096191406e+00 8.465670585632324219e+00 1.462588429450988770e+00 5.047136306762695312e+00 2.657382583618164062e+01 -1.809890151023864746e+00 4.373519897460937500e+00 -2.620912492275238037e-01 1.370504945516586304e-01 1.978019905090332031e+01
3.770540952682495117e-01 1.508871555328369141e+00 3.112623405456542969e+01 3.461359786987304688e+01 7.935487270355224609e+00 9.245759963989257812e+00 1.464813470840454102e+00 4.990315437316894531e+00 2.629125404357910156e+01 -1.994706511497497559e+00 4.317485332489013672e+00 -2.788805961608886719e-01 1.273417174816131592e-01 1.978019905090332031e+01
3.833588361740112305e-01 1.509041547775268555e+00 3.184899520874023438e+01 3.488014221191406250e+01 7.035359382629394531e+00 1.180381011962890625e+01 1.464973449707031250e+00 5.046982288360595703e+00 2.662403297424316406e+01 -2.136298656463623047e+00 4.286616802215576172e+00 -3.129667639732360840e-01 1.581854075193405151e-01 1.978019905090332031e+01
3.896513879299163818e-01 1.477150917053222656e+00 3.125409126281738281e+01 3.483462524414062500e+01 8.268404006958007812e+00 1.098872280120849609e+01 1.433931827545166016e+00 4.900594234466552734e+00 2.610323333740234375e+01 -2.024331331253051758e+00 4.178500175476074219e+00 -2.772942185401916504e-01 1.535156071186065674e-01 1.978019905090332031e+01
3.958770036697387695e-01 1.507907986640930176e+00 3.248236846923828125e+01 3.547414779663085938e+01 7.965639591217041016e+00 1.445961952209472656e+01 1.463807940483093262e+00 5.046962261199951172e+00 2.658088111877441406e+01 -2.346942901611328125e+00 4.216611385345458984e+00 -3.559173643589019775e-01 1.745552867650985718e-01 1.978019905090332031e+01
4.021010994911193848e-01 1.507358431816101074e+00 3.294942474365234375e+01 3.617286682128906250e+01 7.156256198883056641e+00 1.553532791137695312e+01 1.463235974311828613e+00 5.077452182769775391e+00 2.687664413452148438e+01 -2.694784164428710938e+00 4.210392475128173828e+00 -3.781613707542419434e-01 2.187250107526779175e-01 1.978019905090332031e+01
