# k, P_{cc}, P_{hh,r}, P_{hh,0}, P_{hh,2}, P_{hh,4}, P_{cm}, P_{hc,r}, P_{hc,0}, P_{hc,2}, P_{hc,4}, P_pSN
#  Realization 146
8.018244989216327667e-03 2.157365036010742188e+01 1.298921051025390625e+02 1.670383911132812500e+02 1.217220458984375000e+02 3.688006591796875000e+02 2.147289466857910156e+01 5.040342330932617188e+01 1.459252166748046875e+02 9.764670372009277344e+00 5.777618789672851562e+01 7.255898475646972656e+00 1.497981548309326172e+01 1.978942298889160156e+01
1.401655934751033783e-02 4.001568984985351562e+01 2.781019287109375000e+02 3.479549865722656250e+02 2.060809020996093750e+02 2.018695068359375000e+02 3.966659927368164062e+01 1.033967514038085938e+02 3.096570434570312500e+02 2.230665969848632812e+01 1.154588623046875000e+02 7.954376697540283203e+00 6.506456375122070312e+00 1.978942298889160156e+01
1.969251595437526703e-02 3.484465026855468750e+01 2.600676574707031250e+02 3.065408630371093750e+02 -2.091552925109863281e+01 9.236511230468750000e+01 3.445354843139648438e+01 9.241758728027343750e+01 2.812519531250000000e+02 -1.426155853271484375e+01 1.004939575195312500e+02 -5.563781738281250000e+00 3.490471363067626953e+00 1.978942298889160156e+01
2.551339380443096161e-02 4.013197708129882812e+01 3.052704467773437500e+02 3.777832641601562500e+02 2.136311798095703125e+02 5.890989303588867188e+01 3.959110260009765625e+01 1.083317794799804688e+02 3.382156982421875000e+02 2.468584632873535156e+01 1.203686828613281250e+02 8.395318031311035156e+00 1.061259508132934570e+00 1.978942298889160156e+01
3.202908113598823547e-02 3.578064346313476562e+01 2.843733215332031250e+02 3.403879089355468750e+02 6.469295501708984375e+01 -4.333549499511718750e+01 3.522032928466796875e+01 9.808557891845703125e+01 3.100092163085937500e+02 1.291555285453796387e+00 1.074263305664062500e+02 6.073973774909973145e-01 -1.825186729431152344e+00 1.978942298889160156e+01
3.846523538231849670e-02 2.741625022888183594e+01 2.233153533935546875e+02 2.658673706054687500e+02 5.410013198852539062e+01 -4.252674865722656250e+01 2.694192314147949219e+01 7.535300445556640625e+01 2.427397613525390625e+02 1.803194403648376465e+00 8.222187042236328125e+01 5.006257891654968262e-01 -1.483747720718383789e+00 1.978942298889160156e+01
4.443310573697090149e-02 2.012276077270507812e+01 1.613072509765625000e+02 1.934898834228515625e+02 5.375124740600585938e+01 -7.400666713714599609e+00 1.974855613708496094e+01 5.422346115112304688e+01 1.758535614013671875e+02 3.757923126220703125e+00 5.950429534912109375e+01 1.374737262725830078e+00 9.856978058815002441e-02 1.978942298889160156e+01
5.042308941483497620e-02 2.094110488891601562e+01 1.643795013427734375e+02 1.967236175537109375e+02 5.542255020141601562e+01 4.241997909545898438e+01 2.052840232849121094e+01 5.613890838623046875e+01 1.787839813232421875e+02 3.005728006362915039e+00 6.144507217407226562e+01 1.056613326072692871e+00 1.370324015617370605e+00 1.978942298889160156e+01
5.690929666161537170e-02 1.895347595214843750e+01 1.543780822753906250e+02 1.859733886718750000e+02 7.490512084960937500e+01 2.355106544494628906e+01 1.855967330932617188e+01 5.145520401000976562e+01 1.683665008544921875e+02 7.087769508361816406e+00 5.648517227172851562e+01 2.489784479141235352e+00 7.469074130058288574e-01 1.978942298889160156e+01
6.341847032308578491e-02 1.758805656433105469e+01 1.461239624023437500e+02 1.770707702636718750e+02 9.290690612792968750e+01 1.269948863983154297e+01 1.720792579650878906e+01 4.810419464111328125e+01 1.597701873779296875e+02 1.089581394195556641e+01 5.299634552001953125e+01 4.026710987091064453e+00 2.640101015567779541e-01 1.978942298889160156e+01
6.949992477893829346e-02 1.679524230957031250e+01 1.352084808349609375e+02 1.602558288574218750e+02 4.308708953857421875e+01 -3.470429897308349609e+00 1.642101669311523438e+01 4.513244247436523438e+01 1.462082977294921875e+02 2.724513530731201172e+00 4.901972579956054688e+01 9.285262227058410645e-01 7.398114539682865143e-03 1.978942298889160156e+01
7.558133453130722046e-02 1.456878662109375000e+01 1.251719284057617188e+02 1.481581115722656250e+02 2.174175071716308594e+01 -1.750886154174804688e+01 1.423560142517089844e+01 4.013217544555664062e+01 1.350297851562500000e+02 -8.098880052566528320e-01 4.358041763305664062e+01 -8.295814692974090576e-02 -6.415025591850280762e-01 1.978942298889160156e+01
8.196274191141128540e-02 1.259310054779052734e+01 1.073891677856445312e+02 1.290759124755859375e+02 5.178208541870117188e+01 -1.359269142150878906e+01 1.229783630371093750e+01 3.412771606445312500e+01 1.164570541381835938e+02 5.006630420684814453e+00 3.732479858398437500e+01 1.642379999160766602e+00 -5.627764463424682617e-01 1.978942298889160156e+01
8.830232173204421997e-02 1.135256099700927734e+01 1.024577026367187500e+02 1.203021469116210938e+02 2.927202987670898438e+01 -1.320085144042968750e+01 1.108064651489257812e+01 3.160364913940429688e+01 1.097042160034179688e+02 1.497039079666137695e+00 3.412697601318359375e+01 5.787948369979858398e-01 -4.226266443729400635e-01 1.978942298889160156e+01
9.435217082500457764e-02 1.038625907897949219e+01 9.569837951660156250e+01 1.135742492675781250e+02 3.376504898071289062e+01 5.510026454925537109e+00 1.013328742980957031e+01 2.896970367431640625e+01 1.029789733886718750e+02 2.253906011581420898e+00 3.139130401611328125e+01 8.156358599662780762e-01 -2.128994837403297424e-02 1.978942298889160156e+01
1.005600690841674805e-01 9.254806518554687500e+00 8.919441986083984375e+01 1.041979904174804688e+02 2.618891525268554688e+01 -6.226005554199218750e+00 9.026174545288085938e+00 2.619441413879394531e+01 9.504190063476562500e+01 1.531464934349060059e+00 2.811560630798339844e+01 4.697100818157196045e-01 -2.215477079153060913e-01 1.978942298889160156e+01
1.070138886570930481e-01 8.395825386047363281e+00 8.124677276611328125e+01 9.719280242919921875e+01 3.030952262878417969e+01 1.064318084716796875e+01 8.184848785400390625e+00 2.357161521911621094e+01 8.726708221435546875e+01 1.777339100837707520e+00 2.556977462768554688e+01 5.729841589927673340e-01 1.476779878139495850e-01 1.978942298889160156e+01
1.134273484349250793e-01 8.063853263854980469e+00 7.892920684814453125e+01 9.354428863525390625e+01 3.292915725708007812e+01 2.809414625167846680e+00 7.858692169189453125e+00 2.287124252319335938e+01 8.433295440673828125e+01 2.578250885009765625e+00 2.466151809692382812e+01 8.178421854972839355e-01 7.465675473213195801e-02 1.978942298889160156e+01
1.196089535951614380e-01 7.538748264312744141e+00 7.661062622070312500e+01 8.957418060302734375e+01 2.632849121093750000e+01 4.653617739677429199e-01 7.345121383666992188e+00 2.154583549499511719e+01 8.111276245117187500e+01 1.743811368942260742e+00 2.301226615905761719e+01 5.113193392753601074e-01 1.209530793130397797e-02 1.978942298889160156e+01
1.257804334163665771e-01 7.233315467834472656e+00 7.403368377685546875e+01 8.702172088623046875e+01 2.286752128601074219e+01 -4.953203722834587097e-02 7.045661449432373047e+00 2.070698165893554688e+01 7.844152069091796875e+01 8.775284886360168457e-01 2.213201332092285156e+01 3.301099538803100586e-01 -1.440278161317110062e-02 1.978942298889160156e+01
1.321490257978439331e-01 6.742334365844726562e+00 6.977171325683593750e+01 8.179746246337890625e+01 2.447689628601074219e+01 1.738657355308532715e+00 6.565377235412597656e+00 1.923174095153808594e+01 7.360068511962890625e+01 1.425975203514099121e+00 2.051822662353515625e+01 3.932660520076751709e-01 4.357294365763664246e-02 1.978942298889160156e+01
1.384563297033309937e-01 6.418538093566894531e+00 6.801839447021484375e+01 7.972810363769531250e+01 2.682869148254394531e+01 2.680081605911254883e+00 6.248705387115478516e+00 1.844643020629882812e+01 7.166085815429687500e+01 1.700382947921752930e+00 1.957645416259765625e+01 4.042098820209503174e-01 5.876435711979866028e-02 1.978942298889160156e+01
1.446497291326522827e-01 5.702818870544433594e+00 6.344397354125976562e+01 7.381826782226562500e+01 2.547641563415527344e+01 2.394468337297439575e-01 5.550942420959472656e+00 1.664917945861816406e+01 6.630069732666015625e+01 1.790686607360839844e+00 1.755838012695312500e+01 5.175299048423767090e-01 -1.066298782825469971e-01 1.978942298889160156e+01
1.508535146713256836e-01 5.364059925079345703e+00 6.048303222656250000e+01 7.126839447021484375e+01 2.511992645263671875e+01 6.095004558563232422e+00 5.220246791839599609e+00 1.568819046020507812e+01 6.346287918090820312e+01 1.484553337097167969e+00 1.665177154541015625e+01 4.656164646148681641e-01 9.844890236854553223e-02 1.978942298889160156e+01
1.571729034185409546e-01 4.801269054412841797e+00 5.603480529785156250e+01 6.514101409912109375e+01 2.117701530456542969e+01 3.676829814910888672e+00 4.671870708465576172e+00 1.409905433654785156e+01 5.815182113647460938e+01 1.106233239173889160e+00 1.484558773040771484e+01 4.304297566413879395e-01 4.110992327332496643e-02 1.978942298889160156e+01
1.635417938232421875e-01 4.409306526184082031e+00 5.348927307128906250e+01 6.326100921630859375e+01 2.264424133300781250e+01 1.094696164131164551e+00 4.289834976196289062e+00 1.307702636718750000e+01 5.588206481933593750e+01 1.243384361267089844e+00 1.386343479156494141e+01 3.339215517044067383e-01 -6.613686680793762207e-02 1.978942298889160156e+01
1.698256134986877441e-01 4.290384769439697266e+00 5.213444900512695312e+01 6.094648361206054688e+01 2.227505683898925781e+01 -2.309942007064819336e+00 4.173400878906250000e+00 1.266539287567138672e+01 5.395677566528320312e+01 1.486058115959167480e+00 1.330008983612060547e+01 4.213320910930633545e-01 -6.404108554124832153e-02 1.978942298889160156e+01
1.761013567447662354e-01 4.089693546295166016e+00 5.102577209472656250e+01 5.942591094970703125e+01 1.418649387359619141e+01 1.776030421257019043e+00 3.977788925170898438e+00 1.225860118865966797e+01 5.259474182128906250e+01 -2.524444088339805603e-02 1.283022117614746094e+01 3.111849352717399597e-02 4.653656482696533203e-02 1.978942298889160156e+01
1.823998540639877319e-01 3.979497194290161133e+00 5.061833572387695312e+01 5.919060516357421875e+01 1.784301948547363281e+01 3.980118274688720703e+00 3.870054960250854492e+00 1.196144485473632812e+01 5.205490493774414062e+01 3.472446501255035400e-01 1.245479297637939453e+01 8.392639458179473877e-02 -1.987741328775882721e-03 1.978942298889160156e+01
1.886507123708724976e-01 3.781948566436767578e+00 4.881071090698242188e+01 5.637400054931640625e+01 1.811460876464843750e+01 5.213073253631591797e+00 3.677594661712646484e+00 1.134588050842285156e+01 4.972835922241210938e+01 6.146390438079833984e-01 1.175634288787841797e+01 2.071609199047088623e-01 4.573925212025642395e-02 1.978942298889160156e+01
1.949081569910049438e-01 3.709696292877197266e+00 4.817996978759765625e+01 5.543254089355468750e+01 1.720504760742187500e+01 5.332051753997802734e+00 3.606799125671386719e+00 1.120013809204101562e+01 4.884458160400390625e+01 4.620636403560638428e-01 1.151612377166748047e+01 1.763149797916412354e-01 7.258939743041992188e-02 1.978942298889160156e+01
2.011425346136093140e-01 3.452873706817626953e+00 4.637865829467773438e+01 5.384278869628906250e+01 1.567827415466308594e+01 2.813047647476196289e+00 3.356722593307495117e+00 1.052511692047119141e+01 4.699861907958984375e+01 1.562528014183044434e-01 1.081861400604248047e+01 5.312738195061683655e-02 -1.206493470817804337e-02 1.978942298889160156e+01
2.073954045772552490e-01 3.290358304977416992e+00 4.542940139770507812e+01 5.220429611206054688e+01 1.457356739044189453e+01 8.371719717979431152e-01 3.198494195938110352e+00 1.012052917480468750e+01 4.566714096069335938e+01 1.010100394487380981e-01 1.030199909210205078e+01 2.643833495676517487e-02 4.427222069352865219e-03 1.978942298889160156e+01
2.137389332056045532e-01 3.087743759155273438e+00 4.322065353393554688e+01 4.981100845336914062e+01 1.253484725952148438e+01 4.667052268981933594e+00 3.001221179962158203e+00 9.419340133666992188e+00 4.331513977050781250e+01 -2.742201983928680420e-01 9.603904724121093750e+00 -2.239672653377056122e-02 9.143085777759552002e-02 1.978942298889160156e+01
2.200330942869186401e-01 2.883453130722045898e+00 4.186212921142578125e+01 4.865993499755859375e+01 1.633657836914062500e+01 6.838527679443359375e+00 2.802399635314941406e+00 8.935395240783691406e+00 4.190404510498046875e+01 1.485038995742797852e-01 9.096116065979003906e+00 8.568725734949111938e-02 8.415829390287399292e-02 1.978942298889160156e+01
2.262930423021316528e-01 2.858541727066040039e+00 4.215666580200195312e+01 4.798164367675781250e+01 1.453106117248535156e+01 1.341595649719238281e+00 2.777897357940673828e+00 8.936741828918457031e+00 4.155451965332031250e+01 7.876756787300109863e-02 8.968488693237304688e+00 2.193022519350051880e-02 2.867947518825531006e-02 1.978942298889160156e+01
2.325985133647918701e-01 2.706245660781860352e+00 4.140817260742187500e+01 4.791018676757812500e+01 1.588435649871826172e+01 6.192666530609130859e+00 2.629815340042114258e+00 8.589163780212402344e+00 4.099555587768554688e+01 9.737119823694229126e-02 8.681063652038574219e+00 9.612816572189331055e-02 7.100341469049453735e-02 1.978942298889160156e+01
2.388891130685806274e-01 2.588487386703491211e+00 4.003520584106445312e+01 4.584411621093750000e+01 1.341092681884765625e+01 1.817146301269531250e+00 2.515138626098632812e+00 8.150990486145019531e+00 3.928620529174804688e+01 -1.816997230052947998e-01 8.144572257995605469e+00 2.821038290858268738e-02 -7.310184650123119354e-03 1.978942298889160156e+01
2.451218813657760620e-01 2.538947105407714844e+00 3.914208984375000000e+01 4.543898391723632812e+01 1.309849929809570312e+01 5.229432106018066406e+00 2.466923713684082031e+00 7.976233005523681641e+00 3.849734115600585938e+01 -3.631208837032318115e-01 7.989758968353271484e+00 -1.789550879038870335e-03 1.103854849934577942e-01 1.978942298889160156e+01
2.513737380504608154e-01 2.441631555557250977e+00 3.835220718383789062e+01 4.403306579589843750e+01 1.317376899719238281e+01 2.972461700439453125e+00 2.372243642807006836e+00 7.697591781616210938e+00 3.717105484008789062e+01 -3.780876696109771729e-01 7.592127799987792969e+00 1.611576532013714314e-03 6.518990546464920044e-02 1.978942298889160156e+01
2.577070593833923340e-01 2.327822446823120117e+00 3.789601516723632812e+01 4.318284988403320312e+01 1.247042083740234375e+01 1.005640864372253418e+00 2.261538505554199219e+00 7.446310043334960938e+00 3.657037734985351562e+01 -3.453577458858489990e-01 7.305875301361083984e+00 -3.251915052533149719e-02 1.345073338598012924e-02 1.978942298889160156e+01
2.640204429626464844e-01 2.239982128143310547e+00 3.690044403076171875e+01 4.182033157348632812e+01 9.367422103881835938e+00 3.644361019134521484e+00 2.176006555557250977e+00 7.189600944519042969e+00 3.527470779418945312e+01 -8.945002555847167969e-01 7.013126850128173828e+00 -1.235161721706390381e-01 9.700239449739456177e-02 1.978942298889160156e+01
2.702898085117340088e-01 2.149505376815795898e+00 3.622220611572265625e+01 4.116881942749023438e+01 1.103472995758056641e+01 2.513855695724487305e+00 2.088121175765991211e+00 6.937212467193603516e+00 3.451679229736328125e+01 -6.095021367073059082e-01 6.747581481933593750e+00 -6.284784525632858276e-02 3.631122037768363953e-02 1.978942298889160156e+01
2.765615284442901611e-01 2.088642835617065430e+00 3.565189743041992188e+01 4.026813888549804688e+01 1.080515575408935547e+01 3.497635602951049805e+00 2.028793811798095703e+00 6.734977245330810547e+00 3.362992858886718750e+01 -6.522252559661865234e-01 6.472913265228271484e+00 -6.696122884750366211e-02 4.990710318088531494e-02 1.978942298889160156e+01
2.828698754310607910e-01 2.015681028366088867e+00 3.515488815307617188e+01 3.986162567138671875e+01 1.092076683044433594e+01 1.454469919204711914e+00 1.957841038703918457e+00 6.511397838592529297e+00 3.313699340820312500e+01 -6.402042508125305176e-01 6.274326801300048828e+00 -8.598173409700393677e-02 2.784768119454383850e-02 1.978942298889160156e+01
2.891486585140228271e-01 1.952043056488037109e+00 3.457707214355468750e+01 3.891592788696289062e+01 9.302886009216308594e+00 3.428999423980712891e+00 1.896016120910644531e+00 6.358139514923095703e+00 3.230914306640625000e+01 -9.638648629188537598e-01 6.073287010192871094e+00 -1.322973966598510742e-01 3.585041314363479614e-02 1.978942298889160156e+01
2.953523397445678711e-01 1.867617845535278320e+00 3.374270629882812500e+01 3.855380630493164062e+01 1.217289543151855469e+01 4.742383956909179688e+00 1.813827037811279297e+00 6.104995250701904297e+00 3.145940208435058594e+01 -5.982904434204101562e-01 5.826009750366210938e+00 -5.020232498645782471e-02 6.999523192644119263e-02 1.978942298889160156e+01
3.016075491905212402e-01 1.857025504112243652e+00 3.393559265136718750e+01 3.834461975097656250e+01 1.080381393432617188e+01 3.265036821365356445e+00 1.803548216819763184e+00 6.087622165679931641e+00 3.136816596984863281e+01 -7.778222560882568359e-01 5.723133563995361328e+00 -1.259706318378448486e-01 4.140451177954673767e-02 1.978942298889160156e+01
3.079382479190826416e-01 1.787905454635620117e+00 3.331401062011718750e+01 3.729182052612304688e+01 8.255298614501953125e+00 2.373229742050170898e+00 1.736332178115844727e+00 5.897880077362060547e+00 3.045611381530761719e+01 -1.200627565383911133e+00 5.514475822448730469e+00 -1.754503548145294189e-01 3.653386607766151428e-02 1.978942298889160156e+01
3.142760396003723145e-01 1.777074456214904785e+00 3.306089401245117188e+01 3.733787155151367188e+01 9.889290809631347656e+00 4.794092655181884766e+00 1.725732445716857910e+00 5.849287986755371094e+00 3.020507049560546875e+01 -1.068773865699768066e+00 5.459368228912353516e+00 -1.454587727785110474e-01 8.450941741466522217e-02 1.978942298889160156e+01
3.205462992191314697e-01 1.711150169372558594e+00 3.227583694458007812e+01 3.616207885742187500e+01 8.292224884033203125e+00 1.071401357650756836e+00 1.661677479743957520e+00 5.626787185668945312e+00 2.916289329528808594e+01 -1.232917308807373047e+00 5.214984893798828125e+00 -1.876287311315536499e-01 4.372646566480398178e-03 1.978942298889160156e+01
3.268128037452697754e-01 1.681884884834289551e+00 3.255450439453125000e+01 3.581973648071289062e+01 8.445917129516601562e+00 4.468267440795898438e+00 1.633126497268676758e+00 5.580645084381103516e+00 2.906200408935546875e+01 -1.171680808067321777e+00 5.073661804199218750e+00 -1.720524728298187256e-01 7.789555937051773071e-02 1.978942298889160156e+01
3.331238031387329102e-01 1.636018037796020508e+00 3.162249374389648438e+01 3.559230422973632812e+01 9.059849739074707031e+00 4.204177856445312500e+00 1.588602423667907715e+00 5.382738113403320312e+00 2.827914428710937500e+01 -1.290891647338867188e+00 4.926692962646484375e+00 -1.695041656494140625e-01 7.668856531381607056e-02 1.978942298889160156e+01
3.394046723842620850e-01 1.604534506797790527e+00 3.167638206481933594e+01 3.526350784301757812e+01 8.714127540588378906e+00 3.430806159973144531e+00 1.557937264442443848e+00 5.349873065948486328e+00 2.794614791870117188e+01 -1.343947649002075195e+00 4.835602283477783203e+00 -1.855119168758392334e-01 4.481704905629158020e-02 1.978942298889160156e+01
3.456391692161560059e-01 1.578404426574707031e+00 3.155651283264160156e+01 3.522205734252929688e+01 7.601956844329833984e+00 4.662795543670654297e+00 1.532538056373596191e+00 5.241876125335693359e+00 2.780061721801757812e+01 -1.517334222793579102e+00 4.718277454376220703e+00 -2.306383699178695679e-01 9.013319760560989380e-02 1.978942298889160156e+01
3.518808186054229736e-01 1.559915900230407715e+00 3.130354118347167969e+01 3.464264297485351562e+01 8.449264526367187500e+00 5.557317733764648438e+00 1.514521360397338867e+00 5.181255817413330078e+00 2.728030204772949219e+01 -1.469462752342224121e+00 4.610283851623535156e+00 -2.121780514717102051e-01 8.111590892076492310e-02 1.978942298889160156e+01
3.582032322883605957e-01 1.521323442459106445e+00 3.093271827697753906e+01 3.439244842529296875e+01 7.279160499572753906e+00 4.410154342651367188e+00 1.477034211158752441e+00 5.056173324584960938e+00 2.689423561096191406e+01 -1.614928483963012695e+00 4.482483863830566406e+00 -2.475127726793289185e-01 8.439566195011138916e-02 1.978942298889160156e+01
3.645117878913879395e-01 1.522675871849060059e+00 3.126876068115234375e+01 3.449272918701171875e+01 7.709064960479736328e+00 5.186264038085937500e+00 1.478270649909973145e+00 5.064143180847167969e+00 2.685516929626464844e+01 -1.667753219604492188e+00 4.435358524322509766e+00 -2.478021085262298584e-01 8.858598768711090088e-02 1.978942298889160156e+01
3.707640767097473145e-01 1.519263744354248047e+00 3.139775085449218750e+01 3.438763427734375000e+01 8.200517654418945312e+00 8.066726684570312500e+00 1.474935770034790039e+00 5.063226222991943359e+00 2.664413833618164062e+01 -1.703461289405822754e+00 4.383142471313476562e+00 -2.339382916688919067e-01 1.141944900155067444e-01 1.978942298889160156e+01
3.770540952682495117e-01 1.501757144927978516e+00 3.106198310852050781e+01 3.430039596557617188e+01 7.944918155670166016e+00 8.008898735046386719e+00 1.457921266555786133e+00 4.975326538085937500e+00 2.626872253417968750e+01 -1.808836579322814941e+00 4.328102111816406250e+00 -2.496225237846374512e-01 1.427374780178070068e-01 1.978942298889160156e+01
3.833588361740112305e-01 1.490167021751403809e+00 3.147699165344238281e+01 3.454478073120117188e+01 7.110609054565429688e+00 1.121446037292480469e+01 1.446622252464294434e+00 4.966250896453857422e+00 2.641924858093261719e+01 -2.051000595092773438e+00 4.258061408996582031e+00 -2.931678593158721924e-01 1.505618244409561157e-01 1.978942298889160156e+01
3.896513879299163818e-01 1.504759430885314941e+00 3.206299591064453125e+01 3.544431304931640625e+01 7.604369163513183594e+00 1.288733482360839844e+01 1.460750937461853027e+00 5.031143188476562500e+00 2.676353263854980469e+01 -2.236381769180297852e+00 4.291778564453125000e+00 -3.236364424228668213e-01 1.573559641838073730e-01 1.978942298889160156e+01
3.958770036697387695e-01 1.519012928009033203e+00 3.288376617431640625e+01 3.583436965942382812e+01 8.601318359375000000e+00 1.574960803985595703e+01 1.474577426910400391e+00 5.144449710845947266e+00 2.706479454040527344e+01 -2.206399202346801758e+00 4.319701194763183594e+00 -3.149181306362152100e-01 1.969715654850006104e-01 1.978942298889160156e+01
4.021010994911193848e-01 1.536087870597839355e+00 3.355382156372070312e+01 3.634794235229492188e+01 6.499115467071533203e+00 1.562449932098388672e+01 1.491127371788024902e+00 5.215263843536376953e+00 2.736804580688476562e+01 -2.614856958389282227e+00 4.357639789581298828e+00 -3.794966638088226318e-01 2.196939587593078613e-01 1.978942298889160156e+01
