# k, P_{cc}, P_{hh,r}, P_{hh,0}, P_{hh,2}, P_{hh,4}, P_{cm}, P_{hc,r}, P_{hc,0}, P_{hc,2}, P_{hc,4}, P_pSN
#  Realization 76
8.018244989216327667e-03 3.272822189331054688e+01 2.061756896972656250e+02 2.447771606445312500e+02 -2.339940309524536133e+00 -1.995460357666015625e+02 3.255579376220703125e+01 7.880271911621093750e+01 2.239689331054687500e+02 -6.793779373168945312e+00 8.519412994384765625e+01 -6.834881305694580078e+00 -1.339177727699279785e+00 1.986176490783691406e+01
1.401655934751033783e-02 4.571575546264648438e+01 3.274169616699218750e+02 4.177906188964843750e+02 3.433833007812500000e+02 -2.336834222078323364e-01 4.533639144897460938e+01 1.203021774291992188e+02 3.683195800781250000e+02 4.525003433227539062e+01 1.359362640380859375e+02 1.764475822448730469e+01 -6.564849019050598145e-01 1.986176490783691406e+01
1.969251595437526703e-02 4.046851730346679688e+01 3.035669860839843750e+02 3.804426879882812500e+02 3.011000061035156250e+02 1.102675247192382812e+02 4.002204895019531250e+01 1.084537048339843750e+02 3.384691467285156250e+02 3.955817031860351562e+01 1.212535705566406250e+02 1.348173618316650391e+01 3.843978881835937500e+00 1.986176490783691406e+01
2.551339380443096161e-02 3.548471832275390625e+01 2.726193237304687500e+02 3.317140808105468750e+02 1.465868988037109375e+02 -1.644330902099609375e+02 3.500888442993164062e+01 9.587006378173828125e+01 2.997987365722656250e+02 1.723162841796875000e+01 1.056744842529296875e+02 4.999858856201171875e+00 -5.200543880462646484e+00 1.986176490783691406e+01
3.202908113598823547e-02 3.366260528564453125e+01 2.653803100585937500e+02 3.193089294433593750e+02 1.193376770019531250e+02 1.227854633331298828e+01 3.313686370849609375e+01 9.189629364013671875e+01 2.899773864746093750e+02 1.122217655181884766e+01 1.007605209350585938e+02 3.397475004196166992e+00 9.639601409435272217e-02 1.986176490783691406e+01
3.846523538231849670e-02 3.064956092834472656e+01 2.358342132568359375e+02 2.874494018554687500e+02 1.130773315429687500e+02 -1.474614257812500000e+02 3.011881256103515625e+01 8.255231475830078125e+01 2.593051452636718750e+02 1.186150169372558594e+01 9.113893890380859375e+01 4.313781261444091797e+00 -5.246143341064453125e+00 1.986176490783691406e+01
4.443310573697090149e-02 2.536373329162597656e+01 1.986312255859375000e+02 2.411765594482421875e+02 1.308105468750000000e+02 4.161538314819335938e+01 2.489132690429687500e+01 6.852879333496093750e+01 2.178205261230468750e+02 1.534980392456054688e+01 7.545331573486328125e+01 5.104396820068359375e+00 5.549672842025756836e-01 1.986176490783691406e+01
5.042308941483497620e-02 1.852317428588867188e+01 1.443425140380859375e+02 1.803579559326171875e+02 1.277990188598632812e+02 -1.023230171203613281e+01 1.815810775756835938e+01 4.917013549804687500e+01 1.603089294433593750e+02 1.630136108398437500e+01 5.498691177368164062e+01 5.679533958435058594e+00 -5.897770524024963379e-01 1.986176490783691406e+01
5.690929666161537170e-02 1.909064102172851562e+01 1.558719177246093750e+02 1.860745086669921875e+02 5.199568176269531250e+01 -1.124809360504150391e+01 1.869481086730957031e+01 5.197492599487304688e+01 1.691885528564453125e+02 3.404558181762695312e+00 5.677830886840820312e+01 1.051365256309509277e+00 -3.179252520203590393e-02 1.986176490783691406e+01
6.341847032308578491e-02 1.650710678100585938e+01 1.347587432861328125e+02 1.623181304931640625e+02 7.425957489013671875e+01 6.132323837280273438e+01 1.615016174316406250e+01 4.460243606567382812e+01 1.467845306396484375e+02 7.491296291351318359e+00 4.885655212402343750e+01 2.309991836547851562e+00 1.319359540939331055e+00 1.986176490783691406e+01
6.949992477893829346e-02 1.629995346069335938e+01 1.365920715332031250e+02 1.618451538085937500e+02 5.494698333740234375e+01 -9.842181205749511719e+00 1.593797016143798828e+01 4.459896469116210938e+01 1.475906219482421875e+02 5.087372779846191406e+00 4.845563888549804688e+01 1.541196703910827637e+00 -4.338275492191314697e-01 1.986176490783691406e+01
7.558133453130722046e-02 1.487459945678710938e+01 1.274588317871093750e+02 1.531605224609375000e+02 5.474554061889648438e+01 -3.515774011611938477e+00 1.453422355651855469e+01 4.090110397338867188e+01 1.383979644775390625e+02 4.601003646850585938e+00 4.469781494140625000e+01 1.636303544044494629e+00 -1.421691030263900757e-01 1.986176490783691406e+01
8.196274191141128540e-02 1.337431621551513672e+01 1.175957717895507812e+02 1.399042663574218750e+02 5.318483352661132812e+01 4.323081016540527344e+00 1.305994510650634766e+01 3.707909393310546875e+01 1.269832305908203125e+02 5.089350700378417969e+00 4.041504669189453125e+01 1.883364081382751465e+00 2.526814937591552734e-01 1.986176490783691406e+01
8.830232173204421997e-02 1.134461784362792969e+01 1.041244735717773438e+02 1.259684219360351562e+02 6.350741195678710938e+01 1.053565883636474609e+01 1.107331943511962891e+01 3.170046806335449219e+01 1.130813446044921875e+02 6.853874683380126953e+00 3.462976455688476562e+01 2.179952383041381836e+00 1.245200932025909424e-01 1.986176490783691406e+01
9.435217082500457764e-02 9.909083366394042969e+00 9.310673522949218750e+01 1.107738265991210938e+02 3.263714218139648438e+01 8.181432723999023438e+00 9.667398452758789062e+00 2.777946472167968750e+01 1.000010223388671875e+02 1.584514975547790527e+00 3.000660514831542969e+01 4.292949140071868896e-01 3.127837181091308594e-01 1.986176490783691406e+01
1.005600690841674805e-01 9.301787376403808594e+00 8.965582275390625000e+01 1.074682998657226562e+02 4.457833480834960938e+01 3.435822725296020508e+00 9.071663856506347656e+00 2.640049934387207031e+01 9.651656341552734375e+01 3.886070013046264648e+00 2.858612060546875000e+01 1.142223119735717773e+00 -1.551707088947296143e-01 1.986176490783691406e+01
1.070138886570930481e-01 8.478881835937500000e+00 8.354735565185546875e+01 9.829302215576171875e+01 2.484101295471191406e+01 1.304378223419189453e+01 8.265839576721191406e+00 2.417740821838378906e+01 8.892997741699218750e+01 1.033737778663635254e+00 2.598590087890625000e+01 4.095050394535064697e-01 3.068522512912750244e-01 1.986176490783691406e+01
1.134273484349250793e-01 7.989336013793945312e+00 8.001583099365234375e+01 9.547634887695312500e+01 2.892563438415527344e+01 1.648579788208007812e+01 7.786432266235351562e+00 2.276772880554199219e+01 8.561132812500000000e+01 1.362453579902648926e+00 2.463234710693359375e+01 5.149278640747070312e-01 3.778240978717803955e-01 1.986176490783691406e+01
1.196089535951614380e-01 7.308548927307128906e+00 7.376766204833984375e+01 8.615209197998046875e+01 2.057731819152832031e+01 4.262131690979003906e+00 7.120162487030029297e+00 2.063404846191406250e+01 7.786238098144531250e+01 6.217361688613891602e-01 2.197740554809570312e+01 1.624564379453659058e-01 4.889903590083122253e-02 1.986176490783691406e+01
1.257804334163665771e-01 7.154739379882812500e+00 7.358441162109375000e+01 8.541837310791015625e+01 2.561749267578125000e+01 -2.821202278137207031e+00 6.968951225280761719e+00 2.052313613891601562e+01 7.735627746582031250e+01 1.597503542900085449e+00 2.181684112548828125e+01 6.179522275924682617e-01 -1.166879758238792419e-01 1.986176490783691406e+01
1.321490257978439331e-01 6.717152595520019531e+00 7.125716400146484375e+01 8.361126708984375000e+01 2.650214195251464844e+01 9.030018806457519531e+00 6.541208267211914062e+00 1.946128273010253906e+01 7.512184906005859375e+01 1.598096370697021484e+00 2.074853897094726562e+01 5.915656685829162598e-01 3.154434859752655029e-01 1.986176490783691406e+01
1.384563297033309937e-01 6.351161003112792969e+00 6.791763305664062500e+01 7.853689575195312500e+01 2.141066932678222656e+01 3.406887054443359375e+00 6.183385372161865234e+00 1.835076522827148438e+01 7.092845153808593750e+01 1.032659173011779785e+00 1.936135864257812500e+01 3.268977403640747070e-01 4.559047054499387741e-03 1.986176490783691406e+01
1.446497291326522827e-01 5.806758880615234375e+00 6.443217468261718750e+01 7.545227050781250000e+01 2.486802864074707031e+01 4.667320251464843750e+00 5.652374267578125000e+00 1.694386291503906250e+01 6.751657867431640625e+01 1.537426590919494629e+00 1.788554763793945312e+01 3.797283470630645752e-01 8.579605259001255035e-03 1.986176490783691406e+01
1.508535146713256836e-01 5.279395103454589844e+00 6.156378173828125000e+01 7.201707458496093750e+01 2.138888359069824219e+01 3.369137287139892578e+00 5.138025283813476562e+00 1.565439987182617188e+01 6.422086334228515625e+01 7.865931987762451172e-01 1.657998847961425781e+01 3.466633260250091553e-01 1.189756840467453003e-01 1.986176490783691406e+01
1.571729034185409546e-01 4.822335243225097656e+00 5.639292907714843750e+01 6.611813354492187500e+01 2.452692222595214844e+01 7.085219860076904297e+00 4.692339420318603516e+00 1.415666389465332031e+01 5.865130233764648438e+01 1.642353296279907227e+00 1.494761848449707031e+01 5.415463447570800781e-01 1.842702031135559082e-01 1.986176490783691406e+01
1.635417938232421875e-01 4.575178146362304688e+00 5.488133621215820312e+01 6.509846496582031250e+01 2.762556838989257812e+01 3.760848283767700195e+00 4.451024532318115234e+00 1.352498340606689453e+01 5.724303054809570312e+01 1.994642734527587891e+00 1.431654071807861328e+01 5.791419744491577148e-01 6.203356757760047913e-02 1.986176490783691406e+01
1.698256134986877441e-01 4.321966648101806641e+00 5.311872863769531250e+01 6.234609603881835938e+01 1.669297027587890625e+01 6.690579652786254883e-01 4.204134941101074219e+00 1.291724681854248047e+01 5.492119216918945312e+01 2.446837574243545532e-01 1.354000473022460938e+01 5.783810093998908997e-02 4.534705728292465210e-02 1.986176490783691406e+01
1.761013567447662354e-01 4.136157512664794922e+00 5.223007965087890625e+01 6.141038131713867188e+01 2.043502998352050781e+01 -9.405038952827453613e-01 4.022850513458251953e+00 1.247401142120361328e+01 5.382438278198242188e+01 7.769202589988708496e-01 1.303658771514892578e+01 2.625310420989990234e-01 -3.222536295652389526e-02 1.986176490783691406e+01
1.823998540639877319e-01 3.901813030242919922e+00 4.977194595336914062e+01 5.822455215454101562e+01 1.760655975341796875e+01 7.281985282897949219e+00 3.794476747512817383e+00 1.174645423889160156e+01 5.104977416992187500e+01 3.813237249851226807e-01 1.221901321411132812e+01 1.099137142300605774e-01 1.582763642072677612e-01 1.986176490783691406e+01
1.886507123708724976e-01 3.768385887145996094e+00 4.916056823730468750e+01 5.742778778076171875e+01 1.577557849884033203e+01 -6.844640374183654785e-01 3.664265871047973633e+00 1.142606735229492188e+01 5.020712280273437500e+01 5.342677980661392212e-02 1.181460762023925781e+01 1.151286624372005463e-02 -2.249572053551673889e-02 1.986176490783691406e+01
1.949081569910049438e-01 3.684136152267456055e+00 4.813441848754882812e+01 5.598689270019531250e+01 1.886971092224121094e+01 3.477653115987777710e-02 3.582036256790161133e+00 1.110335159301757812e+01 4.894374465942382812e+01 6.147730946540832520e-01 1.143756961822509766e+01 1.790159046649932861e-01 -2.737871557474136353e-02 1.986176490783691406e+01
2.011425346136093140e-01 3.423908710479736328e+00 4.654402923583984375e+01 5.443009185791015625e+01 1.791876411437988281e+01 6.112494945526123047e+00 3.328465461730957031e+00 1.041971874237060547e+01 4.716847610473632812e+01 3.482713401317596436e-01 1.070481681823730469e+01 1.268007904291152954e-01 9.956652671098709106e-02 1.986176490783691406e+01
2.073954045772552490e-01 3.269000530242919922e+00 4.455425262451171875e+01 5.206352615356445312e+01 1.821775245666503906e+01 4.786222457885742188e+00 3.177764654159545898e+00 9.906251907348632812e+00 4.477979278564453125e+01 3.592691123485565186e-01 1.016436100006103516e+01 1.991806924343109131e-01 7.514793425798416138e-02 1.986176490783691406e+01
2.137389332056045532e-01 3.120523691177368164e+00 4.410752487182617188e+01 5.083340072631835938e+01 1.363381767272949219e+01 3.421898365020751953e+00 3.033132076263427734e+00 9.614259719848632812e+00 4.397179031372070312e+01 -3.312307596206665039e-01 9.738029479980468750e+00 1.671435311436653137e-02 1.415768358856439590e-02 1.986176490783691406e+01
2.200330942869186401e-01 3.001617908477783203e+00 4.324808120727539062e+01 4.973759078979492188e+01 1.363102912902832031e+01 7.201177477836608887e-01 2.917219638824462891e+00 9.346362113952636719e+00 4.291413116455078125e+01 -3.071049451828002930e-01 9.448811531066894531e+00 -3.286264138296246529e-03 -3.011004067957401276e-02 1.986176490783691406e+01
2.262930423021316528e-01 2.810914516448974609e+00 4.183895111083984375e+01 4.833590316772460938e+01 1.387616634368896484e+01 -1.933536767959594727e+00 2.731642246246337891e+00 8.848726272583007812e+00 4.144129562377929688e+01 -1.421471536159515381e-01 8.930953979492187500e+00 4.889466241002082825e-02 -8.370648324489593506e-02 1.986176490783691406e+01
2.325985133647918701e-01 2.658580780029296875e+00 4.096657562255859375e+01 4.705766296386718750e+01 1.357774162292480469e+01 5.953516006469726562e+00 2.583482503890991211e+00 8.386894226074218750e+00 4.022819900512695312e+01 -2.470806539058685303e-01 8.385784149169921875e+00 -2.196385711431503296e-02 1.184830293059349060e-01 1.986176490783691406e+01
2.388891130685806274e-01 2.606721162796020508e+00 4.013939285278320312e+01 4.578649902343750000e+01 1.184667205810546875e+01 1.613724470138549805e+00 2.532811403274536133e+00 8.197007179260253906e+00 3.925104141235351562e+01 -4.631671905517578125e-01 8.184572219848632812e+00 -3.222960233688354492e-02 1.309978310018777847e-02 1.986176490783691406e+01
2.451218813657760620e-01 2.510601758956909180e+00 3.909727859497070312e+01 4.481106948852539062e+01 1.180144786834716797e+01 3.435099363327026367e+00 2.439374446868896484e+00 7.904055118560791016e+00 3.797114181518554688e+01 -5.534341931343078613e-01 7.829658985137939453e+00 -5.906689912080764771e-02 5.457317084074020386e-02 1.986176490783691406e+01
2.513737380504608154e-01 2.378626108169555664e+00 3.793518447875976562e+01 4.383901214599609375e+01 1.337912559509277344e+01 4.521258831024169922e+00 2.310985088348388672e+00 7.524932861328125000e+00 3.688277053833007812e+01 -3.194389343261718750e-01 7.429924964904785156e+00 -3.198268637061119080e-02 4.448594152927398682e-02 1.986176490783691406e+01
2.577070593833923340e-01 2.353652715682983398e+00 3.811323165893554688e+01 4.300649642944335938e+01 1.021307849884033203e+01 2.212237358093261719e+00 2.286547183990478516e+00 7.483393192291259766e+00 3.636686706542968750e+01 -8.958916664123535156e-01 7.308731555938720703e+00 -9.574060142040252686e-02 2.943911589682102203e-02 1.986176490783691406e+01
2.640204429626464844e-01 2.294480800628662109e+00 3.749329376220703125e+01 4.229610061645507812e+01 1.143800830841064453e+01 6.065573215484619141e+00 2.228983879089355469e+00 7.268383502960205078e+00 3.562334823608398438e+01 -6.008251309394836426e-01 7.065394878387451172e+00 -4.267437383532524109e-02 1.145109832286834717e-01 1.986176490783691406e+01
2.702898085117340088e-01 2.167097330093383789e+00 3.670105743408203125e+01 4.146158981323242188e+01 1.115385723114013672e+01 1.125254392623901367e+00 2.105200767517089844e+00 7.024554729461669922e+00 3.475316238403320312e+01 -6.461623311042785645e-01 6.770552635192871094e+00 -7.182093709707260132e-02 -6.103013642132282257e-03 1.986176490783691406e+01
2.765615284442901611e-01 2.081871986389160156e+00 3.584067916870117188e+01 4.061673736572265625e+01 1.187583637237548828e+01 3.988316774368286133e+00 2.022253751754760742e+00 6.731448173522949219e+00 3.364325332641601562e+01 -6.569353342056274414e-01 6.458052635192871094e+00 -8.750313520431518555e-02 6.415568292140960693e-02 1.986176490783691406e+01
2.828698754310607910e-01 2.012688875198364258e+00 3.505010604858398438e+01 3.993443679809570312e+01 1.068832397460937500e+01 2.024880409240722656e+00 1.955002188682556152e+00 6.498002052307128906e+00 3.288257598876953125e+01 -8.634006381034851074e-01 6.228375434875488281e+00 -6.715070456266403198e-02 5.512751638889312744e-02 1.986176490783691406e+01
2.891486585140228271e-01 1.968445658683776855e+00 3.489774322509765625e+01 3.916264724731445312e+01 8.586908340454101562e+00 1.324375152587890625e+00 1.911881804466247559e+00 6.385898590087890625e+00 3.242637252807617188e+01 -1.032620668411254883e+00 6.055528640747070312e+00 -1.538070589303970337e-01 2.955087088048458099e-02 1.986176490783691406e+01
2.953523397445678711e-01 1.914009094238281250e+00 3.438747406005859375e+01 3.882123565673828125e+01 9.343717575073242188e+00 3.563524484634399414e+00 1.858883619308471680e+00 6.241750717163085938e+00 3.168751525878906250e+01 -1.219733715057373047e+00 5.839492797851562500e+00 -1.683942377567291260e-01 5.186867713928222656e-02 1.986176490783691406e+01
3.016075491905212402e-01 1.867799162864685059e+00 3.417738342285156250e+01 3.830473709106445312e+01 8.260650634765625000e+00 2.683656215667724609e+00 1.813993453979492188e+00 6.131599903106689453e+00 3.135730171203613281e+01 -1.260080337524414062e+00 5.736805438995361328e+00 -1.596741080284118652e-01 3.803259134292602539e-02 1.986176490783691406e+01
3.079382479190826416e-01 1.776692152023315430e+00 3.302624511718750000e+01 3.725987243652343750e+01 9.869541168212890625e+00 3.996201992034912109e+00 1.725388884544372559e+00 5.788335800170898438e+00 3.015972518920898438e+01 -1.032826662063598633e+00 5.430807590484619141e+00 -1.164639666676521301e-01 7.920800894498825073e-02 1.986176490783691406e+01
3.142760396003723145e-01 1.756013035774230957e+00 3.284276962280273438e+01 3.701049804687500000e+01 1.064994525909423828e+01 1.284115791320800781e+00 1.705217957496643066e+00 5.733409881591796875e+00 2.970768165588378906e+01 -8.998918533325195312e-01 5.304156303405761719e+00 -1.069253385066986084e-01 1.610556617379188538e-02 1.986176490783691406e+01
3.205462992191314697e-01 1.731059312820434570e+00 3.273001098632812500e+01 3.660625839233398438e+01 8.649675369262695312e+00 2.131491661071777344e+00 1.680937409400939941e+00 5.706480503082275391e+00 2.943735122680664062e+01 -1.230878829956054688e+00 5.250599384307861328e+00 -1.820878833532333374e-01 2.915672212839126587e-02 1.986176490783691406e+01
3.268128037452697754e-01 1.683996915817260742e+00 3.251003646850585938e+01 3.662365722656250000e+01 9.047643661499023438e+00 2.085626602172851562e+00 1.635204434394836426e+00 5.591628074645996094e+00 2.910648918151855469e+01 -1.224014878273010254e+00 5.116934776306152344e+00 -1.689473092555999756e-01 2.400831133127212524e-02 1.986176490783691406e+01
3.331238031387329102e-01 1.627300381660461426e+00 3.185939407348632812e+01 3.572469711303710938e+01 8.414657592773437500e+00 3.903065204620361328e+00 1.580082654953002930e+00 5.383004665374755859e+00 2.823602867126464844e+01 -1.411816835403442383e+00 4.867215156555175781e+00 -1.965687274932861328e-01 8.074506372213363647e-02 1.986176490783691406e+01
3.394046723842620850e-01 1.605910301208496094e+00 3.162179946899414062e+01 3.528695297241210938e+01 8.265229225158691406e+00 2.322597503662109375e+00 1.559338331222534180e+00 5.290586948394775391e+00 2.773184204101562500e+01 -1.514735937118530273e+00 4.729706764221191406e+00 -2.206466346979141235e-01 4.975385963916778564e-02 1.986176490783691406e+01
3.456391692161560059e-01 1.583670258522033691e+00 3.134884643554687500e+01 3.499199295043945312e+01 7.092443466186523438e+00 2.940964937210083008e+00 1.537624001502990723e+00 5.232907295227050781e+00 2.736755752563476562e+01 -1.604201078414916992e+00 4.674146652221679688e+00 -2.318806946277618408e-01 7.791130989789962769e-02 1.986176490783691406e+01
3.518808186054229736e-01 1.561774969100952148e+00 3.104139518737792969e+01 3.454011917114257812e+01 7.976679801940917969e+00 4.682151794433593750e+00 1.516333460807800293e+00 5.131650924682617188e+00 2.684529876708984375e+01 -1.523787498474121094e+00 4.534938335418701172e+00 -2.123074382543563843e-01 9.918913245201110840e-02 1.986176490783691406e+01
3.582032322883605957e-01 1.558127760887145996e+00 3.151506233215332031e+01 3.452107620239257812e+01 7.020570755004882812e+00 4.743797302246093750e+00 1.512729763984680176e+00 5.179096221923828125e+00 2.694948196411132812e+01 -1.694349050521850586e+00 4.543591499328613281e+00 -2.431488484144210815e-01 1.023942306637763977e-01 1.986176490783691406e+01
3.645117878913879395e-01 1.527603864669799805e+00 3.139436340332031250e+01 3.451215362548828125e+01 7.134241580963134766e+00 5.695219039916992188e+00 1.483053803443908691e+00 5.076042175292968750e+00 2.662606239318847656e+01 -1.875305414199829102e+00 4.403998851776123047e+00 -2.670072913169860840e-01 9.692775458097457886e-02 1.986176490783691406e+01
3.707640767097473145e-01 1.521972298622131348e+00 3.132240676879882812e+01 3.438581466674804688e+01 7.655941963195800781e+00 8.188782691955566406e+00 1.477568984031677246e+00 5.039285182952880859e+00 2.637759780883789062e+01 -1.880409121513366699e+00 4.345106601715087891e+00 -2.637099027633666992e-01 1.332722157239913940e-01 1.986176490783691406e+01
3.770540952682495117e-01 1.516952037811279297e+00 3.151646614074707031e+01 3.455663681030273438e+01 7.792506694793701172e+00 9.166546821594238281e+00 1.472674369812011719e+00 5.056065559387207031e+00 2.633111953735351562e+01 -1.917897343635559082e+00 4.319165229797363281e+00 -2.660674154758453369e-01 1.348558217287063599e-01 1.986176490783691406e+01
3.833588361740112305e-01 1.498933315277099609e+00 3.161845207214355469e+01 3.491157531738281250e+01 8.065035820007324219e+00 1.041175746917724609e+01 1.455109477043151855e+00 4.981540203094482422e+00 2.628284263610839844e+01 -2.005068778991699219e+00 4.223036766052246094e+00 -2.683559358119964600e-01 1.373005956411361694e-01 1.986176490783691406e+01
3.896513879299163818e-01 1.511807918548583984e+00 3.190113067626953125e+01 3.504996109008789062e+01 7.713393688201904297e+00 1.395160961151123047e+01 1.467601895332336426e+00 5.023967742919921875e+00 2.625453948974609375e+01 -2.257228136062622070e+00 4.225499153137207031e+00 -3.236759305000305176e-01 1.992476731538772583e-01 1.986176490783691406e+01
3.958770036697387695e-01 1.517193675041198730e+00 3.263537979125976562e+01 3.543503570556640625e+01 8.279593467712402344e+00 1.579269790649414062e+01 1.472778916358947754e+00 5.102177619934082031e+00 2.643079376220703125e+01 -2.278286457061767578e+00 4.228557586669921875e+00 -2.972189188003540039e-01 2.106591910123825073e-01 1.986176490783691406e+01
4.021010994911193848e-01 1.523092269897460938e+00 3.356151580810546875e+01 3.651150894165039062e+01 6.660062313079833984e+00 1.454389190673828125e+01 1.478480339050292969e+00 5.161128520965576172e+00 2.728594207763671875e+01 -2.639372587203979492e+00 4.292746543884277344e+00 -3.639298379421234131e-01 2.040349394083023071e-01 1.986176490783691406e+01
