# k, P_{cc}, P_{hh,r}, P_{hh,0}, P_{hh,2}, P_{hh,4}, P_{h0,hr}, P_{h2,hr}, P_{hc,r}, P_{hc,0}, P_{hc,2}, P_{hc,4}, P_pSN
#  Realization 161
8.018244989216327667e-03 4.366003799438476562e+01 3.356121520996093750e+02 4.161791992187500000e+02 2.677209777832031250e+02 -3.962162017822265625e+01 3.726606140136718750e+02 3.568523788452148438e+01 1.196672363281250000e+02 1.324970397949218750e+02 8.263051986694335938e+00 -4.795602321624755859e+00 1.975974273681640625e+01
1.401655934751033783e-02 3.454375457763671875e+01 2.425431365966796875e+02 2.926102600097656250e+02 1.388938426971435547e+01 -3.024542808532714844e+01 2.654605407714843750e+02 -6.596496582031250000e+00 8.810419464111328125e+01 9.725361633300781250e+01 -1.662358760833740234e+00 -3.481716632843017578e+00 1.975974273681640625e+01
1.969251595437526703e-02 3.398926544189453125e+01 2.747021179199218750e+02 3.199950256347656250e+02 -4.314338302612304688e+01 8.688845062255859375e+01 2.955234069824218750e+02 -1.787591171264648438e+01 9.408335876464843750e+01 1.016057357788085938e+02 -7.038681030273437500e+00 3.584375381469726562e+00 1.975974273681640625e+01
2.551339380443096161e-02 3.784191131591796875e+01 2.907312622070312500e+02 3.558103637695312500e+02 1.514219207763671875e+02 2.000650405883789062e+00 3.203355407714843750e+02 1.456268692016601562e+01 1.027855834960937500e+02 1.136916275024414062e+02 5.827311992645263672e+00 1.492682933807373047e+00 1.975974273681640625e+01
3.202908113598823547e-02 3.251271057128906250e+01 2.613858032226562500e+02 3.152750549316406250e+02 6.910993194580078125e+01 -2.412582550048828125e+02 2.861682739257812500e+02 4.533312797546386719e+00 8.960398864746093750e+01 9.848471832275390625e+01 1.245217084884643555e+00 -8.487133026123046875e+00 1.975974273681640625e+01
3.846523538231849670e-02 2.939790344238281250e+01 2.287029876708984375e+02 2.735898132324218750e+02 6.706541442871093750e+01 -1.609763622283935547e+00 2.490733489990234375e+02 3.341898679733276367e+00 7.946546936035156250e+01 8.693678283691406250e+01 8.463735580444335938e-01 -4.105142056941986084e-01 1.975974273681640625e+01
4.443310573697090149e-02 2.248904609680175781e+01 1.779249572753906250e+02 2.156527252197265625e+02 8.120291137695312500e+01 8.705443382263183594e+00 1.948926696777343750e+02 7.151795387268066406e+00 6.069093322753906250e+01 6.693352508544921875e+01 2.947691202163696289e+00 7.703482359647750854e-02 1.975974273681640625e+01
5.042308941483497620e-02 2.277283287048339844e+01 1.842069091796875000e+02 2.221073608398437500e+02 5.898817443847656250e+01 -3.859122085571289062e+01 2.011580200195312500e+02 3.153786182403564453e+00 6.221422958374023438e+01 6.842481994628906250e+01 1.599155783653259277e+00 -1.407622337341308594e+00 1.975974273681640625e+01
5.690929666161537170e-02 1.905225944519042969e+01 1.521395111083984375e+02 1.855711669921875000e+02 8.241419982910156250e+01 -2.941187286376953125e+01 1.669931030273437500e+02 8.917214393615722656e+00 5.119219589233398438e+01 5.657596588134765625e+01 3.117572784423828125e+00 -1.294780373573303223e+00 1.975974273681640625e+01
6.341847032308578491e-02 1.677999114990234375e+01 1.413799438476562500e+02 1.684217681884765625e+02 5.730711364746093750e+01 3.736908674240112305e+00 1.532084197998046875e+02 4.967609882354736328e+00 4.594961547851562500e+01 5.007857513427734375e+01 1.953962087631225586e+00 -1.478577703237533569e-01 1.975974273681640625e+01
6.949992477893829346e-02 1.631831741333007812e+01 1.401637115478515625e+02 1.672816162109375000e+02 5.871430969238281250e+01 5.567213058471679688e+00 1.519707489013671875e+02 5.262086868286132812e+00 4.519524765014648438e+01 4.931367111206054688e+01 1.839240789413452148e+00 1.869266778230667114e-01 1.975974273681640625e+01
7.558133453130722046e-02 1.405515766143798828e+01 1.211573944091796875e+02 1.445563049316406250e+02 4.750797271728515625e+01 -6.195851325988769531e+00 1.311410675048828125e+02 3.851413488388061523e+00 3.882386779785156250e+01 4.233381271362304688e+01 1.504533052444458008e+00 -3.199644684791564941e-01 1.975974273681640625e+01
8.196274191141128540e-02 1.329111862182617188e+01 1.177146377563476562e+02 1.392875823974609375e+02 4.014375305175781250e+01 -9.417037010192871094e+00 1.267370223999023438e+02 2.709472179412841797e+00 3.688881301879882812e+01 3.998546218872070312e+01 1.019980430603027344e+00 -3.849037289619445801e-01 1.975974273681640625e+01
8.830232173204421997e-02 1.147837352752685547e+01 1.004902648925781250e+02 1.208840560913085938e+02 5.123403549194335938e+01 1.490116310119628906e+01 1.087722396850585938e+02 4.699398994445800781e+00 3.140709495544433594e+01 3.435443115234375000e+01 1.853884816169738770e+00 2.805154323577880859e-01 1.975974273681640625e+01
9.435217082500457764e-02 1.095955371856689453e+01 1.005837402343750000e+02 1.191232604980468750e+02 4.173650741577148438e+01 1.749057769775390625e+01 1.080064468383789062e+02 3.228696346282958984e+00 3.064332199096679688e+01 3.304799270629882812e+01 9.863107800483703613e-01 2.607042491436004639e-01 1.975974273681640625e+01
1.005600690841674805e-01 9.045536994934082031e+00 8.692791748046875000e+01 1.026132049560546875e+02 2.847999954223632812e+01 -1.626421737670898438e+01 9.302468872070312500e+01 1.782919049263000488e+00 2.543841171264648438e+01 2.747194671630859375e+01 6.490641832351684570e-01 -4.693306684494018555e-01 1.975974273681640625e+01
1.070138886570930481e-01 8.294674873352050781e+00 8.256999206542968750e+01 9.810282897949218750e+01 4.190050506591796875e+01 4.367696285247802734e+00 8.838032531738281250e+01 3.970182418823242188e+00 2.362824630737304688e+01 2.551003265380859375e+01 1.193532705307006836e+00 7.183850556612014771e-02 1.975974273681640625e+01
1.134273484349250793e-01 7.638931751251220703e+00 7.519280242919921875e+01 8.899254608154296875e+01 3.117894363403320312e+01 2.636748075485229492e+00 8.008269500732421875e+01 2.227490663528442383e+00 2.152885055541992188e+01 2.311429786682128906e+01 6.501818299293518066e-01 -4.155754297971725464e-02 1.975974273681640625e+01
1.196089535951614380e-01 7.557422161102294922e+00 7.521411132812500000e+01 8.905826568603515625e+01 2.825367736816406250e+01 3.654555559158325195e+00 8.004881286621093750e+01 1.689128160476684570e+00 2.144499206542968750e+01 2.302263450622558594e+01 5.566511154174804688e-01 -1.208585966378450394e-02 1.975974273681640625e+01
1.257804334163665771e-01 7.144652366638183594e+00 7.294505310058593750e+01 8.604735565185546875e+01 2.900038146972656250e+01 3.906610250473022461e+00 7.735260009765625000e+01 1.907972216606140137e+00 2.033499526977539062e+01 2.178772544860839844e+01 7.023286223411560059e-01 2.985032834112644196e-02 1.975974273681640625e+01
1.321490257978439331e-01 6.608567714691162109e+00 6.852855682373046875e+01 8.032404327392578125e+01 2.527081680297851562e+01 2.380733966827392578e+00 7.227360534667968750e+01 1.593109369277954102e+00 1.886390686035156250e+01 2.005098915100097656e+01 4.132786393165588379e-01 1.047985628247261047e-01 1.975974273681640625e+01
1.384563297033309937e-01 6.300467491149902344e+00 6.836809539794921875e+01 7.979852294921875000e+01 2.307934761047363281e+01 6.031023025512695312e+00 7.178689575195312500e+01 1.088691711425781250e+00 1.829955863952636719e+01 1.942498970031738281e+01 3.979014456272125244e-01 1.291785622015595436e-03 1.975974273681640625e+01
1.446497291326522827e-01 5.776469230651855469e+00 6.330596542358398438e+01 7.305941009521484375e+01 2.102355384826660156e+01 1.019840002059936523e+00 6.582199096679687500e+01 9.763622283935546875e-01 1.673391151428222656e+01 1.759674453735351562e+01 2.919017970561981201e-01 -8.430755138397216797e-02 1.975974273681640625e+01
1.508535146713256836e-01 5.389123916625976562e+00 6.143204498291015625e+01 7.178056335449218750e+01 2.388707351684570312e+01 2.459834218025207520e-01 6.412608337402343750e+01 1.424997210502624512e+00 1.582028579711914062e+01 1.673844718933105469e+01 4.706727266311645508e-01 -5.324827507138252258e-02 1.975974273681640625e+01
1.571729034185409546e-01 4.901755809783935547e+00 5.827462387084960938e+01 6.855044555664062500e+01 2.249060440063476562e+01 2.533740043640136719e+00 6.082629013061523438e+01 1.013562560081481934e+00 1.456519603729248047e+01 1.535862064361572266e+01 3.450774252414703369e-01 2.905774116516113281e-02 1.975974273681640625e+01
1.635417938232421875e-01 4.577944278717041016e+00 5.479188156127929688e+01 6.414263916015625000e+01 1.994742012023925781e+01 9.843570590019226074e-01 5.682949447631835938e+01 7.838159203529357910e-01 1.357371616363525391e+01 1.428910350799560547e+01 2.138486206531524658e-01 -2.298678830265998840e-02 1.975974273681640625e+01
1.698256134986877441e-01 4.150834083557128906e+00 5.252234649658203125e+01 6.144388961791992188e+01 1.990550804138183594e+01 2.370869398117065430e+00 5.425908660888671875e+01 8.451929688453674316e-01 1.249434089660644531e+01 1.310816860198974609e+01 1.842841356992721558e-01 3.900697082281112671e-02 1.975974273681640625e+01
1.761013567447662354e-01 4.182403564453125000e+00 5.194334793090820312e+01 6.057653427124023438e+01 1.847344398498535156e+01 3.008622646331787109e+00 5.342684936523437500e+01 4.502475857734680176e-01 1.251480960845947266e+01 1.308072948455810547e+01 2.245487719774246216e-01 -5.964389420114457607e-04 1.975974273681640625e+01
1.823998540639877319e-01 3.883725166320800781e+00 4.957861709594726562e+01 5.764321517944335938e+01 1.480732154846191406e+01 4.908807754516601562e+00 5.073612976074218750e+01 -4.040631279349327087e-02 1.162242221832275391e+01 1.208532047271728516e+01 3.347678482532501221e-02 5.590689927339553833e-02 1.975974273681640625e+01
1.886507123708724976e-01 3.783594369888305664e+00 4.908596038818359375e+01 5.633507919311523438e+01 1.714357757568359375e+01 3.028544664382934570e+00 4.978297424316406250e+01 6.609100103378295898e-01 1.146782016754150391e+01 1.180036830902099609e+01 1.633254438638687134e-01 6.327415257692337036e-02 1.975974273681640625e+01
1.949081569910049438e-01 3.618628025054931641e+00 4.736550521850585938e+01 5.530165100097656250e+01 1.672369575500488281e+01 1.817860603332519531e+00 4.827280426025390625e+01 2.838386297225952148e-01 1.096160221099853516e+01 1.134598636627197266e+01 1.287714838981628418e-01 2.572721103206276894e-03 1.975974273681640625e+01
2.011425346136093140e-01 3.488526105880737305e+00 4.643851470947265625e+01 5.366617965698242188e+01 1.680924415588378906e+01 5.221071243286132812e+00 4.703789138793945312e+01 3.945529162883758545e-01 1.056926250457763672e+01 1.086702728271484375e+01 1.499576717615127563e-01 8.444675058126449585e-02 1.975974273681640625e+01
2.073954045772552490e-01 3.216111183166503906e+00 4.458863449096679688e+01 5.093373489379882812e+01 1.434071254730224609e+01 2.069483995437622070e+00 4.463329315185546875e+01 2.154970169067382812e-01 9.841879844665527344e+00 1.002052974700927734e+01 1.163472756743431091e-01 8.067918941378593445e-03 1.975974273681640625e+01
2.137389332056045532e-01 3.110235452651977539e+00 4.391772079467773438e+01 5.030006408691406250e+01 1.595541191101074219e+01 7.025985717773437500e+00 4.378100585937500000e+01 2.800920307636260986e-01 9.645752906799316406e+00 9.769057273864746094e+00 1.566742658615112305e-01 1.586871147155761719e-01 1.975974273681640625e+01
2.200330942869186401e-01 2.935770511627197266e+00 4.266895294189453125e+01 4.884548950195312500e+01 1.493841171264648438e+01 7.828277111053466797e+00 4.228121948242187500e+01 -6.300324946641921997e-02 9.155490875244140625e+00 9.242870330810546875e+00 4.727999120950698853e-02 1.197432056069374084e-01 1.975974273681640625e+01
2.262930423021316528e-01 2.779822349548339844e+00 4.134149932861328125e+01 4.808782196044921875e+01 1.504738426208496094e+01 1.067318081855773926e+00 4.114589309692382812e+01 4.919992759823799133e-02 8.658635139465332031e+00 8.775921821594238281e+00 4.296122118830680847e-02 -6.017995066940784454e-03 1.975974273681640625e+01
2.325985133647918701e-01 2.668530225753784180e+00 4.012430572509765625e+01 4.597555541992187500e+01 1.334461402893066406e+01 2.949258565902709961e+00 3.950781631469726562e+01 -1.798253655433654785e-01 8.314551353454589844e+00 8.349438667297363281e+00 1.002883166074752808e-02 3.183087334036827087e-02 1.975974273681640625e+01
2.388891130685806274e-01 2.601134061813354492e+00 4.021681213378906250e+01 4.602334213256835938e+01 1.356100654602050781e+01 2.507934331893920898e+00 3.937536239624023438e+01 -1.924346685409545898e-01 8.227808952331542969e+00 8.228536605834960938e+00 8.638474158942699432e-03 2.708864957094192505e-02 1.975974273681640625e+01
2.451218813657760620e-01 2.505766153335571289e+00 3.891321945190429688e+01 4.442153549194335938e+01 1.166618633270263672e+01 1.593593835830688477e+00 3.784290313720703125e+01 -5.786396265029907227e-01 7.887878417968750000e+00 7.805296421051025391e+00 -9.685005992650985718e-02 -1.985216885805130005e-02 1.975974273681640625e+01
2.513737380504608154e-01 2.376718044281005859e+00 3.785534667968750000e+01 4.326304244995117188e+01 1.153571128845214844e+01 1.317635416984558105e+00 3.667410659790039062e+01 -4.730838537216186523e-01 7.485834598541259766e+00 7.382898807525634766e+00 -4.195892065763473511e-02 1.528824120759963989e-02 1.975974273681640625e+01
2.577070593833923340e-01 2.342372179031372070e+00 3.813722229003906250e+01 4.357651901245117188e+01 1.312968444824218750e+01 3.622173070907592773e+00 3.675112152099609375e+01 -4.370779097080230713e-01 7.498217582702636719e+00 7.357246875762939453e+00 -4.050562158226966858e-02 1.455824542790651321e-02 1.975974273681640625e+01
2.640204429626464844e-01 2.261114835739135742e+00 3.792861557006835938e+01 4.301198959350585938e+01 1.100840759277343750e+01 4.759368419647216797e+00 3.634172439575195312e+01 -6.423110961914062500e-01 7.325978279113769531e+00 7.151282310485839844e+00 -6.557084619998931885e-02 9.407651424407958984e-02 1.975974273681640625e+01
2.702898085117340088e-01 2.151732683181762695e+00 3.614224624633789062e+01 4.082054138183593750e+01 1.047576618194580078e+01 3.499083757400512695e+00 3.426251602172851562e+01 -7.647645473480224609e-01 6.910161018371582031e+00 6.650108814239501953e+00 -1.523867547512054443e-01 7.485201954841613770e-02 1.975974273681640625e+01
2.765615284442901611e-01 2.065504550933837891e+00 3.574578094482421875e+01 4.007256317138671875e+01 1.032423686981201172e+01 3.805054664611816406e+00 3.365300750732421875e+01 -7.340384125709533691e-01 6.647138595581054688e+00 6.376183986663818359e+00 -8.498682826757431030e-02 5.089835077524185181e-02 1.975974273681640625e+01
2.828698754310607910e-01 2.051462411880493164e+00 3.563611221313476562e+01 4.016297531127929688e+01 1.122361469268798828e+01 2.000064134597778320e+00 3.351329040527343750e+01 -5.240887999534606934e-01 6.670023918151855469e+00 6.397331237792968750e+00 -7.248080521821975708e-02 6.263360381126403809e-02 1.975974273681640625e+01
2.891486585140228271e-01 1.967911481857299805e+00 3.504591369628906250e+01 3.944536209106445312e+01 1.011754131317138672e+01 4.669866561889648438e+00 3.275058746337890625e+01 -8.260729908943176270e-01 6.440912723541259766e+00 6.132456302642822266e+00 -1.241916790604591370e-01 9.317043423652648926e-02 1.975974273681640625e+01
2.953523397445678711e-01 1.898187398910522461e+00 3.432358551025390625e+01 3.873131561279296875e+01 9.316296577453613281e+00 1.742164969444274902e+00 3.190830612182617188e+01 -1.006213784217834473e+00 6.209914207458496094e+00 5.882972240447998047e+00 -1.478420048952102661e-01 3.686309978365898132e-02 1.975974273681640625e+01
3.016075491905212402e-01 1.843050599098205566e+00 3.365139389038085938e+01 3.810725784301757812e+01 9.383418083190917969e+00 3.836317777633666992e+00 3.109818840026855469e+01 -1.034816384315490723e+00 6.026470661163330078e+00 5.674255847930908203e+00 -1.501285433769226074e-01 7.761623710393905640e-02 1.975974273681640625e+01
3.079382479190826416e-01 1.786801457405090332e+00 3.332562255859375000e+01 3.738595581054687500e+01 9.072041511535644531e+00 3.191556692123413086e+00 3.055163002014160156e+01 -1.120997071266174316e+00 5.872237205505371094e+00 5.478773117065429688e+00 -1.635027676820755005e-01 5.874665454030036926e-02 1.975974273681640625e+01
3.142760396003723145e-01 1.751722693443298340e+00 3.322410964965820312e+01 3.702145385742187500e+01 9.463738441467285156e+00 2.977859973907470703e+00 3.002800369262695312e+01 -1.083699703216552734e+00 5.828570365905761719e+00 5.385151863098144531e+00 -1.207162067294120789e-01 4.472991451621055603e-02 1.975974273681640625e+01
3.205462992191314697e-01 1.722784161567687988e+00 3.308407974243164062e+01 3.677560424804687500e+01 8.527329444885253906e+00 3.860613822937011719e+00 2.985570716857910156e+01 -1.181136250495910645e+00 5.717821598052978516e+00 5.273542404174804688e+00 -1.971224546432495117e-01 8.584146201610565186e-02 1.975974273681640625e+01
3.268128037452697754e-01 1.665167689323425293e+00 3.237135696411132812e+01 3.612494277954101562e+01 9.395618438720703125e+00 2.225918531417846680e+00 2.897015762329101562e+01 -1.161494374275207520e+00 5.519621849060058594e+00 5.025061130523681641e+00 -1.591388136148452759e-01 4.632134735584259033e-02 1.975974273681640625e+01
3.331238031387329102e-01 1.625210046768188477e+00 3.194827461242675781e+01 3.548949813842773438e+01 8.613100051879882812e+00 4.205925941467285156e+00 2.838822364807128906e+01 -1.296360611915588379e+00 5.393601894378662109e+00 4.874830722808837891e+00 -1.916754543781280518e-01 6.577204167842864990e-02 1.975974273681640625e+01
3.394046723842620850e-01 1.607903718948364258e+00 3.211672592163085938e+01 3.574055862426757812e+01 8.286842346191406250e+00 3.404181480407714844e+00 2.839194107055664062e+01 -1.370421886444091797e+00 5.372411251068115234e+00 4.873523712158203125e+00 -1.843713670969009399e-01 6.742639839649200439e-02 1.975974273681640625e+01
3.456391692161560059e-01 1.588273048400878906e+00 3.147630119323730469e+01 3.483104705810546875e+01 9.352555274963378906e+00 3.525026082992553711e+00 2.763586044311523438e+01 -1.149958014488220215e+00 5.243577003479003906e+00 4.704401969909667969e+00 -1.616424322128295898e-01 6.623516976833343506e-02 1.975974273681640625e+01
3.518808186054229736e-01 1.574133872985839844e+00 3.139384841918945312e+01 3.513290786743164062e+01 8.576199531555175781e+00 5.096652030944824219e+00 2.742833709716796875e+01 -1.470389842987060547e+00 5.218009948730468750e+00 4.670500278472900391e+00 -2.082858085632324219e-01 9.115538746118545532e-02 1.975974273681640625e+01
3.582032322883605957e-01 1.537117481231689453e+00 3.113679504394531250e+01 3.498985290527343750e+01 8.982396125793457031e+00 6.156072139739990234e+00 2.720774459838867188e+01 -1.481407761573791504e+00 5.132419109344482422e+00 4.559524059295654297e+00 -2.374119013547897339e-01 9.961801022291183472e-02 1.975974273681640625e+01
3.645117878913879395e-01 1.519019842147827148e+00 3.132129859924316406e+01 3.453171157836914062e+01 7.968449592590332031e+00 7.057446479797363281e+00 2.686034774780273438e+01 -1.651819229125976562e+00 5.072452545166015625e+00 4.439311027526855469e+00 -2.214668542146682739e-01 1.324262022972106934e-01 1.975974273681640625e+01
3.707640767097473145e-01 1.506785511970520020e+00 3.123925971984863281e+01 3.424792480468750000e+01 7.637416362762451172e+00 8.424003601074218750e+00 2.654091835021972656e+01 -1.766740441322326660e+00 4.999060153961181641e+00 4.320414543151855469e+00 -2.674614489078521729e-01 1.326090544462203979e-01 1.975974273681640625e+01
3.770540952682495117e-01 1.509413599967956543e+00 3.152188873291015625e+01 3.442837142944335938e+01 7.551094532012939453e+00 7.508463382720947266e+00 2.645771026611328125e+01 -1.885326266288757324e+00 5.015738010406494141e+00 4.288999557495117188e+00 -2.736165225505828857e-01 1.169706583023071289e-01 1.975974273681640625e+01
3.833588361740112305e-01 1.512752294540405273e+00 3.141805458068847656e+01 3.458220291137695312e+01 8.034690856933593750e+00 1.092129230499267578e+01 2.636290359497070312e+01 -1.883789300918579102e+00 5.002528667449951172e+00 4.288575172424316406e+00 -2.763352394104003906e-01 1.773115694522857666e-01 1.975974273681640625e+01
3.896513879299163818e-01 1.521194100379943848e+00 3.230930709838867188e+01 3.556255340576171875e+01 7.801448345184326172e+00 1.270073318481445312e+01 2.686688995361328125e+01 -2.192812919616699219e+00 5.127910137176513672e+00 4.356268882751464844e+00 -3.122248649597167969e-01 1.862551271915435791e-01 1.975974273681640625e+01
3.958770036697387695e-01 1.510150551795959473e+00 3.255746459960937500e+01 3.543198013305664062e+01 8.301159858703613281e+00 1.519790935516357422e+01 2.658389472961425781e+01 -2.244508028030395508e+00 5.068209648132324219e+00 4.230577945709228516e+00 -3.149790167808532715e-01 2.039747834205627441e-01 1.975974273681640625e+01
4.021010994911193848e-01 1.523375153541564941e+00 3.357264709472656250e+01 3.680104446411132812e+01 6.748508453369140625e+00 1.507730197906494141e+01 2.763018798828125000e+01 -2.633139133453369141e+00 5.180003643035888672e+00 4.352458477020263672e+00 -3.673002123832702637e-01 2.053792178630828857e-01 1.975974273681640625e+01
