# k, P_{cc}, P_{hh,r}, P_{hh,0}, P_{hh,2}, P_{hh,4}, P_{cm}, P_{hc,r}, P_{hc,0}, P_{hc,2}, P_{hc,4}, P_pSN
#  Realization 39
8.018244989216327667e-03 4.212345504760742188e+01 2.873155212402343750e+02 3.153101501464843750e+02 -3.732425231933593750e+02 7.307389526367187500e+02 4.192122268676757812e+01 1.076093444824218750e+02 2.996836853027343750e+02 -8.309968566894531250e+01 1.132922363281250000e+02 -2.921795272827148438e+01 2.944379043579101562e+01 1.981286239624023438e+01
1.401655934751033783e-02 4.060950851440429688e+01 3.134019165039062500e+02 3.799073791503906250e+02 9.055138397216796875e+01 1.853937988281250000e+02 4.027304077148437500e+01 1.101437683105468750e+02 3.435839843750000000e+02 1.710759282112121582e+00 1.214353637695312500e+02 9.783728718757629395e-01 4.518822193145751953e+00 1.981286239624023438e+01
1.969251595437526703e-02 4.488090515136718750e+01 3.244446105957031250e+02 4.066729125976562500e+02 2.613416748046875000e+02 1.236040802001953125e+02 4.436899948120117188e+01 1.179344558715820312e+02 3.615246887207031250e+02 2.995841789245605469e+01 1.322946166992187500e+02 1.295393371582031250e+01 4.097656250000000000e+00 1.981286239624023438e+01
2.551339380443096161e-02 3.287325668334960938e+01 2.388709869384765625e+02 2.961007690429687500e+02 1.717049865722656250e+02 7.823795318603515625e+00 3.242736053466796875e+01 8.609872436523437500e+01 2.648504028320312500e+02 2.022583198547363281e+01 9.582032012939453125e+01 7.107320785522460938e+00 6.627440452575683594e-02 1.981286239624023438e+01
3.202908113598823547e-02 3.826425552368164062e+01 2.871036071777343750e+02 3.493074035644531250e+02 1.324253692626953125e+02 -1.150828552246093750e+02 3.766605758666992188e+01 1.024315643310546875e+02 3.156476440429687500e+02 1.379300785064697266e+01 1.128470077514648438e+02 4.070709705352783203e+00 -4.140285015106201172e+00 1.981286239624023438e+01
3.846523538231849670e-02 2.801524353027343750e+01 2.293089599609375000e+02 2.725329589843750000e+02 1.971408462524414062e+01 -1.208028335571289062e+02 2.753046989440917969e+01 7.756565856933593750e+01 2.490611877441406250e+02 -4.038991928100585938e+00 8.474051666259765625e+01 -7.820785641670227051e-01 -3.739160299301147461e+00 1.981286239624023438e+01
4.443310573697090149e-02 2.041281700134277344e+01 1.579399566650390625e+02 1.885593261718750000e+02 3.920945739746093750e+01 -7.768766021728515625e+01 2.003292274475097656e+01 5.428609466552734375e+01 1.718013916015625000e+02 1.896120905876159668e+00 5.938492202758789062e+01 7.526054382324218750e-01 -2.601482152938842773e+00 1.981286239624023438e+01
5.042308941483497620e-02 1.968170356750488281e+01 1.598637390136718750e+02 1.939364166259765625e+02 1.179430923461914062e+02 1.340711059570312500e+02 1.929461669921875000e+01 5.354002761840820312e+01 1.750670013427734375e+02 1.399870967864990234e+01 5.899102783203125000e+01 4.768623828887939453e+00 4.207081794738769531e+00 1.981286239624023438e+01
5.690929666161537170e-02 1.973326110839843750e+01 1.595595703125000000e+02 1.909982147216796875e+02 8.296094512939453125e+01 -4.901037979125976562e+01 1.932407760620117188e+01 5.327725219726562500e+01 1.736042633056640625e+02 9.322101593017578125e+00 5.830414962768554688e+01 3.283317089080810547e+00 -1.534376502037048340e+00 1.981286239624023438e+01
6.341847032308578491e-02 1.846546363830566406e+01 1.530289611816406250e+02 1.815867309570312500e+02 5.867540740966796875e+01 3.415261459350585938e+01 1.806704902648925781e+01 5.051421356201171875e+01 1.656167449951171875e+02 4.652654647827148438e+00 5.496330642700195312e+01 1.360016584396362305e+00 9.261185526847839355e-01 1.981286239624023438e+01
6.949992477893829346e-02 1.546875476837158203e+01 1.288802795410156250e+02 1.525053100585937500e+02 3.124517250061035156e+01 1.259838962554931641e+01 1.512473869323730469e+01 4.210233306884765625e+01 1.390243835449218750e+02 4.155352115631103516e-01 4.576189422607421875e+01 1.696715503931045532e-01 3.376964032649993896e-01 1.981286239624023438e+01
7.558133453130722046e-02 1.505205631256103516e+01 1.263770599365234375e+02 1.511317138671875000e+02 4.879479217529296875e+01 -1.160693931579589844e+01 1.470745182037353516e+01 4.102841186523437500e+01 1.368953094482421875e+02 3.449266195297241211e+00 4.478104782104492188e+01 1.152822852134704590e+00 -4.972086548805236816e-01 1.981286239624023438e+01
8.196274191141128540e-02 1.336895275115966797e+01 1.175530319213867188e+02 1.413626251220703125e+02 6.996907043457031250e+01 2.173812866210937500e+01 1.305654525756835938e+01 3.711122894287109375e+01 1.275574569702148438e+02 7.675535678863525391e+00 4.058888626098632812e+01 2.633059740066528320e+00 7.054357528686523438e-01 1.981286239624023438e+01
8.830232173204421997e-02 1.143252086639404297e+01 9.979692840576171875e+01 1.199002685546875000e+02 5.112348937988281250e+01 8.229289650917053223e-01 1.115854549407958984e+01 3.119902992248535156e+01 1.079934234619140625e+02 4.997960567474365234e+00 3.408832550048828125e+01 1.560643792152404785e+00 -9.149385988712310791e-02 1.981286239624023438e+01
9.435217082500457764e-02 1.031748676300048828e+01 9.221195220947265625e+01 1.100693435668945312e+02 3.761581039428710938e+01 1.249913978576660156e+01 1.006550598144531250e+01 2.827860069274902344e+01 9.934518432617187500e+01 2.841912508010864258e+00 3.064126968383789062e+01 7.316657304763793945e-01 4.005083143711090088e-01 1.981286239624023438e+01
1.005600690841674805e-01 9.057107925415039062e+00 8.488597106933593750e+01 1.010609359741210938e+02 3.923443222045898438e+01 1.197819519042968750e+01 8.833156585693359375e+00 2.528719902038574219e+01 9.123497772216796875e+01 3.468665122985839844e+00 2.742630958557128906e+01 1.020582318305969238e+00 3.635299503803253174e-01 1.981286239624023438e+01
1.070138886570930481e-01 8.559007644653320312e+00 8.238747406005859375e+01 9.736841583251953125e+01 3.248225021362304688e+01 3.578515768051147461e+00 8.344087600708007812e+00 2.414697074890136719e+01 8.804749298095703125e+01 2.401158571243286133e+00 2.608742713928222656e+01 7.639439702033996582e-01 2.898621140047907829e-03 1.981286239624023438e+01
1.134273484349250793e-01 7.604916572570800781e+00 7.608428955078125000e+01 9.011795806884765625e+01 2.605435562133789062e+01 2.230598926544189453e+00 7.411328315734863281e+00 2.158854484558105469e+01 8.116454315185546875e+01 1.274560928344726562e+00 2.324572753906250000e+01 5.549806356430053711e-01 5.414930358529090881e-02 1.981286239624023438e+01
1.196089535951614380e-01 7.431022644042968750e+00 7.366595458984375000e+01 8.642360687255859375e+01 2.607633018493652344e+01 -7.837521553039550781e+00 7.239967823028564453e+00 2.103510093688964844e+01 7.808537292480468750e+01 1.631814599037170410e+00 2.246560859680175781e+01 6.001308560371398926e-01 -2.362886965274810791e-01 1.981286239624023438e+01
1.257804334163665771e-01 7.153848648071289062e+00 7.290792083740234375e+01 8.638796997070312500e+01 2.851259613037109375e+01 5.237664222717285156e+00 6.967748165130615234e+00 2.045450973510742188e+01 7.753023529052734375e+01 1.735507249832153320e+00 2.197701835632324219e+01 5.747739076614379883e-01 6.878097541630268097e-03 1.981286239624023438e+01
1.321490257978439331e-01 6.808842658996582031e+00 7.061624145507812500e+01 8.192860412597656250e+01 2.493720054626464844e+01 5.479454398155212402e-01 6.630393505096435547e+00 1.952779960632324219e+01 7.417606353759765625e+01 1.636852383613586426e+00 2.074563980102539062e+01 4.664684534072875977e-01 3.414122387766838074e-02 1.981286239624023438e+01
1.384563297033309937e-01 6.151921272277832031e+00 6.570359039306640625e+01 7.661260223388671875e+01 2.575467681884765625e+01 1.439476490020751953e+00 5.989310741424560547e+00 1.771830368041992188e+01 6.883034515380859375e+01 1.678726911544799805e+00 1.880407333374023438e+01 5.848551392555236816e-01 -1.689030230045318604e-02 1.981286239624023438e+01
1.446497291326522827e-01 5.856722831726074219e+00 6.345944595336914062e+01 7.385475921630859375e+01 2.022893333435058594e+01 -8.114680290222167969e+00 5.700713157653808594e+00 1.690606117248535156e+01 6.636359405517578125e+01 9.011766314506530762e-01 1.786081314086914062e+01 3.065935969352722168e-01 -2.419496029615402222e-01 1.981286239624023438e+01
1.508535146713256836e-01 5.364424705505371094e+00 6.021168899536132812e+01 7.042886352539062500e+01 2.220243263244628906e+01 2.926464319229125977e+00 5.220526695251464844e+00 1.562036228179931641e+01 6.294858932495117188e+01 1.218477249145507812e+00 1.652908897399902344e+01 3.819106817245483398e-01 9.337586234323680401e-04 1.981286239624023438e+01
1.571729034185409546e-01 4.918607234954833984e+00 5.672832489013671875e+01 6.659676361083984375e+01 2.323774337768554688e+01 4.453639984130859375e+00 4.786039829254150391e+00 1.438877296447753906e+01 5.927524185180664062e+01 1.395529866218566895e+00 1.524151611328125000e+01 4.847093820571899414e-01 7.903207093477249146e-02 1.981286239624023438e+01
1.635417938232421875e-01 4.531112670898437500e+00 5.407278823852539062e+01 6.422129058837890625e+01 2.556899833679199219e+01 8.572391271591186523e-01 4.408111095428466797e+00 1.342605400085449219e+01 5.651719665527343750e+01 1.686405777931213379e+00 1.422078704833984375e+01 4.482561051845550537e-01 -3.063289821147918701e-02 1.981286239624023438e+01
1.698256134986877441e-01 4.356640815734863281e+00 5.313033676147460938e+01 6.177666091918945312e+01 2.036440277099609375e+01 1.259487748146057129e+00 4.237954616546630859e+00 1.303762245178222656e+01 5.493640899658203125e+01 9.897656440734863281e-01 1.367460823059082031e+01 3.320707082748413086e-01 -5.156831350177526474e-03 1.981286239624023438e+01
1.761013567447662354e-01 4.125095844268798828e+00 5.131038665771484375e+01 5.988416671752929688e+01 1.921981811523437500e+01 1.920479893684387207e+00 4.012037277221679688e+00 1.232374572753906250e+01 5.280313491821289062e+01 7.215692400932312012e-01 1.282040119171142578e+01 1.667154580354690552e-01 -3.828029334545135498e-02 1.981286239624023438e+01
1.823998540639877319e-01 3.968088865280151367e+00 5.047631072998046875e+01 5.903400421142578125e+01 1.922981071472167969e+01 4.654632091522216797e+00 3.858923435211181641e+00 1.193722629547119141e+01 5.182913970947265625e+01 6.436066627502441406e-01 1.241831779479980469e+01 2.070602029561996460e-01 8.756292611360549927e-02 1.981286239624023438e+01
1.886507123708724976e-01 3.819819450378417969e+00 4.846980285644531250e+01 5.592958068847656250e+01 1.635048484802246094e+01 1.627452492713928223e+00 3.714276790618896484e+00 1.142320823669433594e+01 4.933221817016601562e+01 3.045590221881866455e-01 1.182517242431640625e+01 1.620820909738540649e-01 5.562519188970327377e-03 1.981286239624023438e+01
1.949081569910049438e-01 3.644422054290771484e+00 4.767202377319335938e+01 5.562872695922851562e+01 1.919986152648925781e+01 7.420222759246826172e-01 3.543381929397583008e+00 1.102037715911865234e+01 4.859111785888671875e+01 6.795147657394409180e-01 1.141140079498291016e+01 2.156381011009216309e-01 -5.310110002756118774e-02 1.981286239624023438e+01
2.011425346136093140e-01 3.509948492050170898e+00 4.637302780151367188e+01 5.361823654174804688e+01 1.632946777343750000e+01 -1.449466705322265625e+00 3.412325143814086914e+00 1.064091968536376953e+01 4.691673660278320312e+01 3.099322617053985596e-01 1.091756534576416016e+01 1.870547384023666382e-01 -7.771526277065277100e-02 1.981286239624023438e+01
2.073954045772552490e-01 3.294248342514038086e+00 4.449698638916015625e+01 5.142934036254882812e+01 1.500389766693115234e+01 8.179528713226318359e-01 3.202267408370971680e+00 9.997951507568359375e+00 4.483242034912109375e+01 2.107406854629516602e-01 1.022151947021484375e+01 1.292408704757690430e-01 2.370350062847137451e-03 1.981286239624023438e+01
2.137389332056045532e-01 3.139276981353759766e+00 4.369900131225585938e+01 5.053520584106445312e+01 1.312116146087646484e+01 -5.121889114379882812e-01 3.051471710205078125e+00 9.610578536987304688e+00 4.381325912475585938e+01 -2.504688799381256104e-01 9.791345596313476562e+00 1.761263981461524963e-02 -7.147190719842910767e-02 1.981286239624023438e+01
2.200330942869186401e-01 2.979851484298706055e+00 4.233505249023437500e+01 4.888395309448242188e+01 1.489319992065429688e+01 2.454768896102905273e+00 2.896138191223144531e+00 9.156485557556152344e+00 4.233194732666015625e+01 7.159657031297683716e-02 9.303688049316406250e+00 5.750882625579833984e-02 2.371522597968578339e-02 1.981286239624023438e+01
2.262930423021316528e-01 2.851315736770629883e+00 4.154007720947265625e+01 4.770095062255859375e+01 1.431197261810302734e+01 -2.500219821929931641e+00 2.771060705184936523e+00 8.855314254760742188e+00 4.121290969848632812e+01 8.672548085451126099e-02 8.954227447509765625e+00 8.650702983140945435e-02 -7.944928854703903198e-02 1.981286239624023438e+01
2.325985133647918701e-01 2.753411054611206055e+00 4.116592407226562500e+01 4.719459915161132812e+01 1.348773097991943359e+01 5.448328018188476562e+00 2.675531148910522461e+00 8.609302520751953125e+00 4.046968460083007812e+01 -3.045163452625274658e-01 8.632937431335449219e+00 5.161064676940441132e-03 1.045361682772636414e-01 1.981286239624023438e+01
2.388891130685806274e-01 2.604951381683349609e+00 3.983387374877929688e+01 4.542050933837890625e+01 1.285786628723144531e+01 2.306668758392333984e+00 2.531209468841552734e+00 8.186193466186523438e+00 3.903924942016601562e+01 -1.600234359502792358e-01 8.171876907348632812e+00 2.685299143195152283e-02 7.669757306575775146e-02 1.981286239624023438e+01
2.451218813657760620e-01 2.516198396682739258e+00 3.929719924926757812e+01 4.513179016113281250e+01 1.397360897064208984e+01 4.313891887664794922e+00 2.444757461547851562e+00 7.961163043975830078e+00 3.837615966796875000e+01 -2.737869322299957275e-01 7.946569442749023438e+00 5.486766342073678970e-03 5.025519058108329773e-02 1.981286239624023438e+01
2.513737380504608154e-01 2.404779911041259766e+00 3.800373458862304688e+01 4.372687911987304688e+01 1.351068496704101562e+01 1.022697806358337402e+00 2.336386442184448242e+00 7.611892700195312500e+00 3.690769958496093750e+01 -2.557651400566101074e-01 7.562462806701660156e+00 3.185286372900009155e-02 -4.306104965507984161e-03 1.981286239624023438e+01
2.577070593833923340e-01 2.317780256271362305e+00 3.772972106933593750e+01 4.278231048583984375e+01 1.093372917175292969e+01 3.321077585220336914e+00 2.251784086227416992e+00 7.393739700317382812e+00 3.616801834106445312e+01 -6.115791797637939453e-01 7.238494873046875000e+00 -5.918704718351364136e-02 4.405800253152847290e-02 1.981286239624023438e+01
2.640204429626464844e-01 2.291616678237915039e+00 3.743688583374023438e+01 4.222628784179687500e+01 1.022167110443115234e+01 2.080005407333374023e+00 2.226172924041748047e+00 7.322376251220703125e+00 3.576314544677734375e+01 -6.820201873779296875e-01 7.138761043548583984e+00 -6.016219407320022583e-02 4.282517358660697937e-02 1.981286239624023438e+01
2.702898085117340088e-01 2.188137292861938477e+00 3.693471527099609375e+01 4.201699447631835938e+01 1.082413673400878906e+01 1.291740179061889648e+00 2.125543832778930664e+00 7.091722965240478516e+00 3.528707122802734375e+01 -6.391004323959350586e-01 6.881134986877441406e+00 -6.261070817708969116e-02 1.422058884054422379e-02 1.981286239624023438e+01
2.765615284442901611e-01 2.095094442367553711e+00 3.595064544677734375e+01 4.062483596801757812e+01 1.240419673919677734e+01 1.502334594726562500e+00 2.035035610198974609e+00 6.804651260375976562e+00 3.386087417602539062e+01 -3.872490823268890381e-01 6.535257339477539062e+00 -3.149760141968727112e-02 1.218688394874334335e-02 1.981286239624023438e+01
2.828698754310607910e-01 2.024853229522705078e+00 3.531555175781250000e+01 3.981027221679687500e+01 1.098758411407470703e+01 1.333715796470642090e+00 1.966730713844299316e+00 6.555554866790771484e+00 3.311128616333007812e+01 -6.599676609039306641e-01 6.295749664306640625e+00 -7.795468717813491821e-02 3.349087666720151901e-03 1.981286239624023438e+01
2.891486585140228271e-01 1.970050692558288574e+00 3.471902847290039062e+01 3.880858993530273438e+01 8.731229782104492188e+00 3.015199661254882812e+00 1.913338541984558105e+00 6.369287014007568359e+00 3.219986724853515625e+01 -1.005109190940856934e+00 6.040234565734863281e+00 -1.169399917125701904e-01 4.074228554964065552e-02 1.981286239624023438e+01
2.953523397445678711e-01 1.897886872291564941e+00 3.398295211791992188e+01 3.882711410522460938e+01 1.120298957824707031e+01 1.854751944541931152e+00 1.843293905258178711e+00 6.193774700164794922e+00 3.172266769409179688e+01 -8.055195212364196777e-01 5.912796020507812500e+00 -9.425802528858184814e-02 2.043730020523071289e-02 1.981286239624023438e+01
3.016075491905212402e-01 1.843500494956970215e+00 3.352178955078125000e+01 3.784732055664062500e+01 1.056959629058837891e+01 3.584136486053466797e+00 1.790376663208007812e+00 6.015788078308105469e+00 3.081345367431640625e+01 -9.162969589233398438e-01 5.669729709625244141e+00 -1.059654206037521362e-01 3.939411789178848267e-02 1.981286239624023438e+01
3.079382479190826416e-01 1.814571976661682129e+00 3.347718429565429688e+01 3.783476638793945312e+01 1.007622146606445312e+01 3.886787652969360352e+00 1.762187719345092773e+00 5.965675830841064453e+00 3.064821052551269531e+01 -1.015066623687744141e+00 5.591292381286621094e+00 -1.343295574188232422e-01 4.666009545326232910e-02 1.981286239624023438e+01
3.142760396003723145e-01 1.774823188781738281e+00 3.326559829711914062e+01 3.734294509887695312e+01 9.276527404785156250e+00 1.935705423355102539e+00 1.723557233810424805e+00 5.807236194610595703e+00 3.022088050842285156e+01 -1.104348182678222656e+00 5.415602684020996094e+00 -1.378674954175949097e-01 2.607765793800354004e-02 1.981286239624023438e+01
3.205462992191314697e-01 1.729573726654052734e+00 3.251015853881835938e+01 3.651910400390625000e+01 8.630351066589355469e+00 2.789500951766967773e+00 1.679552912712097168e+00 5.668648719787597656e+00 2.932820129394531250e+01 -1.266084909439086914e+00 5.229387760162353516e+00 -1.684525161981582642e-01 3.382181748747825623e-02 1.981286239624023438e+01
3.268128037452697754e-01 1.677202105522155762e+00 3.188392829895019531e+01 3.575525665283203125e+01 9.819013595581054688e+00 2.439687252044677734e+00 1.628594994544982910e+00 5.497532367706298828e+00 2.851700019836425781e+01 -1.011933088302612305e+00 5.045056819915771484e+00 -1.156234443187713623e-01 3.834087401628494263e-02 1.981286239624023438e+01
3.331238031387329102e-01 1.651090741157531738e+00 3.221775436401367188e+01 3.551071166992187500e+01 7.753676891326904297e+00 2.292815923690795898e+00 1.603212833404541016e+00 5.494888305664062500e+00 2.839962387084960938e+01 -1.445966958999633789e+00 4.954034328460693359e+00 -1.885011196136474609e-01 2.900594100356101990e-02 1.981286239624023438e+01
3.394046723842620850e-01 1.597083091735839844e+00 3.161670303344726562e+01 3.527083206176757812e+01 8.284058570861816406e+00 3.575046300888061523e+00 1.550706386566162109e+00 5.275181293487548828e+00 2.784832382202148438e+01 -1.425167202949523926e+00 4.776510715484619141e+00 -1.840137094259262085e-01 6.907664984464645386e-02 1.981286239624023438e+01
3.456391692161560059e-01 1.589960217475891113e+00 3.150265121459960938e+01 3.517926025390625000e+01 7.671032905578613281e+00 3.536589145660400391e+00 1.543765425682067871e+00 5.280148029327392578e+00 2.760391235351562500e+01 -1.573709726333618164e+00 4.761664390563964844e+00 -2.202860414981842041e-01 7.230587303638458252e-02 1.981286239624023438e+01
3.518808186054229736e-01 1.575815796852111816e+00 3.125289916992187500e+01 3.466556930541992188e+01 7.818268775939941406e+00 5.078194618225097656e+00 1.529913067817687988e+00 5.189442634582519531e+00 2.714637947082519531e+01 -1.549076914787292480e+00 4.604780197143554688e+00 -2.145492881536483765e-01 9.540306776762008667e-02 1.981286239624023438e+01
3.582032322883605957e-01 1.539765000343322754e+00 3.139345550537109375e+01 3.467958068847656250e+01 7.872450828552246094e+00 5.285839080810546875e+00 1.494904994964599609e+00 5.114874362945556641e+00 2.707390213012695312e+01 -1.586109161376953125e+00 4.510834693908691406e+00 -2.146171927452087402e-01 8.677663654088973999e-02 1.981286239624023438e+01
3.645117878913879395e-01 1.543352723121643066e+00 3.147867012023925781e+01 3.481489562988281250e+01 7.717730522155761719e+00 6.067109584808349609e+00 1.498370289802551270e+00 5.130313873291015625e+00 2.690438461303710938e+01 -1.801600217819213867e+00 4.471755027770996094e+00 -2.712296247482299805e-01 8.874889463186264038e-02 1.981286239624023438e+01
3.707640767097473145e-01 1.538182020187377930e+00 3.149869918823242188e+01 3.476018524169921875e+01 8.220588684082031250e+00 8.551871299743652344e+00 1.493353962898254395e+00 5.076280593872070312e+00 2.664114952087402344e+01 -1.826349258422851562e+00 4.418643951416015625e+00 -2.591274082660675049e-01 1.320277005434036255e-01 1.981286239624023438e+01
3.770540952682495117e-01 1.503364443778991699e+00 3.128997802734375000e+01 3.424033355712890625e+01 7.487711906433105469e+00 7.757848739624023438e+00 1.459475398063659668e+00 5.027082443237304688e+00 2.621001625061035156e+01 -1.886825680732727051e+00 4.308383941650390625e+00 -2.691167593002319336e-01 1.206913739442825317e-01 1.981286239624023438e+01
3.833588361740112305e-01 1.491706371307373047e+00 3.152747917175292969e+01 3.455400848388671875e+01 7.201390743255615234e+00 9.631581306457519531e+00 1.448141813278198242e+00 4.957934379577636719e+00 2.630255126953125000e+01 -2.026746749877929688e+00 4.217095375061035156e+00 -2.816862165927886963e-01 1.458726823329925537e-01 1.981286239624023438e+01
3.896513879299163818e-01 1.515825986862182617e+00 3.230453491210937500e+01 3.553849792480468750e+01 8.019472122192382812e+00 1.364279937744140625e+01 1.471454024314880371e+00 5.070792198181152344e+00 2.671142005920410156e+01 -2.271944284439086914e+00 4.299130439758300781e+00 -3.139464855194091797e-01 1.991962939500808716e-01 1.981286239624023438e+01
3.958770036697387695e-01 1.519967675209045410e+00 3.292620086669921875e+01 3.607135391235351562e+01 7.924169540405273438e+00 1.359365272521972656e+01 1.475500941276550293e+00 5.139260292053222656e+00 2.693240356445312500e+01 -2.436409235000610352e+00 4.274553775787353516e+00 -3.590117096900939941e-01 1.790451556444168091e-01 1.981286239624023438e+01
4.021010994911193848e-01 1.529279828071594238e+00 3.314192199707031250e+01 3.686150741577148438e+01 8.828898429870605469e+00 1.590730094909667969e+01 1.484522461891174316e+00 5.114122390747070312e+00 2.718931007385253906e+01 -2.460243225097656250e+00 4.291483402252197266e+00 -3.636766374111175537e-01 2.051606029272079468e-01 1.981286239624023438e+01
