# k, P_{cc}, P_{hh,r}, P_{hh,0}, P_{hh,2}, P_{hh,4}, P_{cm}, P_{hc,r}, P_{hc,0}, P_{hc,2}, P_{hc,4}, P_pSN
#  Realization 104
8.018244989216327667e-03 2.560846138000488281e+01 1.621467437744140625e+02 1.716714019775390625e+02 -2.626807556152343750e+02 2.995580749511718750e+02 2.549835395812988281e+01 6.167862701416015625e+01 1.664224548339843750e+02 -5.435213088989257812e+01 6.351843643188476562e+01 -2.267163085937500000e+01 1.608780670166015625e+01 1.978874206542968750e+01
1.401655934751033783e-02 3.822991180419921875e+01 2.928422851562500000e+02 3.518905944824218750e+02 5.826696014404296875e+01 7.380712032318115234e+00 3.789997482299804688e+01 1.029146041870117188e+02 3.198854675292968750e+02 -1.047671318054199219e+00 1.128615264892578125e+02 -8.848096132278442383e-01 2.730504870414733887e-01 1.978874206542968750e+01
1.969251595437526703e-02 4.908349990844726562e+01 3.709002990722656250e+02 4.527507934570312500e+02 1.741105499267578125e+02 4.455213928222656250e+01 4.853151321411132812e+01 1.316525573730468750e+02 4.082141418457031250e+02 1.549999809265136719e+01 1.457017822265625000e+02 6.312618732452392578e+00 6.831968426704406738e-01 1.978874206542968750e+01
2.551339380443096161e-02 4.426681900024414062e+01 3.380090942382812500e+02 4.191466979980468750e+02 2.665048217773437500e+02 -1.599871978759765625e+02 4.366778182983398438e+01 1.197511596679687500e+02 3.750924987792968750e+02 3.481250762939453125e+01 1.335352783203125000e+02 1.323275661468505859e+01 -4.382629871368408203e+00 1.978874206542968750e+01
3.202908113598823547e-02 3.434014129638671875e+01 2.553599700927734375e+02 3.141468200683593750e+02 1.803675231933593750e+02 1.061888122558593750e+02 3.380070495605468750e+01 9.136113739013671875e+01 2.820280456542968750e+02 2.092807960510253906e+01 1.012503509521484375e+02 6.983530521392822266e+00 2.565480470657348633e+00 1.978874206542968750e+01
3.846523538231849670e-02 2.668873214721679688e+01 2.102159576416015625e+02 2.531028442382812500e+02 5.960150527954101562e+01 -1.082089538574218750e+02 2.622681045532226562e+01 7.251513671875000000e+01 2.297092590332031250e+02 3.058401346206665039e+00 7.955868530273437500e+01 9.724150300025939941e-01 -3.368272304534912109e+00 1.978874206542968750e+01
4.443310573697090149e-02 2.408984565734863281e+01 1.907587432861328125e+02 2.323427429199218750e+02 6.847391510009765625e+01 -1.829115295410156250e+01 2.364295387268066406e+01 6.523917388916015625e+01 2.093376007080078125e+02 3.812692642211914062e+00 7.216684722900390625e+01 2.442718029022216797e+00 -8.594315052032470703e-01 1.978874206542968750e+01
5.042308941483497620e-02 1.898340606689453125e+01 1.569441680908203125e+02 1.895514373779296875e+02 8.789450073242187500e+01 -2.278357696533203125e+01 1.861055374145507812e+01 5.204016494750976562e+01 1.715899810791015625e+02 9.820464134216308594e+00 5.721100997924804688e+01 3.366146087646484375e+00 -7.556513547897338867e-01 1.978874206542968750e+01
5.690929666161537170e-02 2.034098815917968750e+01 1.671379699707031250e+02 2.001268615722656250e+02 6.216297531127929688e+01 -3.899684524536132812e+01 1.991968727111816406e+01 5.578837203979492188e+01 1.818216552734375000e+02 4.883350849151611328e+00 6.110144042968750000e+01 1.795365095138549805e+00 -1.861786127090454102e+00 1.978874206542968750e+01
6.341847032308578491e-02 1.751251220703125000e+01 1.528016510009765625e+02 1.827044677734375000e+02 6.287664794921875000e+01 2.816267776489257812e+01 1.713467979431152344e+01 4.913398742675781250e+01 1.660017547607421875e+02 5.424864768981933594e+00 5.366332244873046875e+01 1.736440658569335938e+00 8.179732561111450195e-01 1.978874206542968750e+01
6.949992477893829346e-02 1.693917655944824219e+01 1.431857147216796875e+02 1.719145355224609375e+02 7.793061828613281250e+01 2.340830612182617188e+01 1.656217765808105469e+01 4.669468688964843750e+01 1.557798614501953125e+02 8.414862632751464844e+00 5.110924148559570312e+01 2.851504087448120117e+00 6.258940100669860840e-01 1.978874206542968750e+01
7.558133453130722046e-02 1.500516796112060547e+01 1.280133209228515625e+02 1.534196929931640625e+02 7.181436157226562500e+01 2.842315864562988281e+01 1.466161632537841797e+01 4.135934066772460938e+01 1.389215240478515625e+02 7.782274246215820312e+00 4.516412734985351562e+01 2.579242229461669922e+00 7.247862219810485840e-01 1.978874206542968750e+01
8.196274191141128540e-02 1.347301959991455078e+01 1.152489395141601562e+02 1.384775238037109375e+02 6.424840545654296875e+01 2.238135910034179688e+01 1.315784740447998047e+01 3.690206146240234375e+01 1.249869842529296875e+02 6.634305000305175781e+00 4.025003814697265625e+01 2.510976552963256836e+00 6.272407174110412598e-01 1.978874206542968750e+01
8.830232173204421997e-02 1.228235530853271484e+01 1.079835968017578125e+02 1.279884490966796875e+02 3.362093734741210938e+01 1.193613719940185547e+01 1.198790550231933594e+01 3.378074264526367188e+01 1.161514968872070312e+02 1.577200174331665039e+00 3.660820770263671875e+01 6.324536204338073730e-01 3.451355099678039551e-01 1.978874206542968750e+01
9.435217082500457764e-02 1.050147628784179688e+01 9.758625793457031250e+01 1.146274719238281250e+02 3.219007492065429688e+01 -4.577055454254150391e+00 1.024554634094238281e+01 2.935950279235839844e+01 1.043948974609375000e+02 2.369163990020751953e+00 3.164355087280273438e+01 7.324902415275573730e-01 -3.375962376594543457e-02 1.978874206542968750e+01
1.005600690841674805e-01 8.934980392456054688e+00 8.444349670410156250e+01 1.001149368286132812e+02 3.023126983642578125e+01 2.046192169189453125e+00 8.713836669921875000e+00 2.501408767700195312e+01 9.050330352783203125e+01 1.919116973876953125e+00 2.699591064453125000e+01 7.308219075202941895e-01 9.416832029819488525e-02 1.978874206542968750e+01
1.070138886570930481e-01 8.210725784301757812e+00 8.110389709472656250e+01 9.688807678222656250e+01 3.357586288452148438e+01 1.294082450866699219e+01 8.004600524902343750e+00 2.327147865295410156e+01 8.706916046142578125e+01 2.405149221420288086e+00 2.528194999694824219e+01 8.033478260040283203e-01 2.255477458238601685e-01 1.978874206542968750e+01
1.134273484349250793e-01 7.726939678192138672e+00 7.736239624023437500e+01 9.360153961181640625e+01 3.966949844360351562e+01 1.581239032745361328e+01 7.530308723449707031e+00 2.199134635925292969e+01 8.339454650878906250e+01 3.210440158843994141e+00 2.397823524475097656e+01 1.017604470252990723e+00 3.379053473472595215e-01 1.978874206542968750e+01
1.196089535951614380e-01 7.413792133331298828e+00 7.430878448486328125e+01 8.770291137695312500e+01 2.370258903503417969e+01 4.503098964691162109e+00 7.223118305206298828e+00 2.094088172912597656e+01 7.897540283203125000e+01 9.320389032363891602e-01 2.248114395141601562e+01 3.789915144443511963e-01 6.883288919925689697e-02 1.978874206542968750e+01
1.257804334163665771e-01 7.244937419891357422e+00 7.446010589599609375e+01 8.703666687011718750e+01 3.109157943725585938e+01 -3.811701774597167969e+00 7.056784152984619141e+00 2.071843147277832031e+01 7.871057891845703125e+01 2.493655204772949219e+00 2.212921333312988281e+01 7.671001553535461426e-01 -2.504686415195465088e-01 1.978874206542968750e+01
1.321490257978439331e-01 6.472697734832763672e+00 6.728628540039062500e+01 7.903517150878906250e+01 3.184284782409667969e+01 2.815281152725219727e+00 6.303032875061035156e+00 1.845256042480468750e+01 7.100094604492187500e+01 2.798073768615722656e+00 1.967709732055664062e+01 8.023486733436584473e-01 4.934629797935485840e-02 1.978874206542968750e+01
1.384563297033309937e-01 6.222563266754150391e+00 6.602146148681640625e+01 7.757697296142578125e+01 2.253362846374511719e+01 9.268738746643066406e+00 6.058204650878906250e+00 1.785842895507812500e+01 6.952766418457031250e+01 9.123579859733581543e-01 1.898721504211425781e+01 2.963755726814270020e-01 1.556903868913650513e-01 1.978874206542968750e+01
1.446497291326522827e-01 5.744976520538330078e+00 6.316492080688476562e+01 7.400567626953125000e+01 2.189231109619140625e+01 -2.656514644622802734e+00 5.592134475708007812e+00 1.667171096801757812e+01 6.620641326904296875e+01 8.812142014503479004e-01 1.763811492919921875e+01 2.744643986225128174e-01 -1.639688014984130859e-01 1.978874206542968750e+01
1.508535146713256836e-01 5.322377204895019531e+00 5.959199523925781250e+01 7.026885223388671875e+01 2.904718208312988281e+01 1.089471721649169922e+01 5.179767608642578125e+00 1.538590908050537109e+01 6.249774932861328125e+01 2.144085407257080078e+00 1.630021286010742188e+01 6.797141432762145996e-01 2.724782228469848633e-01 1.978874206542968750e+01
1.571729034185409546e-01 4.857305526733398438e+00 5.493611145019531250e+01 6.480217742919921875e+01 2.310521316528320312e+01 3.293668508529663086e+00 4.726365089416503906e+00 1.398635578155517578e+01 5.745214843750000000e+01 1.395051717758178711e+00 1.481579589843750000e+01 4.171014130115509033e-01 4.630169644951820374e-02 1.978874206542968750e+01
1.635417938232421875e-01 4.576393127441406250e+00 5.540373992919921875e+01 6.521944427490234375e+01 2.388583946228027344e+01 3.781431198120117188e+00 4.452271938323974609e+00 1.370823287963867188e+01 5.771381759643554688e+01 1.345207929611206055e+00 1.445879745483398438e+01 4.695984423160552979e-01 4.971152916550636292e-02 1.978874206542968750e+01
1.698256134986877441e-01 4.356638431549072266e+00 5.334213638305664062e+01 6.209605026245117188e+01 1.667625236511230469e+01 -1.298489093780517578e+00 4.237895965576171875e+00 1.299367427825927734e+01 5.501215744018554688e+01 3.173157870769500732e-01 1.361915683746337891e+01 1.752073615789413452e-01 -8.083663880825042725e-02 1.978874206542968750e+01
1.761013567447662354e-01 4.105035305023193359e+00 5.084202194213867188e+01 5.957192230224609375e+01 1.905475807189941406e+01 3.579743623733520508e+00 3.992678165435791016e+00 1.220494365692138672e+01 5.246349716186523438e+01 6.263456940650939941e-01 1.277671527862548828e+01 2.826288342475891113e-01 5.568067356944084167e-02 1.978874206542968750e+01
1.823998540639877319e-01 3.887204647064208984e+00 5.001216125488281250e+01 5.867236709594726562e+01 2.086991310119628906e+01 5.803683757781982422e+00 3.780313253402709961e+00 1.172117328643798828e+01 5.142350769042968750e+01 9.652758240699768066e-01 1.217668151855468750e+01 2.579670548439025879e-01 9.234558790922164917e-02 1.978874206542968750e+01
1.886507123708724976e-01 3.768809080123901367e+00 4.892360687255859375e+01 5.720527648925781250e+01 1.915423011779785156e+01 6.016228675842285156e+00 3.664659738540649414e+00 1.141386222839355469e+01 5.015914154052734375e+01 7.454831600189208984e-01 1.187403869628906250e+01 2.660623788833618164e-01 5.918719619512557983e-02 1.978874206542968750e+01
1.949081569910049438e-01 3.658528089523315430e+00 4.837790298461914062e+01 5.591362762451171875e+01 1.755997085571289062e+01 4.926913261413574219e+00 3.557204723358154297e+00 1.115159702301025391e+01 4.912642669677734375e+01 4.835020303726196289e-01 1.147589588165283203e+01 1.920050978660583496e-01 9.986565262079238892e-02 1.978874206542968750e+01
2.011425346136093140e-01 3.438273906707763672e+00 4.602691268920898438e+01 5.337991714477539062e+01 1.554208660125732422e+01 2.343251943588256836e+00 3.342595815658569336e+00 1.042659187316894531e+01 4.666475296020507812e+01 1.223332434892654419e-01 1.072113037109375000e+01 1.482538580894470215e-01 6.781992036849260330e-03 1.978874206542968750e+01
2.073954045772552490e-01 3.245282411575317383e+00 4.465449142456054688e+01 5.152267837524414062e+01 1.830130386352539062e+01 2.654323101043701172e+00 3.154543638229370117e+00 9.951360702514648438e+00 4.486422348022460938e+01 7.715705037117004395e-01 1.016539669036865234e+01 2.367454618215560913e-01 4.419633373618125916e-02 1.978874206542968750e+01
2.137389332056045532e-01 3.112439870834350586e+00 4.378762435913085938e+01 5.040756988525390625e+01 1.435278797149658203e+01 2.147728204727172852e+00 3.025268077850341797e+00 9.587255477905273438e+00 4.382204437255859375e+01 -5.480635538697242737e-02 9.718259811401367188e+00 -1.390448398888111115e-02 -2.528227679431438446e-02 1.978874206542968750e+01
2.200330942869186401e-01 2.924360275268554688e+00 4.310996246337890625e+01 4.930553436279296875e+01 1.360020542144775391e+01 2.277284622192382812e+00 2.842283725738525391e+00 9.148150444030761719e+00 4.276485443115234375e+01 -1.220421418547630310e-01 9.208694458007812500e+00 -2.068965882062911987e-02 3.817749768495559692e-02 1.978874206542968750e+01
2.262930423021316528e-01 2.829339742660522461e+00 4.182540512084960938e+01 4.852675247192382812e+01 1.716102600097656250e+01 5.774112224578857422e+00 2.749572753906250000e+00 8.873391151428222656e+00 4.157472610473632812e+01 2.044655829668045044e-01 8.979945182800292969e+00 1.098192706704139709e-01 6.341994553804397583e-02 1.978874206542968750e+01
2.325985133647918701e-01 2.698012351989746094e+00 4.032355117797851562e+01 4.680883026123046875e+01 1.401195812225341797e+01 5.273584842681884766e+00 2.621862411499023438e+00 8.425917625427246094e+00 3.989797592163085938e+01 -2.369001507759094238e-01 8.463317871093750000e+00 1.759369485080242157e-02 7.828344404697418213e-02 1.978874206542968750e+01
2.388891130685806274e-01 2.546187400817871094e+00 3.938850402832031250e+01 4.507366180419921875e+01 1.438047599792480469e+01 -6.534102559089660645e-01 2.474091529846191406e+00 8.041232109069824219e+00 3.850518798828125000e+01 8.043551445007324219e-02 8.015852928161621094e+00 8.445996046066284180e-02 -3.588374704122543335e-02 1.978874206542968750e+01
2.451218813657760620e-01 2.479287385940551758e+00 3.895393371582031250e+01 4.495154190063476562e+01 1.289370441436767578e+01 2.156354188919067383e+00 2.408986806869506836e+00 7.832925796508789062e+00 3.802727890014648438e+01 -4.563505053520202637e-01 7.793503761291503906e+00 3.885991463903337717e-04 -5.634175147861242294e-03 1.978874206542968750e+01
2.513737380504608154e-01 2.414829969406127930e+00 3.780365753173828125e+01 4.352532958984375000e+01 1.346218681335449219e+01 4.618481636047363281e+00 2.346197128295898438e+00 7.558002471923828125e+00 3.666874694824218750e+01 -3.727670907974243164e-01 7.484945774078369141e+00 -2.258042246103286743e-02 6.017876788973808289e-02 1.978874206542968750e+01
2.577070593833923340e-01 2.301008939743041992e+00 3.747336196899414062e+01 4.308554840087890625e+01 1.276927280426025391e+01 9.994764328002929688e-01 2.235472679138183594e+00 7.307881355285644531e+00 3.618920898437500000e+01 -3.825623989105224609e-01 7.181163311004638672e+00 -4.059358686208724976e-02 -7.044608239084482193e-03 1.978874206542968750e+01
2.640204429626464844e-01 2.237471342086791992e+00 3.677874374389648438e+01 4.192261505126953125e+01 1.013243675231933594e+01 4.150724411010742188e+00 2.173663139343261719e+00 7.121995925903320312e+00 3.523410415649414062e+01 -8.844894766807556152e-01 6.950443744659423828e+00 -1.174990013241767883e-01 6.906672567129135132e-02 1.978874206542968750e+01
2.702898085117340088e-01 2.192210197448730469e+00 3.698408508300781250e+01 4.206918716430664062e+01 1.151737594604492188e+01 4.779966831207275391e+00 2.129589080810546875e+00 7.133779048919677734e+00 3.527118682861328125e+01 -6.429513692855834961e-01 6.907457351684570312e+00 -4.843890294432640076e-02 1.070370376110076904e-01 1.978874206542968750e+01
2.765615284442901611e-01 2.107393264770507812e+00 3.632603073120117188e+01 4.105727005004882812e+01 1.131641674041748047e+01 2.441079616546630859e+00 2.047024965286254883e+00 6.856505870819091797e+00 3.431955337524414062e+01 -5.465705990791320801e-01 6.612668037414550781e+00 -3.731180727481842041e-02 5.098103359341621399e-02 1.978874206542968750e+01
2.828698754310607910e-01 1.988547682762145996e+00 3.498528289794921875e+01 3.962093734741210938e+01 1.114878749847412109e+01 2.097021579742431641e+00 1.931471109390258789e+00 6.464979171752929688e+00 3.269190979003906250e+01 -7.284871935844421387e-01 6.158832550048828125e+00 -7.898902148008346558e-02 4.833564907312393188e-02 1.978874206542968750e+01
2.891486585140228271e-01 1.944464445114135742e+00 3.437199783325195312e+01 3.878210067749023438e+01 1.012700176239013672e+01 2.839075565338134766e+00 1.888562321662902832e+00 6.285406112670898438e+00 3.202466583251953125e+01 -8.252670168876647949e-01 6.006267070770263672e+00 -9.677428752183914185e-02 2.306950464844703674e-02 1.978874206542968750e+01
2.953523397445678711e-01 1.890760064125061035e+00 3.383692932128906250e+01 3.884842681884765625e+01 1.206010437011718750e+01 5.071584224700927734e+00 1.836364626884460449e+00 6.152024269104003906e+00 3.165557098388671875e+01 -6.963852643966674805e-01 5.915929317474365234e+00 -7.167708128690719604e-02 7.367367297410964966e-02 1.978874206542968750e+01
3.016075491905212402e-01 1.842075109481811523e+00 3.388051223754882812e+01 3.818955993652343750e+01 9.253561019897460938e+00 1.692816019058227539e+00 1.789026618003845215e+00 6.086030483245849609e+00 3.112586212158203125e+01 -1.138755202293395996e+00 5.673207283020019531e+00 -1.885246336460113525e-01 2.972925640642642975e-02 1.978874206542968750e+01
3.079382479190826416e-01 1.772056341171264648e+00 3.341987228393554688e+01 3.724972534179687500e+01 9.002600669860839844e+00 3.971442699432373047e+00 1.720897078514099121e+00 5.894487857818603516e+00 3.042394447326660156e+01 -1.141226649284362793e+00 5.459169864654541016e+00 -1.723108291625976562e-01 5.762768164277076721e-02 1.978874206542968750e+01
3.142760396003723145e-01 1.751011490821838379e+00 3.294793701171875000e+01 3.697418212890625000e+01 1.050775146484375000e+01 3.262261867523193359e+00 1.700315237045288086e+00 5.748993396759033203e+00 2.994470787048339844e+01 -8.170769810676574707e-01 5.343569755554199219e+00 -1.220552250742912292e-01 4.371614381670951843e-02 1.978874206542968750e+01
3.205462992191314697e-01 1.713190913200378418e+00 3.242679214477539062e+01 3.647125244140625000e+01 9.264494895935058594e+00 2.028038978576660156e+00 1.663602590560913086e+00 5.638152122497558594e+00 2.915390968322753906e+01 -1.217765688896179199e+00 5.174938201904296875e+00 -1.977436691522598267e-01 4.750188067555427551e-02 1.978874206542968750e+01
3.268128037452697754e-01 1.651719450950622559e+00 3.216922378540039062e+01 3.608983993530273438e+01 9.927820205688476562e+00 3.824341058731079102e+00 1.603841066360473633e+00 5.457620620727539062e+00 2.877635002136230469e+01 -1.119540691375732422e+00 4.994002819061279297e+00 -1.515531390905380249e-01 7.830356061458587646e-02 1.978874206542968750e+01
3.331238031387329102e-01 1.641338229179382324e+00 3.189930915832519531e+01 3.581147384643554688e+01 8.254707336425781250e+00 4.677946090698242188e+00 1.593703389167785645e+00 5.436966896057128906e+00 2.846309852600097656e+01 -1.388181805610656738e+00 4.967578411102294922e+00 -2.096126675605773926e-01 8.451452851295471191e-02 1.978874206542968750e+01
3.394046723842620850e-01 1.634059429168701172e+00 3.244438552856445312e+01 3.571930694580078125e+01 8.717396736145019531e+00 3.399325370788574219e+00 1.586619138717651367e+00 5.462383747100830078e+00 2.855175018310546875e+01 -1.236946463584899902e+00 4.900667667388916016e+00 -1.759649962186813354e-01 6.561053544282913208e-02 1.978874206542968750e+01
3.456391692161560059e-01 1.583865165710449219e+00 3.131564903259277344e+01 3.493118286132812500e+01 8.408737182617187500e+00 5.699030876159667969e+00 1.537849307060241699e+00 5.225928306579589844e+00 2.737749290466308594e+01 -1.477635145187377930e+00 4.675623893737792969e+00 -2.149198204278945923e-01 8.229734748601913452e-02 1.978874206542968750e+01
3.518808186054229736e-01 1.581864237785339355e+00 3.142048072814941406e+01 3.476346206665039062e+01 7.101767063140869141e+00 4.610516548156738281e+00 1.535847425460815430e+00 5.225860118865966797e+00 2.720485115051269531e+01 -1.699936985969543457e+00 4.618371963500976562e+00 -2.650242149829864502e-01 8.188129961490631104e-02 1.978874206542968750e+01
3.582032322883605957e-01 1.544421315193176270e+00 3.162877464294433594e+01 3.467285919189453125e+01 6.676549911499023438e+00 3.600918769836425781e+00 1.499423503875732422e+00 5.173038482666015625e+00 2.717044067382812500e+01 -1.734595775604248047e+00 4.542579650878906250e+00 -2.378714680671691895e-01 7.763922214508056641e-02 1.978874206542968750e+01
3.645117878913879395e-01 1.507017850875854492e+00 3.136705780029296875e+01 3.457688140869140625e+01 7.872159957885742188e+00 6.780942916870117188e+00 1.463114738464355469e+00 5.047358989715576172e+00 2.679381561279296875e+01 -1.720975995063781738e+00 4.407670021057128906e+00 -2.371380478143692017e-01 1.174637228250503540e-01 1.978874206542968750e+01
3.707640767097473145e-01 1.499342203140258789e+00 3.078267097473144531e+01 3.373712921142578125e+01 7.908606529235839844e+00 8.579539299011230469e+00 1.455590844154357910e+00 4.951920986175537109e+00 2.601285171508789062e+01 -1.686312317848205566e+00 4.250044822692871094e+00 -2.325008958578109741e-01 1.378749907016754150e-01 1.978874206542968750e+01
3.770540952682495117e-01 1.491026401519775391e+00 3.102173614501953125e+01 3.409350967407226562e+01 8.524286270141601562e+00 8.337104797363281250e+00 1.447527527809143066e+00 4.946157455444335938e+00 2.604180145263671875e+01 -1.668850183486938477e+00 4.227779388427734375e+00 -2.236782163381576538e-01 1.377162933349609375e-01 1.978874206542968750e+01
3.833588361740112305e-01 1.491141915321350098e+00 3.190091514587402344e+01 3.484037399291992188e+01 7.423657894134521484e+00 1.031038665771484375e+01 1.447596073150634766e+00 5.016354560852050781e+00 2.654043960571289062e+01 -2.024346113204956055e+00 4.254960536956787109e+00 -2.913731634616851807e-01 1.499792188405990601e-01 1.978874206542968750e+01
3.896513879299163818e-01 1.502229928970336914e+00 3.223290252685546875e+01 3.521595382690429688e+01 7.413609504699707031e+00 1.230084228515625000e+01 1.458292841911315918e+00 5.053820610046386719e+00 2.665751647949218750e+01 -2.184345722198486328e+00 4.264842510223388672e+00 -3.385318815708160400e-01 1.750694215297698975e-01 1.978874206542968750e+01
3.958770036697387695e-01 1.517675876617431641e+00 3.271372222900390625e+01 3.580470275878906250e+01 7.171782016754150391e+00 1.651645469665527344e+01 1.473283171653747559e+00 5.105438709259033203e+00 2.694020080566406250e+01 -2.459486246109008789e+00 4.298025608062744141e+00 -3.404572308063507080e-01 2.244605273008346558e-01 1.978874206542968750e+01
4.021010994911193848e-01 1.518196821212768555e+00 3.328362655639648438e+01 3.677211380004882812e+01 8.122729301452636719e+00 1.746119499206542969e+01 1.473747968673706055e+00 5.163829803466796875e+00 2.724945068359375000e+01 -2.541543960571289062e+00 4.338014125823974609e+00 -3.458310365676879883e-01 2.436186522245407104e-01 1.978874206542968750e+01
