# k, P_{cc}, P_{hh,r}, P_{hh,0}, P_{hh,2}, P_{hh,4}, P_{cm}, P_{hc,r}, P_{hc,0}, P_{hc,2}, P_{hc,4}, P_pSN
#  Realization 118
8.018244989216327667e-03 1.751764106750488281e+01 1.063962554931640625e+02 1.367605285644531250e+02 1.129299850463867188e+02 -1.795325164794921875e+02 1.742898368835449219e+01 4.072772598266601562e+01 1.200828857421875000e+02 1.598482799530029297e+01 4.664937591552734375e+01 6.558295249938964844e+00 -5.218590736389160156e+00 1.988576889038085938e+01
1.401655934751033783e-02 4.701033782958984375e+01 3.535119628906250000e+02 4.464949035644531250e+02 4.234971313476562500e+02 2.764481201171875000e+02 4.661141967773437500e+01 1.258598251342773438e+02 3.957451782226562500e+02 5.806100845336914062e+01 1.409365997314453125e+02 1.800637817382812500e+01 7.808614253997802734e+00 1.988576889038085938e+01
1.969251595437526703e-02 3.894315338134765625e+01 2.846735229492187500e+02 3.521820678710937500e+02 1.688221588134765625e+02 5.396303558349609375e+01 3.850199127197265625e+01 1.026920394897460938e+02 3.152062683105468750e+02 1.663272285461425781e+01 1.144683151245117188e+02 7.675831317901611328e+00 2.707240581512451172e+00 1.988576889038085938e+01
2.551339380443096161e-02 4.153086090087890625e+01 3.233988342285156250e+02 3.986594848632812500e+02 2.354755096435546875e+02 2.570978927612304688e+01 4.097554397583007812e+01 1.134907073974609375e+02 3.577041015625000000e+02 2.848868179321289062e+01 1.261475906372070312e+02 1.099497699737548828e+01 5.111231803894042969e-01 1.988576889038085938e+01
3.202908113598823547e-02 3.382279586791992188e+01 2.493836517333984375e+02 3.087531738281250000e+02 1.916355590820312500e+02 1.453882446289062500e+02 3.329484939575195312e+01 8.880722808837890625e+01 2.761871948242187500e+02 2.237081336975097656e+01 9.868553161621093750e+01 6.757489204406738281e+00 3.290812969207763672e+00 1.988576889038085938e+01
3.846523538231849670e-02 2.721255111694335938e+01 2.151796264648437500e+02 2.585841979980468750e+02 7.379982757568359375e+01 -4.174299240112304688e+01 2.674028205871582031e+01 7.366036224365234375e+01 2.349535064697265625e+02 5.383307456970214844e+00 8.093325042724609375e+01 2.598370313644409180e+00 -1.583855748176574707e+00 1.988576889038085938e+01
4.443310573697090149e-02 2.250037765502929688e+01 1.765686035156250000e+02 2.122971649169921875e+02 6.077507781982421875e+01 2.625681304931640625e+01 2.208333587646484375e+01 6.014790344238281250e+01 1.925639801025390625e+02 3.342816352844238281e+00 6.608317565917968750e+01 1.562091827392578125e+00 5.797939896583557129e-01 1.988576889038085938e+01
5.042308941483497620e-02 2.176277542114257812e+01 1.660542602539062500e+02 2.036207427978515625e+02 9.602957153320312500e+01 1.348371982574462891e+01 2.133327865600585938e+01 5.733470916748046875e+01 1.827157287597656250e+02 9.999039649963378906e+00 6.332227706909179688e+01 2.818019390106201172e+00 5.782692506909370422e-02 1.988576889038085938e+01
5.690929666161537170e-02 1.881372642517089844e+01 1.536797485351562500e+02 1.857843780517578125e+02 7.905830383300781250e+01 1.040026473999023438e+01 1.842407608032226562e+01 5.108823776245117188e+01 1.678443756103515625e+02 7.647024154663085938e+00 5.608881759643554688e+01 2.204875469207763672e+00 1.577007472515106201e-01 1.988576889038085938e+01
6.341847032308578491e-02 1.688244056701660156e+01 1.360864715576171875e+02 1.646067199707031250e+02 7.728228759765625000e+01 -8.570359230041503906e+00 1.651782608032226562e+01 4.532345962524414062e+01 1.485463867187500000e+02 8.499363899230957031e+00 4.983799743652343750e+01 3.037528276443481445e+00 -1.094471141695976257e-01 1.988576889038085938e+01
6.949992477893829346e-02 1.665578269958496094e+01 1.427141571044921875e+02 1.709838256835937500e+02 6.223628234863281250e+01 3.103887748718261719e+01 1.628459167480468750e+01 4.601342010498046875e+01 1.549156036376953125e+02 5.166685104370117188e+00 5.026879119873046875e+01 1.544329285621643066e+00 9.417416453361511230e-01 1.988576889038085938e+01
7.558133453130722046e-02 1.415134239196777344e+01 1.224073181152343750e+02 1.444978942871093750e+02 4.821993637084960938e+01 -1.456159782409667969e+01 1.382650661468505859e+01 3.911059951782226562e+01 1.317726898193359375e+02 4.145830631256103516e+00 4.245722579956054688e+01 1.717065930366516113e+00 -6.843297481536865234e-01 1.988576889038085938e+01
8.196274191141128540e-02 1.369169902801513672e+01 1.193526306152343750e+02 1.413413848876953125e+02 3.977365875244140625e+01 1.157285022735595703e+01 1.337069892883300781e+01 3.791844177246093750e+01 1.285090942382812500e+02 2.463591575622558594e+00 4.104533767700195312e+01 6.189929246902465820e-01 3.972961306571960449e-01 1.988576889038085938e+01
8.830232173204421997e-02 1.158990859985351562e+01 1.010137023925781250e+02 1.202596817016601562e+02 3.171483612060546875e+01 -1.514948368072509766e+01 1.131216907501220703e+01 3.152498626708984375e+01 1.088565216064453125e+02 1.762715101242065430e+00 3.431211471557617188e+01 6.568345427513122559e-01 -5.953139662742614746e-01 1.988576889038085938e+01
9.435217082500457764e-02 1.021492671966552734e+01 9.512946319580078125e+01 1.130027160644531250e+02 4.048645401000976562e+01 1.516235113143920898e+00 9.965974807739257812e+00 2.847333335876464844e+01 1.021861190795898438e+02 3.453166246414184570e+00 3.079780960083007812e+01 8.796670436859130859e-01 1.001414135098457336e-01 1.988576889038085938e+01
1.005600690841674805e-01 9.359321594238281250e+00 9.027856445312500000e+01 1.066859893798828125e+02 3.079475402832031250e+01 -2.229144096374511719e+01 9.127614974975585938e+00 2.666649436950683594e+01 9.665239715576171875e+01 1.944960117340087891e+00 2.876776504516601562e+01 5.676237940788269043e-01 -7.223472595214843750e-01 1.988576889038085938e+01
1.070138886570930481e-01 8.544083595275878906e+00 8.073995208740234375e+01 9.452574920654296875e+01 2.780046463012695312e+01 2.246942520141601562e+01 8.329595565795898438e+00 2.383119392395019531e+01 8.573175811767578125e+01 1.534897685050964355e+00 2.559461593627929688e+01 6.230270862579345703e-01 4.673926532268524170e-01 1.988576889038085938e+01
1.134273484349250793e-01 7.722207546234130859e+00 7.685313415527343750e+01 9.097827911376953125e+01 2.861271667480468750e+01 8.260509490966796875e+00 7.525861263275146484e+00 2.179312896728515625e+01 8.191316223144531250e+01 1.644951462745666504e+00 2.349435043334960938e+01 6.023321747779846191e-01 1.346011310815811157e-01 1.988576889038085938e+01
1.196089535951614380e-01 7.770046710968017578e+00 7.744078826904296875e+01 9.236082458496093750e+01 3.193538665771484375e+01 2.376621961593627930e+00 7.570003986358642578e+00 2.208543395996093750e+01 8.263446044921875000e+01 2.084097146987915039e+00 2.381570243835449219e+01 8.073863387107849121e-01 -7.599704712629318237e-02 1.988576889038085938e+01
1.257804334163665771e-01 7.210763454437255859e+00 7.183914184570312500e+01 8.502937316894531250e+01 2.974858283996582031e+01 7.367669105529785156e+00 7.023481845855712891e+00 2.023427581787109375e+01 7.621379852294921875e+01 1.936785459518432617e+00 2.170127105712890625e+01 7.530012726783752441e-01 7.055163383483886719e-02 1.988576889038085938e+01
1.321490257978439331e-01 6.777090072631835938e+00 7.081382751464843750e+01 8.297353363037109375e+01 2.185266494750976562e+01 1.106242084503173828e+01 6.599256992340087891e+00 1.945794486999511719e+01 7.457510375976562500e+01 5.918572545051574707e-01 2.075058174133300781e+01 3.680625259876251221e-01 2.855684459209442139e-01 1.988576889038085938e+01
1.384563297033309937e-01 6.357876777648925781e+00 6.704914855957031250e+01 7.876068878173828125e+01 2.564761543273925781e+01 7.294680118560791016e+00 6.189739227294921875e+00 1.817722320556640625e+01 7.045616149902343750e+01 1.430493950843811035e+00 1.932540512084960938e+01 5.249962210655212402e-01 1.212411671876907349e-01 1.988576889038085938e+01
1.446497291326522827e-01 5.609660148620605469e+00 6.151029205322265625e+01 7.168048858642578125e+01 2.276608848571777344e+01 7.108390331268310547e-01 5.460589885711669922e+00 1.618408203125000000e+01 6.415890502929687500e+01 1.202834963798522949e+00 1.709687042236328125e+01 4.562920928001403809e-01 -6.600497663021087646e-02 1.988576889038085938e+01
1.508535146713256836e-01 5.518765926361083984e+00 6.256035614013671875e+01 7.270019531250000000e+01 1.838960266113281250e+01 8.507653474807739258e-01 5.370991230010986328e+00 1.622197723388671875e+01 6.506676483154296875e+01 3.798484206199645996e-01 1.711305809020996094e+01 1.782066524028778076e-01 -1.346606481820344925e-02 1.988576889038085938e+01
1.571729034185409546e-01 4.908945083618164062e+00 5.746142196655273438e+01 6.691329193115234375e+01 2.064680099487304688e+01 3.698957204818725586e+00 4.776334762573242188e+00 1.446938800811767578e+01 5.953709411621093750e+01 8.835440278053283691e-01 1.521859741210937500e+01 2.783984243869781494e-01 -2.537356130778789520e-02 1.988576889038085938e+01
1.635417938232421875e-01 4.474352359771728516e+00 5.355535888671875000e+01 6.318212127685546875e+01 2.406621742248535156e+01 3.123605728149414062e+00 4.352932453155517578e+00 1.323326206207275391e+01 5.569007492065429688e+01 1.434605717658996582e+00 1.393589591979980469e+01 3.777490854263305664e-01 3.000079095363616943e-02 1.988576889038085938e+01
1.698256134986877441e-01 4.377657413482666016e+00 5.328591918945312500e+01 6.226816940307617188e+01 2.202976226806640625e+01 7.298747062683105469e+00 4.258460044860839844e+00 1.303304100036621094e+01 5.496976089477539062e+01 1.157996535301208496e+00 1.361769199371337891e+01 3.443419337272644043e-01 1.566727459430694580e-01 1.988576889038085938e+01
1.761013567447662354e-01 4.189431190490722656e+00 5.233011245727539062e+01 6.106569290161132812e+01 1.728148269653320312e+01 -1.623683124780654907e-01 4.074671268463134766e+00 1.254465484619140625e+01 5.385591506958007812e+01 4.012083113193511963e-01 1.309992122650146484e+01 1.709054261445999146e-01 1.931633101776242256e-03 1.988576889038085938e+01
1.823998540639877319e-01 4.021079063415527344e+00 5.082671356201171875e+01 5.881983184814453125e+01 1.795491790771484375e+01 6.085244655609130859e+00 3.910444974899291992e+00 1.209567356109619141e+01 5.186413574218750000e+01 4.387748241424560547e-01 1.252639770507812500e+01 1.377482414245605469e-01 1.031673252582550049e-01 1.988576889038085938e+01
1.886507123708724976e-01 3.792026281356811523e+00 4.899740600585937500e+01 5.691535186767578125e+01 1.558072090148925781e+01 4.450028836727142334e-01 3.687366485595703125e+00 1.145057773590087891e+01 4.985131835937500000e+01 1.337281465530395508e-01 1.180692958831787109e+01 1.250016838312149048e-01 -5.376631394028663635e-02 1.988576889038085938e+01
1.949081569910049438e-01 3.509780168533325195e+00 4.705605697631835938e+01 5.443712234497070312e+01 1.633762741088867188e+01 2.720663547515869141e+00 3.412499189376831055e+00 1.070510768890380859e+01 4.761817169189453125e+01 2.820483744144439697e-01 1.098460388183593750e+01 2.230081334710121155e-02 3.034238331019878387e-02 1.988576889038085938e+01
2.011425346136093140e-01 3.464781045913696289e+00 4.621407318115234375e+01 5.327006149291992188e+01 1.966723632812500000e+01 7.154049873352050781e+00 3.368377685546875000e+00 1.048026084899902344e+01 4.643844223022460938e+01 8.525815606117248535e-01 1.070347499847412109e+01 2.826293706893920898e-01 1.335733979940414429e-01 1.988576889038085938e+01
2.073954045772552490e-01 3.318712949752807617e+00 4.590289688110351562e+01 5.292947387695312500e+01 1.254877281188964844e+01 3.885282039642333984e+00 3.226007938385009766e+00 1.018788623809814453e+01 4.608591079711914062e+01 -4.411870837211608887e-01 1.036630439758300781e+01 -5.455197766423225403e-03 1.070634797215461731e-01 1.988576889038085938e+01
2.137389332056045532e-01 3.119158267974853516e+00 4.370731353759765625e+01 5.053147506713867188e+01 1.485800075531005859e+01 2.785828351974487305e+00 3.031780481338500977e+00 9.535073280334472656e+00 4.368072128295898438e+01 3.120758198201656342e-02 9.678318023681640625e+00 8.295103162527084351e-02 5.551236867904663086e-02 1.988576889038085938e+01
2.200330942869186401e-01 2.910914659500122070e+00 4.253607559204101562e+01 4.890765380859375000e+01 1.464008140563964844e+01 7.244908809661865234e+00 2.829124689102172852e+00 9.029199600219726562e+00 4.214152908325195312e+01 -1.153425350785255432e-01 9.106001853942871094e+00 3.771752119064331055e-02 1.701374948024749756e-01 1.988576889038085938e+01
2.262930423021316528e-01 2.780580997467041016e+00 4.157126998901367188e+01 4.775989532470703125e+01 1.316539096832275391e+01 3.373788595199584961e-01 2.702340126037597656e+00 8.688299179077148438e+00 4.099830245971679688e+01 -3.385860919952392578e-01 8.771215438842773438e+00 9.589935652911663055e-04 7.659549359232187271e-03 1.988576889038085938e+01
2.325985133647918701e-01 2.720217943191528320e+00 4.080857086181640625e+01 4.713583755493164062e+01 1.485054206848144531e+01 5.129584789276123047e+00 2.643468379974365234e+00 8.478322982788085938e+00 4.019005966186523438e+01 -1.261188983917236328e-01 8.518104553222656250e+00 1.779865100979804993e-02 4.641208425164222717e-02 1.988576889038085938e+01
2.388891130685806274e-01 2.598204374313354492e+00 4.034432983398437500e+01 4.619012451171875000e+01 1.077108573913574219e+01 2.973754405975341797e+00 2.524696111679077148e+00 8.202083587646484375e+00 3.946502685546875000e+01 -6.430871486663818359e-01 8.176076889038085938e+00 -7.596544921398162842e-02 5.816575512290000916e-02 1.988576889038085938e+01
2.451218813657760620e-01 2.544354200363159180e+00 3.972989273071289062e+01 4.583728790283203125e+01 1.236051273345947266e+01 4.648935317993164062e+00 2.472180843353271484e+00 8.048704147338867188e+00 3.879560470581054688e+01 -5.694300532341003418e-01 8.018355369567871094e+00 -8.897237479686737061e-02 9.207019954919815063e-02 1.988576889038085938e+01
2.513737380504608154e-01 2.422946929931640625e+00 3.850388336181640625e+01 4.416923904418945312e+01 1.254589080810546875e+01 2.417090654373168945e+00 2.354087829589843750e+00 7.690271377563476562e+00 3.732439422607421875e+01 -4.518162906169891357e-01 7.615965843200683594e+00 -1.698871329426765442e-02 4.160599038004875183e-02 1.988576889038085938e+01
2.577070593833923340e-01 2.355850934982299805e+00 3.806081771850585938e+01 4.351839828491210938e+01 1.074506950378417969e+01 4.015499591827392578e+00 2.288707494735717773e+00 7.488005161285400391e+00 3.668934249877929688e+01 -7.144607305526733398e-01 7.336791515350341797e+00 -1.013188511133193970e-01 8.961509168148040771e-02 1.988576889038085938e+01
2.640204429626464844e-01 2.275793313980102539e+00 3.726160049438476562e+01 4.250964355468750000e+01 1.123661518096923828e+01 5.525227546691894531e+00 2.210839748382568359e+00 7.264850139617919922e+00 3.559863662719726562e+01 -7.178668975830078125e-01 7.088856220245361328e+00 -8.255395293235778809e-02 7.881111651659011841e-02 1.988576889038085938e+01
2.702898085117340088e-01 2.161845207214355469e+00 3.611407089233398438e+01 4.088279342651367188e+01 1.083548450469970703e+01 3.612067222595214844e+00 2.100093126296997070e+00 6.893212318420410156e+00 3.415071105957031250e+01 -6.705206632614135742e-01 6.656131744384765625e+00 -6.392491608858108521e-02 5.561044439673423767e-02 1.988576889038085938e+01
2.765615284442901611e-01 2.129553794860839844e+00 3.627663040161132812e+01 4.136213302612304688e+01 1.160218811035156250e+01 3.710218429565429688e+00 2.068521976470947266e+00 6.855737686157226562e+00 3.424852371215820312e+01 -6.666178107261657715e-01 6.589447021484375000e+00 -9.612789750099182129e-02 6.064652651548385620e-02 1.988576889038085938e+01
2.828698754310607910e-01 1.986104249954223633e+00 3.493079376220703125e+01 3.935729980468750000e+01 1.015592575073242188e+01 2.774827241897583008e+00 1.929061293601989746e+00 6.367438316345214844e+00 3.247762298583984375e+01 -8.502151966094970703e-01 6.009204387664794922e+00 -9.578922390937805176e-02 6.081251800060272217e-02 1.988576889038085938e+01
2.891486585140228271e-01 1.981470823287963867e+00 3.493633270263671875e+01 3.982072448730468750e+01 9.452429771423339844e+00 4.896476268768310547e+00 1.924522638320922852e+00 6.422811508178710938e+00 3.255293655395507812e+01 -1.156025648117065430e+00 6.084988117218017578e+00 -1.658394783735275269e-01 8.041919767856597900e-02 1.988576889038085938e+01
2.953523397445678711e-01 1.938098073005676270e+00 3.425777053833007812e+01 3.902572631835937500e+01 1.061360931396484375e+01 3.961232423782348633e+00 1.882288694381713867e+00 6.297872543334960938e+00 3.176680564880371094e+01 -9.155214428901672363e-01 5.961193084716796875e+00 -1.152126342058181763e-01 7.416916638612747192e-02 1.988576889038085938e+01
3.016075491905212402e-01 1.828937768936157227e+00 3.372405242919921875e+01 3.810237121582031250e+01 9.672590255737304688e+00 3.459852457046508789e+00 1.776230692863464355e+00 5.964229106903076172e+00 3.098273849487304688e+01 -1.042717695236206055e+00 5.612536430358886719e+00 -1.220627725124359131e-01 6.792006641626358032e-02 1.988576889038085938e+01
3.079382479190826416e-01 1.823077201843261719e+00 3.374197769165039062e+01 3.807328033447265625e+01 9.447510719299316406e+00 2.952949285507202148e+00 1.770401716232299805e+00 6.011935234069824219e+00 3.080877113342285156e+01 -1.109869718551635742e+00 5.593892574310302734e+00 -1.353648155927658081e-01 6.677771359682083130e-02 1.988576889038085938e+01
3.142760396003723145e-01 1.766033172607421875e+00 3.294972229003906250e+01 3.683008575439453125e+01 7.572912216186523438e+00 4.037686347961425781e+00 1.715108513832092285e+00 5.761582851409912109e+00 2.967024612426757812e+01 -1.456512570381164551e+00 5.269872188568115234e+00 -2.101794630289077759e-01 9.257954359054565430e-02 1.988576889038085938e+01
3.205462992191314697e-01 1.732938885688781738e+00 3.315364074707031250e+01 3.740876007080078125e+01 1.030162906646728516e+01 3.515149831771850586e+00 1.682789325714111328e+00 5.752548217773437500e+00 2.988549613952636719e+01 -1.096691250801086426e+00 5.288701534271240234e+00 -1.583105325698852539e-01 7.685938477516174316e-02 1.988576889038085938e+01
3.268128037452697754e-01 1.694262504577636719e+00 3.209162902832031250e+01 3.585232925415039062e+01 7.938370227813720703e+00 3.236498355865478516e+00 1.645168185234069824e+00 5.520699501037597656e+00 2.845707893371582031e+01 -1.477959871292114258e+00 4.971444129943847656e+00 -2.326367646455764771e-01 8.489918708801269531e-02 1.988576889038085938e+01
3.331238031387329102e-01 1.666451811790466309e+00 3.246178817749023438e+01 3.603365707397460938e+01 7.266752719879150391e+00 3.639781236648559570e+00 1.618069648742675781e+00 5.504438877105712891e+00 2.858654975891113281e+01 -1.597790479660034180e+00 4.933603286743164062e+00 -2.337145358324050903e-01 4.721299186348915100e-02 1.988576889038085938e+01
3.394046723842620850e-01 1.627261757850646973e+00 3.199562072753906250e+01 3.550841140747070312e+01 7.952863693237304688e+00 4.038335323333740234e+00 1.580011248588562012e+00 5.411999702453613281e+00 2.801865196228027344e+01 -1.499924302101135254e+00 4.833724498748779297e+00 -2.064864188432693481e-01 6.593422591686248779e-02 1.988576889038085938e+01
3.456391692161560059e-01 1.603450894355773926e+00 3.169344711303710938e+01 3.518778991699218750e+01 7.746862888336181641e+00 5.256518363952636719e+00 1.556849360466003418e+00 5.276730060577392578e+00 2.762040710449218750e+01 -1.631224393844604492e+00 4.713527679443359375e+00 -2.305583953857421875e-01 9.926608204841613770e-02 1.988576889038085938e+01
3.518808186054229736e-01 1.572028636932373047e+00 3.134113311767578125e+01 3.478100204467773438e+01 7.613816261291503906e+00 4.612872123718261719e+00 1.526287078857421875e+00 5.175673484802246094e+00 2.703126716613769531e+01 -1.632746815681457520e+00 4.560651779174804688e+00 -2.464034557342529297e-01 9.875887632369995117e-02 1.988576889038085938e+01
3.582032322883605957e-01 1.547829985618591309e+00 3.140503692626953125e+01 3.447499465942382812e+01 7.728958129882812500e+00 5.500115871429443359e+00 1.502737402915954590e+00 5.140412330627441406e+00 2.677919387817382812e+01 -1.691863656044006348e+00 4.474075794219970703e+00 -2.464810907840728760e-01 7.816712558269500732e-02 1.988576889038085938e+01
3.645117878913879395e-01 1.558280825614929199e+00 3.194786643981933594e+01 3.524436187744140625e+01 7.234588146209716797e+00 6.874641418457031250e+00 1.512868046760559082e+00 5.202317237854003906e+00 2.725477790832519531e+01 -1.859543204307556152e+00 4.515072345733642578e+00 -2.781987786293029785e-01 1.200922802090644836e-01 1.988576889038085938e+01
3.707640767097473145e-01 1.520919919013977051e+00 3.140602493286132812e+01 3.472298049926757812e+01 7.367093086242675781e+00 8.188165664672851562e+00 1.476568937301635742e+00 5.038784503936767578e+00 2.647337532043457031e+01 -2.031392335891723633e+00 4.338521957397460938e+00 -2.887738943099975586e-01 1.417268663644790649e-01 1.988576889038085938e+01
3.770540952682495117e-01 1.509348630905151367e+00 3.161091995239257812e+01 3.467215728759765625e+01 7.585169792175292969e+00 1.042956161499023438e+01 1.465266942977905273e+00 5.025626659393310547e+00 2.638601875305175781e+01 -2.060091733932495117e+00 4.262406349182128906e+00 -3.043452501296997070e-01 1.395411044359207153e-01 1.988576889038085938e+01
3.833588361740112305e-01 1.529957175254821777e+00 3.224582290649414062e+01 3.523386001586914062e+01 6.423887729644775391e+00 1.011105632781982422e+01 1.485287904739379883e+00 5.123134613037109375e+00 2.666081428527832031e+01 -2.287161350250244141e+00 4.316993713378906250e+00 -3.381573557853698730e-01 1.763396263122558594e-01 1.988576889038085938e+01
3.896513879299163818e-01 1.512938618659973145e+00 3.195618247985839844e+01 3.526800155639648438e+01 9.158401489257812500e+00 1.397316074371337891e+01 1.468659043312072754e+00 5.016380786895751953e+00 2.635582160949707031e+01 -2.035139322280883789e+00 4.217351913452148438e+00 -2.804687023162841797e-01 2.126152068376541138e-01 1.988576889038085938e+01
3.958770036697387695e-01 1.536855578422546387e+00 3.286684417724609375e+01 3.591970825195312500e+01 6.707158088684082031e+00 1.509012985229492188e+01 1.491900205612182617e+00 5.137815475463867188e+00 2.673582458496093750e+01 -2.600050926208496094e+00 4.240588665008544922e+00 -3.960419595241546631e-01 2.051729559898376465e-01 1.988576889038085938e+01
4.021010994911193848e-01 1.555515170097351074e+00 3.395758438110351562e+01 3.709710311889648438e+01 6.741835117340087891e+00 1.617014122009277344e+01 1.510026574134826660e+00 5.279044628143310547e+00 2.760940361022949219e+01 -2.728183984756469727e+00 4.414902687072753906e+00 -3.827883303165435791e-01 2.340175062417984009e-01 1.988576889038085938e+01
