# k, P_{cc}, P_{hh,r}, P_{hh,0}, P_{hh,2}, P_{hh,4}, P_{cm}, P_{hc,r}, P_{hc,0}, P_{hc,2}, P_{hc,4}, P_pSN
#  Realization 17
8.018244989216327667e-03 3.584494018554687500e+01 2.447469329833984375e+02 2.832983703613281250e+02 -1.392314147949218750e+02 1.288471984863281250e+02 3.566273117065429688e+01 9.010827636718750000e+01 2.621448364257812500e+02 -3.566931915283203125e+01 9.745387268066406250e+01 -1.198442268371582031e+01 6.846295356750488281e+00 1.985882949829101562e+01
1.401655934751033783e-02 4.358277893066406250e+01 3.518941040039062500e+02 4.365650024414062500e+02 2.546243286132812500e+02 -8.309236145019531250e+01 4.321632003784179688e+01 1.218351745605468750e+02 3.904474182128906250e+02 3.032876968383789062e+01 1.362375793457031250e+02 1.418177986145019531e+01 -3.379854202270507812e+00 1.985882949829101562e+01
1.969251595437526703e-02 4.238012695312500000e+01 3.083124084472656250e+02 3.756176757812500000e+02 1.050814895629882812e+02 3.635238647460937500e+01 4.190171432495117188e+01 1.116956329345703125e+02 3.389223022460937500e+02 5.437935352325439453e+00 1.233956680297851562e+02 2.644906044006347656e+00 5.155116319656372070e-01 1.985882949829101562e+01
2.551339380443096161e-02 3.488086700439453125e+01 2.595402221679687500e+02 3.169225158691406250e+02 1.405077972412109375e+02 1.672416076660156250e+02 3.440993499755859375e+01 9.255324554443359375e+01 2.854769592285156250e+02 1.259438323974609375e+01 1.023047943115234375e+02 4.595723628997802734e+00 5.795548915863037109e+00 1.985882949829101562e+01
3.202908113598823547e-02 3.201702499389648438e+01 2.487447662353515625e+02 2.966864624023437500e+02 3.958737564086914062e+01 -4.290378570556640625e+01 3.152013587951660156e+01 8.605701446533203125e+01 2.707457275390625000e+02 -1.518167018890380859e+00 9.406978607177734375e+01 -1.319061040878295898e+00 -1.498272538185119629e+00 1.985882949829101562e+01
3.846523538231849670e-02 2.740891265869140625e+01 2.134330291748046875e+02 2.580694580078125000e+02 8.374341583251953125e+01 5.130543518066406250e+01 2.693660163879394531e+01 7.394477081298828125e+01 2.335989532470703125e+02 5.829595088958740234e+00 8.141654205322265625e+01 2.818832635879516602e+00 1.931724309921264648e+00 1.985882949829101562e+01
4.443310573697090149e-02 2.462771224975585938e+01 1.994054718017578125e+02 2.426518402099609375e+02 1.269107208251953125e+02 4.394553184509277344e+00 2.417066001892089844e+01 6.744774627685546875e+01 2.189820861816406250e+02 1.508158302307128906e+01 7.445917510986328125e+01 5.135046482086181641e+00 3.412714004516601562e-01 1.985882949829101562e+01
5.042308941483497620e-02 1.956464958190917969e+01 1.568444213867187500e+02 1.905650939941406250e+02 8.713414001464843750e+01 8.692117691040039062e+00 1.917909622192382812e+01 5.279196548461914062e+01 1.719363555908203125e+02 9.375239372253417969e+00 5.814008712768554688e+01 3.079200744628906250e+00 4.391026794910430908e-01 1.985882949829101562e+01
5.690929666161537170e-02 1.815395355224609375e+01 1.522079772949218750e+02 1.820836029052734375e+02 6.649047088623046875e+01 -3.693673324584960938e+01 1.777726936340332031e+01 4.990362548828125000e+01 1.655357513427734375e+02 6.585764884948730469e+00 5.448940658569335938e+01 1.911417722702026367e+00 -1.276431679725646973e+00 1.985882949829101562e+01
6.341847032308578491e-02 1.680956077575683594e+01 1.376961364746093750e+02 1.663856964111328125e+02 8.028158569335937500e+01 1.616267013549804688e+01 1.644725036621093750e+01 4.553934097290039062e+01 1.502583618164062500e+02 9.011536598205566406e+00 5.011200714111328125e+01 3.175015211105346680e+00 3.060906231403350830e-01 1.985882949829101562e+01
6.949992477893829346e-02 1.658091735839843750e+01 1.384084014892578125e+02 1.650149383544921875e+02 5.454631042480468750e+01 -3.028808116912841797e+00 1.621070098876953125e+01 4.540864181518554688e+01 1.499817657470703125e+02 4.568035602569580078e+00 4.947000885009765625e+01 1.624558806419372559e+00 -9.381524473428726196e-02 1.985882949829101562e+01
7.558133453130722046e-02 1.440704631805419922e+01 1.232470703125000000e+02 1.476473999023437500e+02 4.907122421264648438e+01 -2.937816810607910156e+01 1.407681846618652344e+01 3.943266677856445312e+01 1.336913604736328125e+02 4.054304599761962891e+00 4.317446136474609375e+01 1.943311929702758789e+00 -9.256365895271301270e-01 1.985882949829101562e+01
8.196274191141128540e-02 1.336072444915771484e+01 1.169061584472656250e+02 1.393710021972656250e+02 5.243044281005859375e+01 1.251430988311767578e+01 1.304775333404541016e+01 3.704597091674804688e+01 1.263942642211914062e+02 4.789762496948242188e+00 4.028283691406250000e+01 1.755953311920166016e+00 8.172158896923065186e-02 1.985882949829101562e+01
8.830232173204421997e-02 1.120893192291259766e+01 9.990036773681640625e+01 1.195115814208984375e+02 4.896535873413085938e+01 1.225550460815429688e+01 1.094079494476318359e+01 3.087270545959472656e+01 1.078566131591796875e+02 4.457031250000000000e+00 3.359643936157226562e+01 1.286704897880554199e+00 4.331373572349548340e-01 1.985882949829101562e+01
9.435217082500457764e-02 1.035751247406005859e+01 9.472210693359375000e+01 1.122711639404296875e+02 3.378383255004882812e+01 -9.808885574340820312e+00 1.010480022430419922e+01 2.884606552124023438e+01 1.017304077148437500e+02 2.253810167312622070e+00 3.125657653808593750e+01 7.205703258514404297e-01 -4.423919916152954102e-01 1.985882949829101562e+01
1.005600690841674805e-01 9.278416633605957031e+00 8.786856079101562500e+01 1.030722885131835938e+02 2.879151344299316406e+01 -8.045025825500488281e+00 9.048883438110351562e+00 2.606678581237792969e+01 9.371651458740234375e+01 1.787647247314453125e+00 2.812978553771972656e+01 7.168821692466735840e-01 -3.770213127136230469e-01 1.985882949829101562e+01
1.070138886570930481e-01 8.437338829040527344e+00 8.153675079345703125e+01 9.714595031738281250e+01 3.209289169311523438e+01 8.574453353881835938e+00 8.225494384765625000e+00 2.386508750915527344e+01 8.742583465576171875e+01 2.030788183212280273e+00 2.580260467529296875e+01 6.923698186874389648e-01 1.538809388875961304e-01 1.985882949829101562e+01
1.134273484349250793e-01 7.535419464111328125e+00 7.486569213867187500e+01 8.859047698974609375e+01 2.900114631652832031e+01 -1.504838705062866211e+00 7.343928337097167969e+00 2.120626068115234375e+01 7.977740478515625000e+01 1.961601376533508301e+00 2.279412651062011719e+01 5.944806337356567383e-01 -2.107659578323364258e-01 1.985882949829101562e+01
1.196089535951614380e-01 7.115927696228027344e+00 7.132024383544921875e+01 8.487479400634765625e+01 2.663743591308593750e+01 5.602486133575439453e+00 6.932861804962158203e+00 2.002537155151367188e+01 7.606216430664062500e+01 1.559164404869079590e+00 2.156913948059082031e+01 4.782117307186126709e-01 3.579097241163253784e-02 1.985882949829101562e+01
1.257804334163665771e-01 7.097577571868896484e+00 7.316187286376953125e+01 8.594409179687500000e+01 2.819654464721679688e+01 8.469414710998535156e+00 6.913270950317382812e+00 2.033478355407714844e+01 7.744514465332031250e+01 1.764371991157531738e+00 2.175949668884277344e+01 6.689653396606445312e-01 1.417908072471618652e-01 1.985882949829101562e+01
1.321490257978439331e-01 6.745481967926025391e+00 7.079640960693359375e+01 8.175695800781250000e+01 1.935654258728027344e+01 -1.270546913146972656e+01 6.568661689758300781e+00 1.956903839111328125e+01 7.418847656250000000e+01 7.888451218605041504e-01 2.069412040710449219e+01 1.783922910690307617e-01 -3.886623978614807129e-01 1.985882949829101562e+01
1.384563297033309937e-01 6.322919368743896484e+00 6.758137512207031250e+01 7.934519958496093750e+01 2.849255752563476562e+01 8.133288383483886719e+00 6.155859947204589844e+00 1.821389770507812500e+01 7.109891510009765625e+01 2.054240942001342773e+00 1.938064384460449219e+01 5.892193913459777832e-01 1.876533776521682739e-01 1.985882949829101562e+01
1.446497291326522827e-01 5.957149505615234375e+00 6.489688110351562500e+01 7.593419647216796875e+01 2.511015129089355469e+01 1.949983239173889160e+00 5.798332214355468750e+00 1.720511436462402344e+01 6.803355407714843750e+01 1.622796535491943359e+00 1.824239540100097656e+01 5.846454501152038574e-01 3.182096779346466064e-02 1.985882949829101562e+01
1.508535146713256836e-01 5.325477123260498047e+00 5.973833847045898438e+01 7.031623077392578125e+01 2.315514755249023438e+01 -3.797923564910888672e+00 5.182613372802734375e+00 1.552685928344726562e+01 6.260267639160156250e+01 1.241830587387084961e+00 1.644662857055664062e+01 4.208480417728424072e-01 -1.745650917291641235e-01 1.985882949829101562e+01
1.571729034185409546e-01 4.879516601562500000e+00 5.749847793579101562e+01 6.675021362304687500e+01 1.616304969787597656e+01 4.436756610870361328e+00 4.747711658477783203e+00 1.436913776397705078e+01 5.957294464111328125e+01 1.616167575120925903e-01 1.510967159271240234e+01 1.409832537174224854e-01 7.692887634038925171e-02 1.985882949829101562e+01
1.635417938232421875e-01 4.566571235656738281e+00 5.497730636596679688e+01 6.401008605957031250e+01 1.815029907226562500e+01 2.174067974090576172e+00 4.442806243896484375e+00 1.356748962402343750e+01 5.698542785644531250e+01 5.824814438819885254e-01 1.423015403747558594e+01 1.928421109914779663e-01 3.728644922375679016e-02 1.985882949829101562e+01
1.698256134986877441e-01 4.231360912322998047e+00 5.188734817504882812e+01 6.068983840942382812e+01 2.107695198059082031e+01 1.156738400459289551e+00 4.115976333618164062e+00 1.262905883789062500e+01 5.361565399169921875e+01 1.194045782089233398e+00 1.323190307617187500e+01 3.809776306152343750e-01 2.661108039319515228e-02 1.985882949829101562e+01
1.761013567447662354e-01 4.043751716613769531e+00 5.043767547607421875e+01 5.900121688842773438e+01 2.116161537170410156e+01 -4.146085739135742188e+00 3.933010578155517578e+00 1.207480144500732422e+01 5.198005294799804688e+01 1.129980921745300293e+00 1.265079689025878906e+01 2.992812097072601318e-01 -1.118771284818649292e-01 1.985882949829101562e+01
1.823998540639877319e-01 3.854596614837646484e+00 4.930595397949218750e+01 5.720537567138671875e+01 1.749679374694824219e+01 5.887197494506835938e+00 3.748689174652099609e+00 1.160698127746582031e+01 5.038916015625000000e+01 4.706841707229614258e-01 1.203825187683105469e+01 2.007826417684555054e-01 1.019879132509231567e-01 1.985882949829101562e+01
1.886507123708724976e-01 3.765512466430664062e+00 4.872270965576171875e+01 5.719178009033203125e+01 1.671672439575195312e+01 2.527082204818725586e+00 3.661315441131591797e+00 1.137273597717285156e+01 4.999389648437500000e+01 1.452920734882354736e-01 1.180857372283935547e+01 7.665289938449859619e-02 5.745495483279228210e-02 1.985882949829101562e+01
1.949081569910049438e-01 3.607358455657958984e+00 4.756465530395507812e+01 5.403004074096679688e+01 1.442495250701904297e+01 1.871382474899291992e+00 3.507309675216674805e+00 1.095171260833740234e+01 4.782897949218750000e+01 1.769557148218154907e-01 1.119423675537109375e+01 7.183970510959625244e-02 2.556277811527252197e-02 1.985882949829101562e+01
2.011425346136093140e-01 3.425141811370849609e+00 4.642119216918945312e+01 5.344163131713867188e+01 1.646478652954101562e+01 -8.816598355770111084e-02 3.329816102981567383e+00 1.049868011474609375e+01 4.684250259399414062e+01 4.861111044883728027e-01 1.075203609466552734e+01 1.320426464080810547e-01 -9.812830947339534760e-03 1.985882949829101562e+01
2.073954045772552490e-01 3.275867700576782227e+00 4.490701675415039062e+01 5.222364044189453125e+01 1.824028587341308594e+01 5.260365486145019531e+00 3.184307098388671875e+00 1.000648784637451172e+01 4.530681991577148438e+01 4.559669792652130127e-01 1.026096916198730469e+01 1.303335428237915039e-01 1.204918976873159409e-02 1.985882949829101562e+01
2.137389332056045532e-01 3.074630498886108398e+00 4.395809173583984375e+01 5.034410095214843750e+01 1.637734985351562500e+01 2.877130985260009766e+00 2.988409042358398438e+00 9.550916671752929688e+00 4.382528686523437500e+01 3.519927561283111572e-01 9.677871704101562500e+00 1.604585051536560059e-01 2.939092740416526794e-02 1.985882949829101562e+01
2.200330942869186401e-01 2.936954259872436523e+00 4.235493850708007812e+01 4.934730148315429688e+01 1.508141517639160156e+01 5.932982444763183594e+00 2.854411602020263672e+00 9.110062599182128906e+00 4.239781188964843750e+01 -1.266059577465057373e-01 9.236559867858886719e+00 -1.042215060442686081e-02 1.058626770973205566e-01 1.985882949829101562e+01
2.262930423021316528e-01 2.806113004684448242e+00 4.182563400268554688e+01 4.828894424438476562e+01 1.428298187255859375e+01 -4.467724561691284180e-01 2.727146387100219727e+00 8.759693145751953125e+00 4.155133819580078125e+01 -5.987048149108886719e-02 8.832214355468750000e+00 1.773809269070625305e-02 -3.874162212014198303e-02 1.985882949829101562e+01
2.325985133647918701e-01 2.681528568267822266e+00 4.058660125732421875e+01 4.687742233276367188e+01 1.389485168457031250e+01 5.627962589263916016e+00 2.605858325958251953e+00 8.407419204711914062e+00 4.011107635498046875e+01 -1.977418065071105957e-01 8.476930618286132812e+00 1.764412410557270050e-02 8.005155622959136963e-02 1.985882949829101562e+01
2.388891130685806274e-01 2.621371507644653320e+00 3.947377014160156250e+01 4.574903869628906250e+01 1.451861095428466797e+01 8.724626302719116211e-01 2.547191143035888672e+00 8.159265518188476562e+00 3.883618545532226562e+01 -9.012109786272048950e-02 8.172441482543945312e+00 5.755536258220672607e-02 -2.000412158668041229e-02 1.985882949829101562e+01
2.451218813657760620e-01 2.500334262847900391e+00 3.941674041748046875e+01 4.524209594726562500e+01 1.295256710052490234e+01 4.159909725189208984e+00 2.429276704788208008e+00 7.931439876556396484e+00 3.841755294799804688e+01 -4.144436717033386230e-01 7.853058338165283203e+00 -5.013725254684686661e-03 8.928633481264114380e-02 1.985882949829101562e+01
2.513737380504608154e-01 2.422703742980957031e+00 3.867594146728515625e+01 4.484810638427734375e+01 1.442379951477050781e+01 5.740337848663330078e+00 2.353779077529907227e+00 7.692816257476806641e+00 3.769360733032226562e+01 -3.294228911399841309e-01 7.657057762145996094e+00 -1.459167990833520889e-02 9.820997714996337891e-02 1.985882949829101562e+01
2.577070593833923340e-01 2.339747190475463867e+00 3.821000671386718750e+01 4.378519058227539062e+01 1.086423492431640625e+01 4.241050720214843750e+00 2.273143529891967773e+00 7.507400035858154297e+00 3.702212524414062500e+01 -8.287593722343444824e-01 7.403414726257324219e+00 -1.160021349787712097e-01 4.216415062546730042e-02 1.985882949829101562e+01
2.640204429626464844e-01 2.253484964370727539e+00 3.727025985717773438e+01 4.244396972656250000e+01 9.651643753051757812e+00 4.138681888580322266e+00 2.189104557037353516e+00 7.214957714080810547e+00 3.566837310791015625e+01 -9.916355609893798828e-01 7.054727554321289062e+00 -1.306067705154418945e-01 7.493610680103302002e-02 1.985882949829101562e+01
2.702898085117340088e-01 2.185709714889526367e+00 3.668495941162109375e+01 4.204576110839843750e+01 1.124463367462158203e+01 2.420819997787475586e+00 2.123175621032714844e+00 7.043235778808593750e+00 3.505852127075195312e+01 -8.078303933143615723e-01 6.887181282043457031e+00 -1.112578809261322021e-01 3.227514028549194336e-02 1.985882949829101562e+01
2.765615284442901611e-01 2.109495401382446289e+00 3.602179718017578125e+01 4.095915603637695312e+01 1.000034904479980469e+01 4.849764823913574219e+00 2.049056291580200195e+00 6.828520298004150391e+00 3.421191406250000000e+01 -8.359994292259216309e-01 6.619905471801757812e+00 -1.254901587963104248e-01 7.423460483551025391e-02 1.985882949829101562e+01
2.828698754310607910e-01 2.024901151657104492e+00 3.561122894287109375e+01 4.006371307373046875e+01 9.542409896850585938e+00 -4.155224561691284180e-01 1.966785430908203125e+00 6.606215953826904297e+00 3.338303375244140625e+01 -8.831689953804016113e-01 6.320433616638183594e+00 -1.181071996688842773e-01 -1.120432838797569275e-02 1.985882949829101562e+01
2.891486585140228271e-01 1.970955133438110352e+00 3.503432083129882812e+01 3.981902694702148438e+01 9.138212203979492188e+00 1.877837777137756348e+00 1.914342522621154785e+00 6.454718112945556641e+00 3.273099517822265625e+01 -1.134368896484375000e+00 6.158765792846679688e+00 -1.566871553659439087e-01 2.059122361242771149e-02 1.985882949829101562e+01
2.953523397445678711e-01 1.928303718566894531e+00 3.489474487304687500e+01 3.947695541381835938e+01 8.628735542297363281e+00 4.032698154449462891e+00 1.872786402702331543e+00 6.354969978332519531e+00 3.241651916503906250e+01 -1.255405068397521973e+00 5.999421596527099609e+00 -2.101262509822845459e-01 7.461369037628173828e-02 1.985882949829101562e+01
3.016075491905212402e-01 1.835454344749450684e+00 3.363425827026367188e+01 3.765636062622070312e+01 8.355341911315917969e+00 3.307130336761474609e+00 1.782526850700378418e+00 6.025763034820556641e+00 3.091042137145996094e+01 -1.126791596412658691e+00 5.663109779357910156e+00 -1.555927842855453491e-01 5.509640276432037354e-02 1.985882949829101562e+01
3.079382479190826416e-01 1.802565336227416992e+00 3.351832962036132812e+01 3.795352172851562500e+01 1.003645896911621094e+01 3.676433801651000977e+00 1.750484585762023926e+00 5.931394577026367188e+00 3.074238586425781250e+01 -1.004784464836120605e+00 5.584773540496826172e+00 -1.258904337882995605e-01 4.608370363712310791e-02 1.985882949829101562e+01
3.142760396003723145e-01 1.756445407867431641e+00 3.294292068481445312e+01 3.715811157226562500e+01 9.732257843017578125e+00 2.590853691101074219e+00 1.705658555030822754e+00 5.805685520172119141e+00 3.000287628173828125e+01 -1.121326327323913574e+00 5.399682521820068359e+00 -1.444747895002365112e-01 4.086807370185852051e-02 1.985882949829101562e+01
3.205462992191314697e-01 1.706658482551574707e+00 3.250363540649414062e+01 3.656044769287109375e+01 8.989571571350097656e+00 3.526521205902099609e+00 1.657216787338256836e+00 5.599126815795898438e+00 2.936382484436035156e+01 -1.230214476585388184e+00 5.157812595367431641e+00 -1.783596277236938477e-01 5.377075448632240295e-02 1.985882949829101562e+01
3.268128037452697754e-01 1.671913623809814453e+00 3.229167938232421875e+01 3.583906936645507812e+01 8.766636848449707031e+00 1.816021084785461426e+00 1.623453974723815918e+00 5.534639835357666016e+00 2.874475669860839844e+01 -1.214339256286621094e+00 5.053901672363281250e+00 -1.586670130491256714e-01 4.532631114125251770e-02 1.985882949829101562e+01
3.331238031387329102e-01 1.633996605873107910e+00 3.178964996337890625e+01 3.606777954101562500e+01 9.876435279846191406e+00 3.103012084960937500e+00 1.586619019508361816e+00 5.424945354461669922e+00 2.847678565979003906e+01 -1.228685259819030762e+00 4.968244552612304688e+00 -1.623961627483367920e-01 5.076996609568595886e-02 1.985882949829101562e+01
3.394046723842620850e-01 1.627060055732727051e+00 3.217924118041992188e+01 3.569553756713867188e+01 7.859567642211914062e+00 3.776345252990722656e+00 1.579868555068969727e+00 5.420467376708984375e+00 2.842849540710449219e+01 -1.491233587265014648e+00 4.909260749816894531e+00 -2.103862166404724121e-01 6.779699772596359253e-02 1.985882949829101562e+01
3.456391692161560059e-01 1.571044445037841797e+00 3.170156288146972656e+01 3.507580947875976562e+01 6.460100173950195312e+00 1.025066018104553223e+00 1.525377392768859863e+00 5.237244129180908203e+00 2.782872390747070312e+01 -1.644379496574401855e+00 4.684937953948974609e+00 -2.604775726795196533e-01 4.864985868334770203e-02 1.985882949829101562e+01
3.518808186054229736e-01 1.558932423591613770e+00 3.143180656433105469e+01 3.445017242431640625e+01 7.035363674163818359e+00 5.610040664672851562e+00 1.513571739196777344e+00 5.178053855895996094e+00 2.714595603942871094e+01 -1.647165417671203613e+00 4.562462806701660156e+00 -2.541868686676025391e-01 1.024091243743896484e-01 1.985882949829101562e+01
3.582032322883605957e-01 1.525776028633117676e+00 3.121547126770019531e+01 3.476210403442382812e+01 7.559904098510742188e+00 4.649285793304443359e+00 1.481288433074951172e+00 5.071349143981933594e+00 2.697831153869628906e+01 -1.680608391761779785e+00 4.509394168853759766e+00 -2.323907166719436646e-01 8.111899346113204956e-02 1.985882949829101562e+01
3.645117878913879395e-01 1.525364279747009277e+00 3.111763763427734375e+01 3.467649841308593750e+01 8.597919464111328125e+00 5.595655918121337891e+00 1.480921983718872070e+00 5.070135593414306641e+00 2.678730773925781250e+01 -1.571087956428527832e+00 4.452443599700927734e+00 -2.490017414093017578e-01 8.609678596258163452e-02 1.985882949829101562e+01
3.707640767097473145e-01 1.507090568542480469e+00 3.145223617553710938e+01 3.448372650146484375e+01 6.202924728393554688e+00 5.900631904602050781e+00 1.463128447532653809e+00 5.044904708862304688e+00 2.663321113586425781e+01 -1.953960180282592773e+00 4.364528179168701172e+00 -2.785162627696990967e-01 1.148875430226325989e-01 1.985882949829101562e+01
3.770540952682495117e-01 1.501102805137634277e+00 3.167135810852050781e+01 3.496129226684570312e+01 7.302127838134765625e+00 8.137258529663085938e+00 1.457248091697692871e+00 5.045011520385742188e+00 2.677260398864746094e+01 -2.026300668716430664e+00 4.340661048889160156e+00 -2.954080104827880859e-01 1.272377371788024902e-01 1.985882949829101562e+01
3.833588361740112305e-01 1.501051545143127441e+00 3.191785240173339844e+01 3.473052597045898438e+01 6.452274322509765625e+00 1.008748531341552734e+01 1.457181572914123535e+00 5.051163196563720703e+00 2.654167366027832031e+01 -2.247925043106079102e+00 4.293885231018066406e+00 -3.187850117683410645e-01 1.559085994958877563e-01 1.985882949829101562e+01
3.896513879299163818e-01 1.488919019699096680e+00 3.205897521972656250e+01 3.524712371826171875e+01 7.790555477142333984e+00 1.337896347045898438e+01 1.445372104644775391e+00 5.001134395599365234e+00 2.665765762329101562e+01 -2.121373891830444336e+00 4.259566783905029297e+00 -2.719273865222930908e-01 1.947880089282989502e-01 1.985882949829101562e+01
3.958770036697387695e-01 1.504323959350585938e+00 3.237290573120117188e+01 3.556597900390625000e+01 7.974036216735839844e+00 1.449555873870849609e+01 1.460252523422241211e+00 5.025005817413330078e+00 2.658631515502929688e+01 -2.301161289215087891e+00 4.223611354827880859e+00 -3.161112070083618164e-01 1.854334324598312378e-01 1.985882949829101562e+01
4.021010994911193848e-01 1.526855111122131348e+00 3.355872344970703125e+01 3.669213867187500000e+01 6.900082111358642578e+00 1.539810562133789062e+01 1.482154488563537598e+00 5.170393943786621094e+00 2.744902420043945312e+01 -2.668402910232543945e+00 4.283087730407714844e+00 -3.966978192329406738e-01 2.071764916181564331e-01 1.985882949829101562e+01
