# k, P_{cc}, P_{hh,r}, P_{hh,0}, P_{hh,2}, P_{hh,4}, P_{cm}, P_{hc,r}, P_{hc,0}, P_{hc,2}, P_{hc,4}, P_pSN
#  Realization 149
8.018244989216327667e-03 4.753087997436523438e+01 3.698272399902343750e+02 4.462648620605468750e+02 5.784446716308593750e+01 -5.024383239746093750e+02 4.729306793212890625e+01 1.301439514160156250e+02 4.051792907714843750e+02 -1.948226839303970337e-01 1.427276611328125000e+02 -9.956683516502380371e-01 -1.493004798889160156e+01 1.979719734191894531e+01
1.401655934751033783e-02 4.071678161621093750e+01 2.980840759277343750e+02 3.643483886718750000e+02 1.070516586303710938e+02 -2.764649391174316406e+01 4.036649703979492188e+01 1.078728485107421875e+02 3.282296752929687500e+02 6.392437934875488281e+00 1.193620529174804688e+02 2.756548404693603516e+00 -1.491455316543579102e+00 1.979719734191894531e+01
1.969251595437526703e-02 4.069179916381835938e+01 3.025497131347656250e+02 3.635698852539062500e+02 2.419559097290039062e+01 1.737496972084045410e+00 4.023686218261718750e+01 1.080699539184570312e+02 3.303495483398437500e+02 -7.869298934936523438e+00 1.187056961059570312e+02 -2.246993064880371094e+00 1.051485538482666016e+00 1.979719734191894531e+01
2.551339380443096161e-02 4.048991012573242188e+01 3.064903564453125000e+02 3.604530029296875000e+02 -7.919719696044921875e+01 -1.573199157714843750e+02 3.994592666625976562e+01 1.091258850097656250e+02 3.313257141113281250e+02 -2.419368743896484375e+01 1.184876861572265625e+02 -8.265901565551757812e+00 -5.111911773681640625e+00 1.979719734191894531e+01
3.202908113598823547e-02 3.232157135009765625e+01 2.502782287597656250e+02 3.004811401367187500e+02 4.446294403076171875e+01 -2.602561187744140625e+01 3.181932830810546875e+01 8.744959259033203125e+01 2.731498107910156250e+02 -1.374464631080627441e+00 9.589489746093750000e+01 -5.795848369598388672e-01 -1.126963973045349121e+00 1.979719734191894531e+01
3.846523538231849670e-02 2.482991981506347656e+01 1.920633697509765625e+02 2.294496154785156250e+02 3.198547363281250000e+01 8.568087577819824219e+00 2.440121269226074219e+01 6.625351715087890625e+01 2.089288330078125000e+02 -2.033642768859863281e+00 7.264769744873046875e+01 -1.352075785398483276e-01 7.766392827033996582e-01 1.979719734191894531e+01
4.443310573697090149e-02 2.299420356750488281e+01 1.872541503906250000e+02 2.257447662353515625e+02 7.842874145507812500e+01 -2.711565589904785156e+01 2.256589317321777344e+01 6.272854995727539062e+01 2.046343231201171875e+02 7.001081466674804688e+00 6.899391174316406250e+01 2.539911508560180664e+00 -1.074912309646606445e+00 1.979719734191894531e+01
5.042308941483497620e-02 2.200469207763671875e+01 1.804761047363281250e+02 2.152464599609375000e+02 5.166484451293945312e+01 2.317851638793945312e+01 2.157150840759277344e+01 6.020903778076171875e+01 1.960603637695312500e+02 2.328076839447021484e+00 6.583817291259765625e+01 7.641449570655822754e-01 3.885441422462463379e-01 1.979719734191894531e+01
5.690929666161537170e-02 1.908139228820800781e+01 1.568452453613281250e+02 1.894996948242187500e+02 8.215573883056640625e+01 -3.886120986938476562e+01 1.868654823303222656e+01 5.200461959838867188e+01 1.713714904785156250e+02 8.864876747131347656e+00 5.713117218017578125e+01 2.718931674957275391e+00 -1.458359360694885254e+00 1.979719734191894531e+01
6.341847032308578491e-02 1.775077056884765625e+01 1.450739440917968750e+02 1.715547332763671875e+02 4.165460968017578125e+01 3.743985891342163086e-01 1.736781692504882812e+01 4.810467147827148438e+01 1.567418670654296875e+02 2.396675586700439453e+00 5.229285049438476562e+01 7.797714471817016602e-01 -2.455922663211822510e-01 1.979719734191894531e+01
6.949992477893829346e-02 1.758751106262207031e+01 1.485989227294921875e+02 1.762556915283203125e+02 3.774266433715820312e+01 5.755286216735839844e+00 1.719667243957519531e+01 4.856452560424804688e+01 1.606307067871093750e+02 1.133746623992919922e+00 5.275012969970703125e+01 5.505732297897338867e-01 3.151228725910186768e-01 1.979719734191894531e+01
7.558133453130722046e-02 1.388826560974121094e+01 1.210056610107421875e+02 1.448693542480468750e+02 4.864540863037109375e+01 -2.008029937744140625e+00 1.356992530822753906e+01 3.834735488891601562e+01 1.312360992431640625e+02 4.133961677551269531e+00 4.193519973754882812e+01 1.178753376007080078e+00 1.442711055278778076e-01 1.979719734191894531e+01
8.196274191141128540e-02 1.295873641967773438e+01 1.161451721191406250e+02 1.364177856445312500e+02 2.878119659423828125e+01 2.604039001464843750e+01 1.265472507476806641e+01 3.617053604125976562e+01 1.246269607543945312e+02 7.061755061149597168e-01 3.909589385986328125e+01 4.420815408229827881e-01 8.755856752395629883e-01 1.979719734191894531e+01
8.830232173204421997e-02 1.163233470916748047e+01 1.042112350463867188e+02 1.236631851196289062e+02 3.876268768310546875e+01 1.404845428466796875e+01 1.135422801971435547e+01 3.234537887573242188e+01 1.121769409179687500e+02 2.760334968566894531e+00 3.508015823364257812e+01 1.060950875282287598e+00 2.892885804176330566e-01 1.979719734191894531e+01
9.435217082500457764e-02 9.988577842712402344e+00 9.240385437011718750e+01 1.083336563110351562e+02 2.664989852905273438e+01 1.002408123016357422e+01 9.745114326477050781e+00 2.780632972717285156e+01 9.869868469238281250e+01 1.280856728553771973e+00 2.997119712829589844e+01 6.987026929855346680e-01 1.893142312765121460e-01 1.979719734191894531e+01
1.005600690841674805e-01 9.465588569641113281e+00 8.884162139892578125e+01 1.053115615844726562e+02 2.650312232971191406e+01 -1.213071727752685547e+01 9.231084823608398438e+00 2.648660087585449219e+01 9.532930755615234375e+01 1.113474607467651367e+00 2.872162055969238281e+01 4.050942361354827881e-01 -4.282292723655700684e-01 1.979719734191894531e+01
1.070138886570930481e-01 8.626076698303222656e+00 8.495130920410156250e+01 1.010679016113281250e+02 3.903915405273437500e+01 -1.009138226509094238e-01 8.409103393554687500e+00 2.453097343444824219e+01 9.113193511962890625e+01 3.427306175231933594e+00 2.660253524780273438e+01 1.117493867874145508e+00 -2.628980576992034912e-02 1.979719734191894531e+01
1.134273484349250793e-01 7.730266571044921875e+00 7.536476898193359375e+01 8.950505065917968750e+01 2.546397972106933594e+01 3.617851972579956055e+00 7.533487796783447266e+00 2.176705741882324219e+01 8.056040191650390625e+01 1.352161169052124023e+00 2.346014213562011719e+01 3.929714858531951904e-01 5.532340705394744873e-02 1.979719734191894531e+01
1.196089535951614380e-01 7.436961174011230469e+00 7.562084197998046875e+01 8.961244964599609375e+01 3.380615997314453125e+01 9.976562500000000000e+00 7.245454788208007812e+00 2.122370910644531250e+01 8.058434295654296875e+01 2.705550432205200195e+00 2.286264419555664062e+01 9.307162761688232422e-01 1.402513235807418823e-01 1.979719734191894531e+01
1.257804334163665771e-01 7.174202442169189453e+00 7.377090454101562500e+01 8.720815277099609375e+01 3.071659469604492188e+01 2.388913393020629883e+00 6.987929344177246094e+00 2.056232643127441406e+01 7.829101562500000000e+01 2.284621238708496094e+00 2.205381965637207031e+01 7.849072217941284180e-01 -7.980052381753921509e-02 1.979719734191894531e+01
1.321490257978439331e-01 6.935519695281982422e+00 7.150795745849609375e+01 8.495733642578125000e+01 3.257812500000000000e+01 -1.627207040786743164e+00 6.753689289093017578e+00 1.984518814086914062e+01 7.591942596435546875e+01 2.475672006607055664e+00 2.123392677307128906e+01 8.521958589553833008e-01 -1.022018939256668091e-01 1.979719734191894531e+01
1.384563297033309937e-01 6.282932281494140625e+00 6.689786529541015625e+01 7.812233734130859375e+01 1.880894470214843750e+01 2.395190000534057617e+00 6.116815567016601562e+00 1.812430381774902344e+01 7.013890838623046875e+01 1.772821545600891113e-01 1.924762725830078125e+01 2.592355906963348389e-01 -5.848001316189765930e-02 1.979719734191894531e+01
1.446497291326522827e-01 5.829351425170898438e+00 6.399829864501953125e+01 7.482522583007812500e+01 2.107087135314941406e+01 -3.660652399063110352e+00 5.674327373504638672e+00 1.697801971435546875e+01 6.714125061035156250e+01 8.485195636749267578e-01 1.799821090698242188e+01 2.619786560535430908e-01 -1.455110311508178711e-01 1.979719734191894531e+01
1.508535146713256836e-01 5.432860851287841797e+00 6.048729705810546875e+01 7.060119628906250000e+01 2.328603553771972656e+01 1.203340911865234375e+01 5.287350654602050781e+00 1.573528003692626953e+01 6.314342880249023438e+01 1.226110458374023438e+00 1.658072471618652344e+01 3.941964507102966309e-01 3.455401659011840820e-01 1.979719734191894531e+01
1.571729034185409546e-01 4.921082973480224609e+00 5.838114929199218750e+01 6.750717163085937500e+01 1.827131843566894531e+01 1.539242625236511230e+00 4.788325786590576172e+00 1.459886646270751953e+01 6.052482986450195312e+01 7.382199168205261230e-01 1.531258392333984375e+01 2.902747690677642822e-01 -1.272964384406805038e-02 1.979719734191894531e+01
1.635417938232421875e-01 4.604557037353515625e+00 5.586631393432617188e+01 6.525922393798828125e+01 1.914782142639160156e+01 -2.822861194610595703e+00 4.479523658752441406e+00 1.374540328979492188e+01 5.797237396240234375e+01 7.658656239509582520e-01 1.441024971008300781e+01 2.230149507522583008e-01 -1.091756895184516907e-01 1.979719734191894531e+01
1.698256134986877441e-01 4.476702213287353516e+00 5.439911270141601562e+01 6.309819030761718750e+01 2.012549209594726562e+01 2.034942626953125000e+00 4.354655742645263672e+00 1.337031364440917969e+01 5.621935272216796875e+01 1.174535632133483887e+00 1.398513126373291016e+01 2.849742472171783447e-01 5.337818711996078491e-02 1.979719734191894531e+01
1.761013567447662354e-01 4.193271636962890625e+00 5.222668457031250000e+01 6.044857025146484375e+01 1.472343444824218750e+01 -4.440533161163330078e+00 4.078434467315673828e+00 1.258429336547851562e+01 5.370411682128906250e+01 1.394516229629516602e-01 1.315400505065917969e+01 1.108634844422340393e-01 -8.095684647560119629e-02 1.979719734191894531e+01
1.823998540639877319e-01 3.964211940765380859e+00 5.028985214233398438e+01 5.915685272216796875e+01 2.346943855285644531e+01 3.342384099960327148e+00 3.854970216751098633e+00 1.187195873260498047e+01 5.182006835937500000e+01 1.414337158203125000e+00 1.238690185546875000e+01 4.533427357673645020e-01 5.816267430782318115e-02 1.979719734191894531e+01
1.886507123708724976e-01 3.869796514511108398e+00 5.002247238159179688e+01 5.832218933105468750e+01 1.980205726623535156e+01 2.007339477539062500e+00 3.762856960296630859e+00 1.170087432861328125e+01 5.133678817749023438e+01 8.767566084861755371e-01 1.211638927459716797e+01 2.378361523151397705e-01 -2.269963175058364868e-02 1.979719734191894531e+01
1.949081569910049438e-01 3.538750410079956055e+00 4.695953369140625000e+01 5.443525314331054688e+01 1.613025856018066406e+01 6.958058834075927734e+00 3.440522193908691406e+00 1.077632904052734375e+01 4.769610214233398438e+01 1.902813166379928589e-01 1.107365417480468750e+01 5.104472860693931580e-02 9.540197998285293579e-02 1.979719734191894531e+01
2.011425346136093140e-01 3.499735832214355469e+00 4.697143936157226562e+01 5.407129669189453125e+01 1.476625251770019531e+01 2.946313917636871338e-01 3.402572393417358398e+00 1.066765594482421875e+01 4.744345474243164062e+01 7.466188818216323853e-02 1.094970703125000000e+01 6.400965154170989990e-02 -5.890292674303054810e-02 1.979719734191894531e+01
2.073954045772552490e-01 3.322787523269653320e+00 4.588313674926757812e+01 5.272561645507812500e+01 1.514479732513427734e+01 -4.036740660667419434e-01 3.229932785034179688e+00 1.024038505554199219e+01 4.609978866577148438e+01 1.677765399217605591e-01 1.045634841918945312e+01 8.579017966985702515e-02 -5.839404091238975525e-02 1.979719734191894531e+01
2.137389332056045532e-01 3.084891319274902344e+00 4.262407684326171875e+01 4.965542221069335938e+01 1.413193798065185547e+01 1.382433891296386719e+00 2.998520135879516602e+00 9.367108345031738281e+00 4.293360519409179688e+01 -6.111604720354080200e-02 9.555817604064941406e+00 1.068953075446188450e-03 -1.529187802225351334e-02 1.979719734191894531e+01
2.200330942869186401e-01 2.970883607864379883e+00 4.259090042114257812e+01 4.887311172485351562e+01 1.300872516632080078e+01 1.598938584327697754e+00 2.887468338012695312e+00 9.193845748901367188e+00 4.237520599365234375e+01 -2.023273855447769165e-01 9.284857749938964844e+00 -2.619915455579757690e-02 -1.233674865216016769e-02 1.979719734191894531e+01
2.262930423021316528e-01 2.829482555389404297e+00 4.169077301025390625e+01 4.781954193115234375e+01 1.413623332977294922e+01 1.559715986251831055e+00 2.749805450439453125e+00 8.817873954772949219e+00 4.126480102539062500e+01 2.261195518076419830e-02 8.907341957092285156e+00 7.833538204431533813e-02 5.081776157021522522e-02 1.979719734191894531e+01
2.325985133647918701e-01 2.711660861968994141e+00 4.016661834716796875e+01 4.643296051025390625e+01 1.167997264862060547e+01 1.977886676788330078e+00 2.635148048400878906e+00 8.424966812133789062e+00 3.977561569213867188e+01 -4.247219860553741455e-01 8.507034301757812500e+00 -3.963356465101242065e-02 7.856533676385879517e-02 1.979719734191894531e+01
2.388891130685806274e-01 2.550575733184814453e+00 3.980509185791015625e+01 4.573698043823242188e+01 1.248465061187744141e+01 3.290540218353271484e+00 2.478358268737792969e+00 8.101123809814453125e+00 3.920427322387695312e+01 -2.932246923446655273e-01 8.145803451538085938e+00 1.381596084684133530e-02 5.219340324401855469e-02 1.979719734191894531e+01
2.451218813657760620e-01 2.492206096649169922e+00 3.917854309082031250e+01 4.481852722167968750e+01 1.373526191711425781e+01 2.941611766815185547e+00 2.421543836593627930e+00 7.910505771636962891e+00 3.811709594726562500e+01 -1.850637793540954590e-01 7.862594604492187500e+00 3.172642365097999573e-02 8.324556984007358551e-03 1.979719734191894531e+01
2.513737380504608154e-01 2.430060148239135742e+00 3.926864242553710938e+01 4.456364440917968750e+01 1.096996879577636719e+01 1.022659301757812500e+00 2.360948801040649414e+00 7.819037437438964844e+00 3.816302871704101562e+01 -5.147430300712585449e-01 7.737369060516357422e+00 -6.007491052150726318e-02 -4.847315605729818344e-03 1.979719734191894531e+01
2.577070593833923340e-01 2.353640079498291016e+00 3.779976654052734375e+01 4.341718292236328125e+01 1.161509704589843750e+01 1.859764575958251953e+00 2.286578178405761719e+00 7.455042362213134766e+00 3.670489883422851562e+01 -5.001524686813354492e-01 7.368607997894287109e+00 -4.320606216788291931e-02 2.720786258578300476e-02 1.979719734191894531e+01
2.640204429626464844e-01 2.267343521118164062e+00 3.700580215454101562e+01 4.180074691772460938e+01 1.110445308685302734e+01 2.636527299880981445e+00 2.202580690383911133e+00 7.246990203857421875e+00 3.532897567749023438e+01 -5.726433396339416504e-01 7.058039665222167969e+00 -6.157123669981956482e-02 4.678561165928840637e-02 1.979719734191894531e+01
2.702898085117340088e-01 2.199640035629272461e+00 3.691090011596679688e+01 4.220915603637695312e+01 1.303445243835449219e+01 7.568643093109130859e-01 2.136759281158447266e+00 7.076353549957275391e+00 3.541553878784179688e+01 -2.096103578805923462e-01 6.925064563751220703e+00 3.277723491191864014e-02 2.117927931249141693e-02 1.979719734191894531e+01
2.765615284442901611e-01 2.105975151062011719e+00 3.644314193725585938e+01 4.110176849365234375e+01 9.376046180725097656e+00 3.836615324020385742e+00 2.045676946640014648e+00 6.845819950103759766e+00 3.455702590942382812e+01 -8.680849671363830566e-01 6.613059520721435547e+00 -1.495093554258346558e-01 6.046471744775772095e-02 1.979719734191894531e+01
2.828698754310607910e-01 2.025588750839233398e+00 3.623247146606445312e+01 4.099662780761718750e+01 9.705092430114746094e+00 -1.183373406529426575e-01 1.967383980751037598e+00 6.683584213256835938e+00 3.419786453247070312e+01 -8.028633594512939453e-01 6.432541847229003906e+00 -1.199017912149429321e-01 -5.248520523309707642e-03 1.979719734191894531e+01
2.891486585140228271e-01 1.975558400154113770e+00 3.500911331176757812e+01 3.978001403808593750e+01 1.106850814819335938e+01 4.101550579071044922e+00 1.918767094612121582e+00 6.456735134124755859e+00 3.280838012695312500e+01 -8.038596510887145996e-01 6.168767452239990234e+00 -1.214339882135391235e-01 5.392085388302803040e-02 1.979719734191894531e+01
2.953523397445678711e-01 1.909291386604309082e+00 3.427885055541992188e+01 3.887624740600585938e+01 1.098200321197509766e+01 1.689203023910522461e+00 1.854397535324096680e+00 6.249195575714111328e+00 3.192355728149414062e+01 -7.468925118446350098e-01 5.935569763183593750e+00 -1.068596541881561279e-01 1.419310458004474640e-02 1.979719734191894531e+01
3.016075491905212402e-01 1.852186203002929688e+00 3.397409820556640625e+01 3.820761871337890625e+01 9.538944244384765625e+00 9.365214109420776367e-01 1.798873305320739746e+00 6.079168796539306641e+00 3.136365509033203125e+01 -8.796690106391906738e-01 5.746033191680908203e+00 -9.074153006076812744e-02 4.739620164036750793e-02 1.979719734191894531e+01
3.079382479190826416e-01 1.824535369873046875e+00 3.328539276123046875e+01 3.780918121337890625e+01 9.572845458984375000e+00 4.881802082061767578e+00 1.771837592124938965e+00 5.923377513885498047e+00 3.070166206359863281e+01 -1.094518065452575684e+00 5.554240703582763672e+00 -1.598702222108840942e-01 7.236485183238983154e-02 1.979719734191894531e+01
3.142760396003723145e-01 1.763851642608642578e+00 3.291350555419921875e+01 3.698625183105468750e+01 8.842236518859863281e+00 2.105425119400024414e+00 1.712862491607666016e+00 5.797415256500244141e+00 3.005490684509277344e+01 -1.046154022216796875e+00 5.374086380004882812e+00 -1.384354084730148315e-01 5.206205695867538452e-02 1.979719734191894531e+01
3.205462992191314697e-01 1.716287255287170410e+00 3.253071975708007812e+01 3.629046630859375000e+01 8.674808502197265625e+00 2.652842760086059570e+00 1.666632175445556641e+00 5.639031410217285156e+00 2.942968940734863281e+01 -1.080748438835144043e+00 5.211912631988525391e+00 -1.270873844623565674e-01 7.356701046228408813e-02 1.979719734191894531e+01
3.268128037452697754e-01 1.665691733360290527e+00 3.253213119506835938e+01 3.621698760986328125e+01 8.657379150390625000e+00 4.007410049438476562e+00 1.617431282997131348e+00 5.550451278686523438e+00 2.923783302307128906e+01 -1.245251536369323730e+00 5.062051296234130859e+00 -1.692558228969573975e-01 6.648564338684082031e-02 1.979719734191894531e+01
3.331238031387329102e-01 1.643975496292114258e+00 3.211352920532226562e+01 3.599227523803710938e+01 8.491346359252929688e+00 3.536510467529296875e+00 1.596274137496948242e+00 5.448219299316406250e+00 2.874414825439453125e+01 -1.254537224769592285e+00 4.967919826507568359e+00 -1.731974184513092041e-01 6.914775818586349487e-02 1.979719734191894531e+01
3.394046723842620850e-01 1.629451155662536621e+00 3.211354064941406250e+01 3.590118026733398438e+01 8.427392959594726562e+00 2.329341650009155273e+00 1.582046985626220703e+00 5.416040897369384766e+00 2.852866363525390625e+01 -1.349902868270874023e+00 4.914178371429443359e+00 -1.892720758914947510e-01 5.406282842159271240e-02 1.979719734191894531e+01
3.456391692161560059e-01 1.587157845497131348e+00 3.178575325012207031e+01 3.542748641967773438e+01 8.353469848632812500e+00 4.476179122924804688e+00 1.541022896766662598e+00 5.283778190612792969e+00 2.797259330749511719e+01 -1.421753287315368652e+00 4.757511615753173828e+00 -2.336526066064834595e-01 8.237697929143905640e-02 1.979719734191894531e+01
3.518808186054229736e-01 1.564507842063903809e+00 3.130558204650878906e+01 3.470373535156250000e+01 7.642485141754150391e+00 4.302082061767578125e+00 1.519009470939636230e+00 5.203695774078369141e+00 2.732023239135742188e+01 -1.508248329162597656e+00 4.631263256072998047e+00 -2.278600633144378662e-01 8.883557468652725220e-02 1.979719734191894531e+01
3.582032322883605957e-01 1.560181140899658203e+00 3.161250495910644531e+01 3.514296722412109375e+01 7.669324874877929688e+00 5.586404323577880859e+00 1.514724850654602051e+00 5.195361614227294922e+00 2.740548324584960938e+01 -1.683644652366638184e+00 4.596484661102294922e+00 -2.541254758834838867e-01 8.687357604503631592e-02 1.979719734191894531e+01
3.645117878913879395e-01 1.515970468521118164e+00 3.117913818359375000e+01 3.461432266235351562e+01 8.597336769104003906e+00 6.125580310821533203e+00 1.471777915954589844e+00 5.039350986480712891e+00 2.683614540100097656e+01 -1.572860717773437500e+00 4.426934242248535156e+00 -2.276833653450012207e-01 1.041316688060760498e-01 1.979719734191894531e+01
3.707640767097473145e-01 1.522950172424316406e+00 3.164209556579589844e+01 3.511824417114257812e+01 9.359749794006347656e+00 7.452102184295654297e+00 1.478506207466125488e+00 5.094335556030273438e+00 2.708391952514648438e+01 -1.564717292785644531e+00 4.413774013519287109e+00 -2.465294003486633301e-01 1.090327799320220947e-01 1.979719734191894531e+01
3.770540952682495117e-01 1.512403249740600586e+00 3.151898193359375000e+01 3.482088470458984375e+01 7.559836387634277344e+00 8.668620109558105469e+00 1.468218922615051270e+00 5.031377315521240234e+00 2.668230056762695312e+01 -1.968889474868774414e+00 4.355992317199707031e+00 -2.669193446636199951e-01 1.376840919256210327e-01 1.979719734191894531e+01
3.833588361740112305e-01 1.518215060234069824e+00 3.169327163696289062e+01 3.503247833251953125e+01 7.294966220855712891e+00 1.067838382720947266e+01 1.473834872245788574e+00 5.051877975463867188e+00 2.667183303833007812e+01 -2.081424474716186523e+00 4.340400695800781250e+00 -3.069834709167480469e-01 1.309819668531417847e-01 1.979719734191894531e+01
3.896513879299163818e-01 1.511541724205017090e+00 3.186671447753906250e+01 3.554352951049804688e+01 8.313117980957031250e+00 1.345076274871826172e+01 1.467380404472351074e+00 5.015099525451660156e+00 2.671142768859863281e+01 -2.174051523208618164e+00 4.258765697479248047e+00 -3.151193857192993164e-01 1.842073351144790649e-01 1.979719734191894531e+01
3.958770036697387695e-01 1.517758727073669434e+00 3.264467239379882812e+01 3.575743865966796875e+01 6.764020919799804688e+00 1.480442714691162109e+01 1.473309516906738281e+00 5.098600864410400391e+00 2.700196075439453125e+01 -2.408540964126586914e+00 4.285816669464111328e+00 -3.636400401592254639e-01 2.008891105651855469e-01 1.979719734191894531e+01
4.021010994911193848e-01 1.543203830718994141e+00 3.349886322021484375e+01 3.678094482421875000e+01 7.456202507019042969e+00 1.702690696716308594e+01 1.497939467430114746e+00 5.206901073455810547e+00 2.751749610900878906e+01 -2.614640235900878906e+00 4.357243537902832031e+00 -3.596384823322296143e-01 2.214970737695693970e-01 1.979719734191894531e+01
